nan
nan
nan
nan
nan
nan
nan
nan
nan
nan
nan
nan
nan
nan
nan
nan
nan
nan
nan
nan
nan
nan
nan
nan
nan
nan
nan
nan
nan
nan
nan
nan
nan
nan
nan
nan
nan
nan
nan
nan
nan
nan
nan
nan
nan
nan
nan
nan
nan
nan
nan
nan
nan
nan
nan
nan
nan
nan
nan
nan
nan
nan
nan
nan
nan
nan
nan
nan
nan
nan
nan
nan
nan
nan
nan
nan
nan
nan
nan
nan
nan
nan
nan
nan
nan
nan
nan
nan
nan
nan
nan
nan
nan
nan
nan
nan
nan
nan
nan
nan
nan
nan
nan
nan
nan
nan
nan
nan
nan
nan
nan
nan
nan
3.433210880921410357e+00
4.157626358277843437e+00
4.899547048377863590e+00
5.587235648536946542e+00
6.272666241327526926e+00
6.972156973238267774e+00
7.642595011413805928e+00
8.291534073351439105e+00
8.913254401981308916e+00
9.537501509249441511e+00
1.016586863958781173e+01
1.080587836122261258e+01
1.143755719641685786e+01
1.205661022076901290e+01
1.265483669689803570e+01
1.325741850573572300e+01
1.384884300935969392e+01
1.443769031547887849e+01
1.503751514357751340e+01
1.561613704767293243e+01
1.619359072613459460e+01
1.674203643314333334e+01
1.729174495789720467e+01
1.784846870260687268e+01
1.837702117702103521e+01
1.890009626610579829e+01
1.943910118894217476e+01
1.996824570876389160e+01
2.048894200576601321e+01
2.098730120247308406e+01
2.147146449511343036e+01
2.197602383990885500e+01
2.248076747756535454e+01
2.297634396908580712e+01
2.346499378324316254e+01
2.394924075249348405e+01
2.441118546766222153e+01
2.487007788381221829e+01
2.533498291383265766e+01
2.578567218256579707e+01
2.625666390995430177e+01
2.668082307221387239e+01
2.712079727116641692e+01
2.753203202200615962e+01
2.792368069153183185e+01
2.831795180687889157e+01
2.871824929852669328e+01
2.910709319883369517e+01
2.946614026178520618e+01
2.982414416529665147e+01
3.017923310574671092e+01
3.052358475094390045e+01
3.084651178177857744e+01
3.117965606206878348e+01
3.149623069314756663e+01
3.179904924851554071e+01
3.209979268028280330e+01
3.241749896928415353e+01
3.272087025961848639e+01
3.301278862504944556e+01
3.330514146461291602e+01
3.357675286884414589e+01
3.384256270517104070e+01
3.412695104867484019e+01
3.437195659139381831e+01
3.461992650133774418e+01
3.488295988411611148e+01
3.511708915813166954e+01
3.535436523422909261e+01
3.562523083644325084e+01
3.590100679330373623e+01
3.607969477560238403e+01
3.624449726793690019e+01
3.641288734531779880e+01
3.657830997481737256e+01
3.675716146184344524e+01
3.693605661753444735e+01
3.710726475455053475e+01
3.728462301284085356e+01
3.744565259204459551e+01
3.762140270726106195e+01
3.777660633004884971e+01
3.793822596685004811e+01
3.809004933088591827e+01
3.821319465598814702e+01
3.832607976957929452e+01
3.843197849304969793e+01
3.852999137530731844e+01
3.861553356765644907e+01
3.869681509350760251e+01
3.879179730478479371e+01
3.888001678270985906e+01
3.895490464565792621e+01
3.902313264088063249e+01
3.909408093341149737e+01
3.915773755687574464e+01
3.920856038089727491e+01
3.927213531194654195e+01
3.933351821739822185e+01
3.939708988285982372e+01
3.944853883899838820e+01
3.947660961843647698e+01
3.950270409804083727e+01
3.952015635599880028e+01
3.953573134410790146e+01
3.955063520246575592e+01
3.956274021386803241e+01
3.955874803981042476e+01
3.954876285271630110e+01
3.953309438458882141e+01
3.950970599811353878e+01
3.948552440419173593e+01
3.945679422614582421e+01
3.942771106467834841e+01
3.939581573902863454e+01
3.936617064128795107e+01
3.933883510529055627e+01
3.930346313246258205e+01
3.926839739021598064e+01
3.921847453229143809e+01
3.916320114922977780e+01
3.911450442894063428e+01
3.906078343598465352e+01
3.900140292596084635e+01
3.894069323727369181e+01
3.886981876686579085e+01
3.879073655792090136e+01
3.870619537627118945e+01
3.862371466164533729e+01
3.853120994471863270e+01
3.843357702989051461e+01
3.833609194149055099e+01
3.823290111872664454e+01
3.813107836972218223e+01
3.802785126611247790e+01
3.792676478612770552e+01
3.781641520444249949e+01
3.771733806378398413e+01
3.760732356557235079e+01
3.750041190296781934e+01
3.739445054970873628e+01
3.728127639624302248e+01
3.718541859930574134e+01
3.708230896985897118e+01
3.697723959138573235e+01
3.686486081634618728e+01
3.674846409410876191e+01
3.662754638934428897e+01
3.649902011616283204e+01
3.636952786388014403e+01
3.623371559740969161e+01
3.609325544280056164e+01
3.595062013914487409e+01
3.579883138229656936e+01
3.565011142068607342e+01
3.549660068943516933e+01
3.533641017826449371e+01
3.517491534453900215e+01
3.501554733399562735e+01
3.485299188467406140e+01
3.469571958005251133e+01
3.453466058318527843e+01
3.437157730506338282e+01
3.420771159000043582e+01
3.403661915496665813e+01
3.386567297371129115e+01
3.369271370247045638e+01
3.352221612997733047e+01
3.334957343994268797e+01
3.317384555142624691e+01
3.299860014106474893e+01
3.282025820808857475e+01
3.264558486165955031e+01
3.246548686704291953e+01
3.228555340824269138e+01
3.210909288542500661e+01
3.192407897801132322e+01
3.174723449508372397e+01
3.156578961305988429e+01
3.138406526493370308e+01
3.120244165788131951e+01
3.101579202796249746e+01
3.083726048930245867e+01
3.065723787913974974e+01
3.047296158301869440e+01
3.028824778071717105e+01
3.010620785558069201e+01
2.992151409106941173e+01
2.973656342990968326e+01
2.955733183360539584e+01
2.937101001989358195e+01
2.918237825824062526e+01
2.899772696411202944e+01
2.880925394471790923e+01
2.862107382627995023e+01
2.843577990767375496e+01
2.824822475551741974e+01
2.806612219656481244e+01
2.787924849477095179e+01
2.769427351919517122e+01
2.751195776879815824e+01
2.732663958882147881e+01
2.714694534720245045e+01
2.696658195838395500e+01
2.679041444112011305e+01
2.661161400496637341e+01
2.643297726482067134e+01
2.626393590742393513e+01
2.608912934147763352e+01
2.591873226246810447e+01
2.575209949779339880e+01
2.558993428541087312e+01
2.542940546403672997e+01
2.526729981820548687e+01
2.511252681430737610e+01
2.495646372409405345e+01
2.480406668483897192e+01
2.465245754185862381e+01
2.450625876851399454e+01
2.435461720303766953e+01
2.421721605583839576e+01
2.407897437643083549e+01
2.394263463632423949e+01
2.380686114185175484e+01
2.367516770308693097e+01
2.354522115368111557e+01
2.341670736782351980e+01
2.329258687136312389e+01
2.316376609147997812e+01
2.303987561673125839e+01
2.292056619395668093e+01
2.280203217806345251e+01
2.268834955354278549e+01
2.257392488162332356e+01
2.246301743999348233e+01
2.235482245620359265e+01
2.224732586409398749e+01
2.214406713704615726e+01
2.204282242627554922e+01
2.193901974015260237e+01
2.184951561849161550e+01
2.175361234426825519e+01
2.166594674297125778e+01
2.157956537346131043e+01
2.148996196999628694e+01
2.141232197501692625e+01
2.133260658797520648e+01
2.125762441022759930e+01
2.118449995776072470e+01
2.111900555717099337e+01
2.105086169698834198e+01
2.098418007708770716e+01
2.092783840308493737e+01
2.086586629248747471e+01
2.081564331523654232e+01
2.076218872286079886e+01
2.071276624666854360e+01
2.066626515632188443e+01
2.062229298307071801e+01
2.058516307404556400e+01
2.054837465389507400e+01
2.051249296900128982e+01
2.048079482585136546e+01
2.044733892032093792e+01
2.041256819734112682e+01
2.038985398046782649e+01
2.036615903607955147e+01
2.034775240302698052e+01
2.033263825214749687e+01
2.031289057644541884e+01
2.029922601212096112e+01
2.028609953997293047e+01
2.028097148180203391e+01
2.027467049387984588e+01
2.027071534941930508e+01
2.027181891762318600e+01
2.027005055026130620e+01
2.027419319202335757e+01
2.027993774787384851e+01
2.028203264921651439e+01
2.030303285348993825e+01
2.031003729233864163e+01
2.032693497116981973e+01
2.034733710934437312e+01
2.036550521037579387e+01
2.039207235757234926e+01
2.041755070299549146e+01
2.044684771131888823e+01
2.047444326317522822e+01
2.050767410504387911e+01
2.054516894366442159e+01
2.058532291767695455e+01
2.062735297944636059e+01
2.066799217248313170e+01
2.071448624232552760e+01
2.076219445423753029e+01
2.081072307796961240e+01
2.086611025314528689e+01
2.091949568583949670e+01
2.097311946400988347e+01
2.103554885296587784e+01
2.109242170532524341e+01
2.115802734205099966e+01
2.122173311667146223e+01
2.128529574397783009e+01
2.135735981686461571e+01
2.142732254360205602e+01
2.149717344455320145e+01
2.157046248135993238e+01
2.164545618247647951e+01
2.172309619358824051e+01
2.180004321841617099e+01
2.187987349277180016e+01
2.195615344014681369e+01
2.203792870702554652e+01
2.212186466746959468e+01
2.220325846465955522e+01
2.229055538706250417e+01
2.238136532767988740e+01
2.246425176708634908e+01
2.255288692878670176e+01
2.264042780487097417e+01
2.273140639260580542e+01
2.282146641843760193e+01
2.291359179027308812e+01
2.300330583238984161e+01
2.309558341637162471e+01
2.318866137028481234e+01
2.328100109399133544e+01
2.337297472202163462e+01
2.347075728610842660e+01
2.356473239555483801e+01
2.366037837371198549e+01
2.375463429733407494e+01
2.384505023470374141e+01
2.394303958137300725e+01
2.403558827450039104e+01
2.413163396997915200e+01
2.422479644854939806e+01
2.432156393289593410e+01
2.441617991156302026e+01
2.451033923525590552e+01
2.460495349903690254e+01
2.469846241724840397e+01
2.479551980792421872e+01
2.488589712724582981e+01
2.497603246415893707e+01
2.507054672815043972e+01
2.516454048449851300e+01
2.525288730744143351e+01
2.534428872879874106e+01
2.543078982605016591e+01
2.552115732980176688e+01
2.560746873489901532e+01
2.569725543962729120e+01
2.578621530300673115e+01
2.587117583789240527e+01
2.595365777599911183e+01
2.604218989800170192e+01
2.612787313404026079e+01
2.620924723285570579e+01
2.629523433036077762e+01
2.637693328038094975e+01
2.645769826222316823e+01
2.653770772240114439e+01
2.661669406205482602e+01
2.669129744299134543e+01
2.676874375668124273e+01
2.684339931809475388e+01
2.691523903889413916e+01
2.698916247302060611e+01
2.706194680421170773e+01
2.713344767103542310e+01
2.720262782112191147e+01
2.727165810174951233e+01
2.734028605458874495e+01
2.740774902558789705e+01
2.747719581549358026e+01
2.754179510786141805e+01
2.760116141940021706e+01
2.766302197967022636e+01
2.772499905533690168e+01
2.778581489228563584e+01
2.784289276814631009e+01
2.789792247978443740e+01
2.795530218235232311e+01
2.800792705756215994e+01
2.806362879042384151e+01
2.811610756284649071e+01
2.816794788150400564e+01
2.821653446331793447e+01
2.826305061043174049e+01
2.831119709125037076e+01
2.835427021323651076e+01
2.839931083391516609e+01
2.844124196574349384e+01
2.848028292392816496e+01
2.852005565147989685e+01
2.856034090631210987e+01
2.860391490538868808e+01
2.864208765890958119e+01
2.867969873149311866e+01
2.872030146312528132e+01
2.876390622589545387e+01
2.880283981901476409e+01
2.883944939488342740e+01
2.888157980773530653e+01
2.891621504541436138e+01
2.895730083740953731e+01
2.898976599869420312e+01
2.902399664157915282e+01
2.905490690594505310e+01
2.908261021505055766e+01
2.910682317742770309e+01
2.912278582041531649e+01
2.913952226183006999e+01
2.914891960607544164e+01
2.915747161702441304e+01
2.916260656465307122e+01
2.916049166014083838e+01
2.915748739282577873e+01
2.914933613885208530e+01
2.914423341835101411e+01
2.913447806315491562e+01
2.911869697494349651e+01
2.910688809497935381e+01
2.908796755452443250e+01
2.907188983351734279e+01
2.905085975047957803e+01
2.903097780216638668e+01
2.900792696272797144e+01
2.898471508993008072e+01
2.896102220957189388e+01
2.893070046614552027e+01
2.890129838917711780e+01
2.887322297564292484e+01
2.883853107544498329e+01
2.880460240172660136e+01
2.876842033923368902e+01
2.872817387407572909e+01
2.868937025608797242e+01
2.864930030345122347e+01
2.860397701872217979e+01
2.855966468869522856e+01
2.851589041654679590e+01
2.846739094979760765e+01
2.841968500336873404e+01
2.837003869993677796e+01
2.831878805885608585e+01
2.826500406230864115e+01
2.821319325680240553e+01
2.815529446265638924e+01
2.810126415130489974e+01
2.804328742453458290e+01
2.798330580845339455e+01
2.792117740977389673e+01
2.785627139669021446e+01
2.779464945598282455e+01
2.772792449082228217e+01
2.765859562050270171e+01
2.759062724522210175e+01
2.751941863109994557e+01
2.744971943805788328e+01
2.737701145101428324e+01
2.729991532932929132e+01
2.723028814462385228e+01
2.715267192776017424e+01
2.707813982170525691e+01
2.700080632047140483e+01
2.692259029041182572e+01
2.684773092046215837e+01
2.676951337718197621e+01
2.669251383535074140e+01
2.661092432099474081e+01
2.653253495454498534e+01
2.645530564232390702e+01
2.637376744231692527e+01
2.629675793023972119e+01
2.622005303899903694e+01
2.614071092952344699e+01
2.606456204188766534e+01
2.598290616777371653e+01
2.590886795457775449e+01
2.583162922730536337e+01
2.575515923705910382e+01
2.567879528610436068e+01
2.560334861819623598e+01
2.552963731998418595e+01
2.545680131039630467e+01
2.538123246005556410e+01
2.530839631059096106e+01
2.523515296744028547e+01
2.516368060110137961e+01
2.509347266847284175e+01
2.502183665016924863e+01
2.495253627456590451e+01
2.488338553586882540e+01
2.481310566246086324e+01
2.474481220328161868e+01
2.467744679671512742e+01
2.461245564323887436e+01
2.454649355180077208e+01
2.448672186177914512e+01
2.442214447546700029e+01
2.435912398841199078e+01
2.429901658826209854e+01
2.424107933101543111e+01
2.417987731061039014e+01
2.412390834700332576e+01
2.406559821701254620e+01
2.401345817039393538e+01
2.395886266195229908e+01
2.390339323496302271e+01
2.385328387107181669e+01
2.380224603546706419e+01
2.375081487525816826e+01
2.370612606807967637e+01
2.365654081805167408e+01
2.360944895438496260e+01
2.356830241074679932e+01
2.352354814039764719e+01
2.347888038245222120e+01
2.344175497287824328e+01
2.339853641144259910e+01
2.336459339137902447e+01
2.332630833884348931e+01
2.328809413338536416e+01
2.325602220859311942e+01
2.322238727156945970e+01
2.319090932982154740e+01
2.316157543462441737e+01
2.313232098242720269e+01
2.310596231827770453e+01
2.308445854700346445e+01
2.305609267146175512e+01
2.303667028423529217e+01
2.301284210779865447e+01
2.299875212001570191e+01
2.298389560619445859e+01
2.296405691163573337e+01
2.294566452321699757e+01
2.293782663111156950e+01
2.292784389157527869e+01
2.291693739224281856e+01
2.291276543485499317e+01
2.290494111610230732e+01
2.290369719838009743e+01
2.290323022613516812e+01
2.290264913779119738e+01
2.290203141569891443e+01
2.291142278433553514e+01
2.291245286431253803e+01
2.292006900567875149e+01
2.293039962820451194e+01
2.294475890301787402e+01
2.295255927374564564e+01
2.296991399179378845e+01
2.298733146387804993e+01
2.300309048901892339e+01
2.302408700376739858e+01
2.304551510308230888e+01
2.306705014225343220e+01
2.309680309667175280e+01
2.312008767137744059e+01
2.314736665173038332e+01
2.317829982002324840e+01
2.320821876258679239e+01
2.324195624144196159e+01
2.327521972283985718e+01
2.331042384065430539e+01
2.334485065424562578e+01
2.338235864489028870e+01
2.342365879343299895e+01
2.346526945786221319e+01
2.350556272864816876e+01
2.354802336680558028e+01
2.358957444387649005e+01
2.363734297943182838e+01
2.367990899185718234e+01
2.372814918818999175e+01
2.377684914806911110e+01
2.382663199240524676e+01
2.387562263547545172e+01
2.392749501835381309e+01
2.397728346560943180e+01
2.403410858304674491e+01
2.408735906285252071e+01
2.414267485982932016e+01
2.419903118485776616e+01
2.425387515234295677e+01
2.430979117785889088e+01
2.436630999337641157e+01
2.442811823741636346e+01
2.448563947754244907e+01
2.454833646989458273e+01
2.461068493167025650e+01
2.466899160382013534e+01
2.473148727870893993e+01
2.479217212031465323e+01
2.485637101901267698e+01
2.492131307098807369e+01
2.498327555539724898e+01
2.505140267040064828e+01
2.511727202077614862e+01
2.518254732027728693e+01
2.524778285388884314e+01
2.531356433963419761e+01
2.538126663773645220e+01
2.544743676777231300e+01
2.551471202768545155e+01
2.558169780197572152e+01
2.564683087542167783e+01
2.571600512247892922e+01
2.578183775466663263e+01
2.584726915432183958e+01
2.591507877089201273e+01
2.597864644274712376e+01
2.604715448618251727e+01
2.611454639239569886e+01
2.618026731420595254e+01
2.624682463857752879e+01
2.631318792529433637e+01
2.638011729687686469e+01
2.644507229762917433e+01
2.650903745308703563e+01
2.657011274018326930e+01
2.662961523466472613e+01
2.669047187462813397e+01
2.674685583851974613e+01
2.680355343175000371e+01
2.685885982926878413e+01
2.691494647011862185e+01
2.696981334989370538e+01
2.702077272450264900e+01
2.707361966745867932e+01
2.712473044572949021e+01
2.717567600099714653e+01
2.722503802934313200e+01
2.727272722677644623e+01
2.732498891744134539e+01
2.737144738182681891e+01
2.742087184618624107e+01
2.747948503677014287e+01
2.754023091402199697e+01
2.760119403665805748e+01
2.767384119795217501e+01
2.776006907302099691e+01
2.785495806761404225e+01
2.795280012329238772e+01
2.803709677844161163e+01
2.812206203528328530e+01
2.820977690104142610e+01
2.829118765328682983e+01
2.836561436247911416e+01
2.844294645791821807e+01
2.851683363118103642e+01
2.858340858771898496e+01
2.864595486399678492e+01
2.869719773365659421e+01
2.875032370961469752e+01
2.879231567586857210e+01
2.882859126092302660e+01
2.885854169036326056e+01
2.888112693244345763e+01
2.890427623637680199e+01
2.891968970871772626e+01
2.893843915889930685e+01
2.895147614958253257e+01
2.896565727363541853e+01
2.897539020167113222e+01
2.898365263483902865e+01
2.899071399389791281e+01
2.899393303246413822e+01
2.899548766948130307e+01
2.899516810320023552e+01
2.899597794458894029e+01
2.899598505047342201e+01
2.899043166023443518e+01
2.898498246006170120e+01
2.898422726707809005e+01
2.898189870029967352e+01
2.897435894256444655e+01
2.896782692431843742e+01
2.896109936585704503e+01
2.895393683990777234e+01
2.894459945166230597e+01
2.893717001101465414e+01
2.892810611432573253e+01
2.891413880846827666e+01
2.890187442499383152e+01
2.888862719427426029e+01
2.887148745339569089e+01
2.886139998192401279e+01
2.884781878580842474e+01
2.883104371374498598e+01
2.881565897424146172e+01
2.879971316062311004e+01
2.877959781533905925e+01
2.875858239346122858e+01
2.873634227617936432e+01
2.871353033177994263e+01
2.868919054087227138e+01
2.866662571611386312e+01
2.864372577956394750e+01
2.862299211694059409e+01
2.860191375396507141e+01
2.858202530340386716e+01
2.856130414945071649e+01
2.854228071081274720e+01
2.852608047663034085e+01
2.850899125043410010e+01
2.849476907639535028e+01
2.848011125812548272e+01
2.846831471134860791e+01
2.845457923466628358e+01
2.844181769834863260e+01
2.843425314033166984e+01
2.842337932178073601e+01
2.841194242738001208e+01
2.839756336702256334e+01
2.838623035814645235e+01
2.837180443653821271e+01
2.835707783361017320e+01
2.834037545970489447e+01
2.832493213754778338e+01
2.830579168651674848e+01
2.828797453481977797e+01
2.826775837083330956e+01
2.824516884842112319e+01
2.822405234858809919e+01
2.819924433526066565e+01
2.817520927399986519e+01
2.815065862447502809e+01
2.811902679548074246e+01
2.809370899498754781e+01
2.806281355189294047e+01
2.803063181633864787e+01
2.799904857627821997e+01
2.796645440552308060e+01
2.793394863506584969e+01
2.789786928949732214e+01
2.786589860279551800e+01
2.782480959991130476e+01
2.778824198880534624e+01
2.775372978915154221e+01
2.771514122116984069e+01
2.767823947545869601e+01
2.764345695459147123e+01
2.759849413046580224e+01
2.756221846157421851e+01
2.751947993976155971e+01
2.747793498069150431e+01
2.743711334153876535e+01
2.739619159506521129e+01
2.735825539914092630e+01
2.731186998433057056e+01
2.727331523075788056e+01
2.723135942592262637e+01
2.718911322475703329e+01
2.714658196909927668e+01
2.710320204731574378e+01
2.706046967463333885e+01
2.702032298675568356e+01
2.697535561137867788e+01
2.693470553512897681e+01
2.689326858422974809e+01
2.684615019034167815e+01
2.680673198260975099e+01
2.676109717293203971e+01
2.672161562061764428e+01
2.667495097996783215e+01
2.663314605806805702e+01
2.659156476091409971e+01
2.654665271680732275e+01
2.650390385604845989e+01
2.646291986233003257e+01
2.641931753572378128e+01
2.637799892231650034e+01
2.633502278001543573e+01
2.629076102833543516e+01
2.624811995406755472e+01
2.620757357640377450e+01
2.616433399732873255e+01
2.612144693551056207e+01
2.607770223589417213e+01
2.603468012902044393e+01
2.599409415310113403e+01
2.595059821764796126e+01
2.591149485010994269e+01
2.586862446991320752e+01
2.582892504366127895e+01
2.578781118307249542e+01
2.574938221817419048e+01
2.570672720907236197e+01
2.566865370577335170e+01
2.562874491604187455e+01
2.558903447840040357e+01
2.555519675480536890e+01
2.551535243184232726e+01
2.547761423468742947e+01
2.544128714922550216e+01
2.540689807207260742e+01
2.537463955693563733e+01
2.533608860104644833e+01
2.530329078244219687e+01
2.526708711879508229e+01
2.523569502153152300e+01
2.520481378616563362e+01
2.516660257352024388e+01
2.513687584468396352e+01
2.510735413782767722e+01
2.507508088448579997e+01
2.504827653244574748e+01
2.501799395662198222e+01
2.499129059890318416e+01
2.496088428633855827e+01
2.493303898863598889e+01
2.490881043243384241e+01
2.488378599525690760e+01
2.485819207725490187e+01
2.483264042439270725e+01
2.480845855993807092e+01
2.478673655244164920e+01
2.476139186009286419e+01
2.474323157647426896e+01
2.472357451980202470e+01
2.470152419784546538e+01
2.468263233930667511e+01
2.466300198963592294e+01
2.464492582518549213e+01
2.462883967828294018e+01
2.461176604008623414e+01
2.460127848240771442e+01
2.458194394614141842e+01
2.456724531754348462e+01
2.455280876688475900e+01
2.453897319723673931e+01
2.452827716010521897e+01
2.451437996759904792e+01
2.450236539112811229e+01
2.449096199770832527e+01
2.447976645786481598e+01
2.447060506007601788e+01
2.445841834350488142e+01
2.444810004449605501e+01
2.443991524592895814e+01
2.443308076044054644e+01
2.442286043655226635e+01
2.441409612425346864e+01
2.440184754568037917e+01
2.439637936850150624e+01
2.438804473071779100e+01
2.438104398625172564e+01
2.437187221642307122e+01
2.436709085065922054e+01
2.435843593473846269e+01
2.434850291064515204e+01
2.434123969159072587e+01
2.433439720893153790e+01
2.432773442904831285e+01
2.431940922131654048e+01
2.431150106803047706e+01
2.430546245533977157e+01
2.429903547609795922e+01
2.429307244494400919e+01
2.428344555823677453e+01
2.427453580454772819e+01
2.427082872485759069e+01
2.426356917871445162e+01
2.425571833808354683e+01
2.424943826093390342e+01
2.423824189540868801e+01
2.423223051114455728e+01
2.422444764278128559e+01
2.422164521868898390e+01
2.420878854387427381e+01
2.420136169896424860e+01
2.419417580313135474e+01
2.418697792039167282e+01
2.417636241170352918e+01
2.416759348620335857e+01
2.416178910629634302e+01
2.415267137433263400e+01
2.414340460345360384e+01
2.413346111172011277e+01
2.412547519421180198e+01
2.411919558976291711e+01
2.410875356805116354e+01
2.409939250149073331e+01
2.409275166237574695e+01
2.408422074866993157e+01
2.407216264068173572e+01
2.406478401251407107e+01
2.405826514146065875e+01
2.405148483633603007e+01
2.404517746568279080e+01
2.403343561926721961e+01
2.402851045661829943e+01
2.402315089125729131e+01
2.401656526414859627e+01
2.400893793845933288e+01
2.400144801781826231e+01
2.399635112795436953e+01
2.399183863667084182e+01
2.398831140042525334e+01
2.398278721114251155e+01
2.397930690783268659e+01
2.397534267333545088e+01
2.397062496472865689e+01
2.396805295659744672e+01
2.396480430628412250e+01
2.396369504883820767e+01
2.396281127115044285e+01
2.395966993140743995e+01
2.395792901571448397e+01
2.395924314378033415e+01
2.396065177774681842e+01
2.396214017264327367e+01
2.396246675652675506e+01
2.396592906567471104e+01
2.396769970135190064e+01
2.396857357504286057e+01
2.397462418881723067e+01
2.397824807017203597e+01
2.398179181160586637e+01
2.398583943603792790e+01
2.399344091743324014e+01
2.400040839698908712e+01
2.400637025440679651e+01
2.401525459958254771e+01
2.401980001520126251e+01
2.402816297395330736e+01
2.403986435697544977e+01
2.404813591487690161e+01
2.405773252871513890e+01
2.406539854918630539e+01
2.407842705868753086e+01
2.409041042066004223e+01
2.410047405213488148e+01
2.411621812513496010e+01
2.412443879628420618e+01
2.413762877818893315e+01
2.415177641799069619e+01
2.416474473503425102e+01
2.418105717071399852e+01
2.419598384782631939e+01
2.420967188095702483e+01
2.422719713528898922e+01
2.424023869675382414e+01
2.425552708788501022e+01
2.427265629446268136e+01
2.428730326594441991e+01
2.431163399795225999e+01
2.432836434611336429e+01
2.434711536055271708e+01
2.436525590193939195e+01
2.437900888175853353e+01
2.440164817023641675e+01
2.442273160923880582e+01
2.444189650541738246e+01
2.446582646288874940e+01
2.448632888293452226e+01
2.450808152986030564e+01
2.453086202127625626e+01
2.455341053889616276e+01
2.457822363751397887e+01
2.460231380730703066e+01
2.462748804781339018e+01
2.465334058881856549e+01
2.467795384658727897e+01
2.470519512922034977e+01
2.472849932521088689e+01
2.475860864011071527e+01
2.478506812119451652e+01
2.481617529664231370e+01
2.484447031258392968e+01
2.487187651248287068e+01
2.490316061703975237e+01
2.493315995978959876e+01
2.496519538464049148e+01
2.499776720868806024e+01
2.502860263999945545e+01
2.506320333099130693e+01
2.509658882718640172e+01
2.512997136815982202e+01
2.516753476720123928e+01
2.520010192523738013e+01
2.523888719502182099e+01
2.527573720290371284e+01
2.531507325400506403e+01
2.535339174456057521e+01
2.539193765036549877e+01
2.543308190024130866e+01
2.547536846910097807e+01
2.551707891360196001e+01
2.555959976797617017e+01
2.560131720084811491e+01
2.564875956608785401e+01
2.569092778102536911e+01
2.573550087119028973e+01
2.578074195113480371e+01
2.582581739432412249e+01
2.587865738413277228e+01
2.591968564647391560e+01
2.596791047706629385e+01
2.601173537661400559e+01
2.605795369927884053e+01
2.610385377766506210e+01
2.614990895481381727e+01
2.619605644175691239e+01
2.624364877290019038e+01
2.628637460320339159e+01
2.633275800017825219e+01
2.637905863297105569e+01
2.642817147315995996e+01
2.647420809456118462e+01
2.653074130757906346e+01
2.658201461157163337e+01
2.664302018203450118e+01
2.670038679856974184e+01
2.676597661926010829e+01
2.683038149971375219e+01
2.689987347447529231e+01
2.697444091142036626e+01
2.704926508213371861e+01
2.711926996774096921e+01
2.718580789845354317e+01
2.726436515115960901e+01
2.733916671150984001e+01
2.741324567031683301e+01
2.748330648563272050e+01
2.754702690797940434e+01
2.760986483942905423e+01
2.766107667097040235e+01
2.771378463773537604e+01
2.775502595518581828e+01
2.779210133657656456e+01
2.782679569743343251e+01
2.785201865622413919e+01
2.786820265200326929e+01
2.788549627577226175e+01
2.789834536694064582e+01
2.790750910635276938e+01
2.791606622050131747e+01
2.791984899143668031e+01
2.792385628715037882e+01
2.792438632593367487e+01
2.792643238856136279e+01
2.792642265560647985e+01
2.792780989238691447e+01
2.792825235501734227e+01
2.792809989096265255e+01
2.793183303553346875e+01
2.793169334353938638e+01
2.793022755557903380e+01
2.793074156519318052e+01
2.793165592829646471e+01
2.793114638853923992e+01
2.793306808312458500e+01
2.793327735601648598e+01
2.793082196775775827e+01
2.793085038935429409e+01
2.792798079515267773e+01
2.792500665541126637e+01
2.792061273244996045e+01
2.791719372025093548e+01
2.791378457218910825e+01
2.791284878549132742e+01
2.790988036464147015e+01
2.791059360783253851e+01
2.790911118920661949e+01
2.790910016884564016e+01
2.790596778116842103e+01
2.790462212647761220e+01
2.790669936459809009e+01
2.790769190719285575e+01
2.790760918739603724e+01
2.790541939489331114e+01
2.790825941351696571e+01
2.790666022183235739e+01
2.790559983645936271e+01
2.790296966224689257e+01
2.790092248740671010e+01
2.789719107195868020e+01
2.789917588247890734e+01
2.789693634024463975e+01
2.789391080024302028e+01
2.788940715884672983e+01
2.788397867260579943e+01
2.787736442693251959e+01
2.787100850942172769e+01
2.786221697066267922e+01
2.785198581940438345e+01
2.784356022079953163e+01
2.782809625418685684e+01
2.781368849281124156e+01
2.779848734467815419e+01
2.777906832891913425e+01
2.776421105373858111e+01
2.774702502010439886e+01
2.772838449011432616e+01
2.770981984233822004e+01
2.769478247439722196e+01
2.767422478157856602e+01
2.765990266891956750e+01
2.764240110159899544e+01
2.762782923508729738e+01
2.761219593134623551e+01
2.759719415780346097e+01
2.758498740051425102e+01
2.757020369659065295e+01
2.755403240270702625e+01
2.754372964965034498e+01
2.752831814346852113e+01
2.751349105308790399e+01
2.749813410687382742e+01
2.747783072365280788e+01
2.746410881587213382e+01
2.744800106019265939e+01
2.743136447627210828e+01
2.741978327520433112e+01
2.740248478570684298e+01
2.738969574086817715e+01
2.737182671764151110e+01
2.735670815826176039e+01
2.734332042189232581e+01
2.732620819716282767e+01
2.730782482796737298e+01
2.729064391792364930e+01
2.727364962561458128e+01
2.725359196027888586e+01
2.723346420246663158e+01
2.721428256766225928e+01
2.719408970872310505e+01
2.717332120820125851e+01
2.715181599727879558e+01
2.713241227482019369e+01
2.711003250783544516e+01
2.708569029364993597e+01
2.706227625393647074e+01
2.704292307598626621e+01
2.701805839992407954e+01
2.699765355158506708e+01
2.697616934563388469e+01
2.695397643053289727e+01
2.693153365937880039e+01
2.690930476490764889e+01
2.688642861173787679e+01
2.686865319123158002e+01
2.684543443373119231e+01
2.682384520642999703e+01
2.680347273234391992e+01
2.677865107633925135e+01
2.675935886012556608e+01
2.673811585127943857e+01
2.671919119922165464e+01
2.669419520713981342e+01
2.667419034837580938e+01
2.665374650575857984e+01
2.663196316589998247e+01
2.661137401495996002e+01
2.658762709538805069e+01
2.657141252007127008e+01
2.654889463586748732e+01
2.652311248982723413e+01
2.650359516692922313e+01
2.648172415793818502e+01
2.645961426496577218e+01
2.643961704472326346e+01
2.641711719035669148e+01
2.639700172324184990e+01
2.637166755626615711e+01
2.635032086290787134e+01
2.632713689914392674e+01
2.630688799082985696e+01
2.628757030496981173e+01
2.626186882768131881e+01
2.624292281695706563e+01
2.622140721592398904e+01
2.619625372035908839e+01
2.617684845369481650e+01
2.615162168536802412e+01
2.613387629139570478e+01
2.611198332356490326e+01
2.609292239758046961e+01
2.607260162464232423e+01
2.605054472848840419e+01
2.603140370016061667e+01
2.601106261253323026e+01
2.599198474139788573e+01
2.597371624497633391e+01
2.595397826180079548e+01
2.593583379306885561e+01
2.592049484807076709e+01
2.590068508831642902e+01
2.588666448361968264e+01
2.586673198686547082e+01
2.585700146478835038e+01
2.584014463415234175e+01
2.582739806495665746e+01
2.581184471190834273e+01
2.579814308664864342e+01
2.578858186781944895e+01
2.577313793310055345e+01
2.576321255040998182e+01
2.575084187903598121e+01
2.573953905525898378e+01
2.573147650212984061e+01
2.571930927275123580e+01
2.571181993317405912e+01
2.570272389067711316e+01
2.569486178452386937e+01
2.568881821707297064e+01
2.568515442197533361e+01
2.567435396023970995e+01
2.566558654915012383e+01
2.565917924312137188e+01
2.565710382288521174e+01
2.565193592647382204e+01
2.564567128591237477e+01
2.564080745966471042e+01
2.563468252961869354e+01
2.563141171333159107e+01
2.562687040818775586e+01
2.562360742910288991e+01
2.562133722789003087e+01
2.561902613351814040e+01
2.561546674862973560e+01
2.561120804889618441e+01
2.560806310795931040e+01
2.560591384857868391e+01
2.560022470073497658e+01
2.559865573714500186e+01
2.559569032414723466e+01
2.559351511857782313e+01
2.559225311018210647e+01
2.558952775591814444e+01
2.558732924667026154e+01
2.558482905311340261e+01
2.558381538736111693e+01
2.558034964960069857e+01
2.557622803258749400e+01
2.557226837092169802e+01
2.557126141191169921e+01
2.556462413698858782e+01
2.556118568290613879e+01
2.555875358187079627e+01
2.555574379624039594e+01
2.554995173458753754e+01
2.554802260388659363e+01
2.554327884582833263e+01
2.553952025929611480e+01
2.553383990813007998e+01
2.552634662089761619e+01
2.552320316415970325e+01
2.551877374211600014e+01
2.551156946341160037e+01
2.550932031032481717e+01
2.550421241862346733e+01
2.549762285243419768e+01
2.549133236126890623e+01
2.548321782764773857e+01
2.547852017876046560e+01
2.547257330779013174e+01
2.546666757697776617e+01
2.545930591156425038e+01
2.545222088865511623e+01
2.544784635968453301e+01
2.543932485092329543e+01
2.543455999434298320e+01
2.542335657866711784e+01
2.541929570636056468e+01
2.541469396001951608e+01
2.540796226215936571e+01
2.540115831963207782e+01
2.539273136774426121e+01
2.538062749875135538e+01
2.537662868982976505e+01
2.536987472094987339e+01
2.536132682808045402e+01
2.534896392378434626e+01
2.534532734708417934e+01
2.534105181379832317e+01
2.533078697426304160e+01
2.532462470210682426e+01
2.531971409298176567e+01
2.530830199019893456e+01
2.530333664185944187e+01
2.530000259910133664e+01
2.529245061421236329e+01
2.528380196924972623e+01
2.527594665430024534e+01
2.527132669369760976e+01
2.526774247795273709e+01
2.526565264501816443e+01
2.526303660905616155e+01
2.525367759343865259e+01
2.524886896428056460e+01
2.524535724827047289e+01
2.524426237660810202e+01
2.524408711781550707e+01
2.524119042148508285e+01
2.524020096137813596e+01
2.523807570676493839e+01
2.523907998248625972e+01
2.523852516364325993e+01
2.523714576395438414e+01
2.524185854569034149e+01
2.524309470236181596e+01
2.524330175429183498e+01
2.524837265627282434e+01
2.525126706244195063e+01
2.525711907294083147e+01
2.526076003947081716e+01
2.526748931080096128e+01
2.527486010910653036e+01
2.527935852524976923e+01
2.528746266196488435e+01
2.529230695714387522e+01
2.530230766462434744e+01
2.530858816576106918e+01
2.531880523368465319e+01
2.533123042803468294e+01
2.534076883814938697e+01
2.535028110454374684e+01
2.535996028098167443e+01
2.537114713654027298e+01
2.538878464740801633e+01
2.539986006927874129e+01
2.541351627236766575e+01
2.542517909710458213e+01
2.543823242715535571e+01
2.545358935072758655e+01
2.546487652385794576e+01
2.548074966243463990e+01
2.549313890000961891e+01
2.550905099646067598e+01
2.552543462065002799e+01
2.553976145038474144e+01
2.555560558142278893e+01
2.556923396276688010e+01
2.558600292958095679e+01
2.560313880850414847e+01
2.561917241055189720e+01
2.563227543781753326e+01
2.564815899883621952e+01
2.566034590595636544e+01
2.567462136098082937e+01
2.568669153053482290e+01
2.570530391557736039e+01
2.571777684791354091e+01
2.572994247851884353e+01
2.574296258032179097e+01
2.575362200377997013e+01
2.576052818942537925e+01
2.577395525460827486e+01
2.578285741215359650e+01
2.579185236284913429e+01
2.580462786454091884e+01
2.580818825708034936e+01
2.581931158731675424e+01
2.582682045734120990e+01
2.583371808826366234e+01
2.584043523443326151e+01
2.584562122950600127e+01
2.585190303282224633e+01
2.585796622814893908e+01
2.586111416279705466e+01
2.586363376934141201e+01
2.586881401098332134e+01
2.587123025310337354e+01
2.587504793070572262e+01
2.587881355208786971e+01
2.588546612257156809e+01
2.588815012461416387e+01
2.588835539860525614e+01
2.589216597652645646e+01
2.589552299168335026e+01
2.589789940418938130e+01
2.589791747254556498e+01
2.590154673175388922e+01
2.590249560707816201e+01
2.590509377449264505e+01
2.590550183985233090e+01
2.590807751052422958e+01
2.590879155314497595e+01
2.590766476233696380e+01
2.590810497012346758e+01
2.590650201851220658e+01
2.590494674611642267e+01
2.590415269231716167e+01
2.590212198740338323e+01
2.589801553323616190e+01
2.589508409625724283e+01
2.589123603785299821e+01
2.588723557112649587e+01
2.588329629240483953e+01
2.587860546164796460e+01
2.587376446760473669e+01
2.586738416133484364e+01
2.586032352604195950e+01
2.584976291183163966e+01
2.584281148650909543e+01
2.583225258997494933e+01
2.582499323692827531e+01
2.581568751948049822e+01
2.580429673994622064e+01
2.579227362971546000e+01
2.578353251366887022e+01
2.577149807939081683e+01
2.575820666714447071e+01
2.574706169181170168e+01
2.573669259459338221e+01
2.572352284247347143e+01
2.571174723335054679e+01
2.570189621493454979e+01
2.568914594211983626e+01
2.567706796952273152e+01
2.566585391071402711e+01
2.565512821066185012e+01
2.564508894984446741e+01
2.563282354952987774e+01
2.562130885550519110e+01
2.560998875799115382e+01
2.560051901232445815e+01
2.559143286610633794e+01
2.558273664154618032e+01
2.557683609146701187e+01
2.556584172086363793e+01
2.555788073748449207e+01
2.555072288081621679e+01
2.554308836398528371e+01
2.553962916536526251e+01
2.553644917573474160e+01
2.553187091458722335e+01
2.552764873466991702e+01
2.552138196628724742e+01
2.552036182943006182e+01
2.551929650999813504e+01
2.551830453099762508e+01
2.551965327262330518e+01
2.551790069488428969e+01
2.552076446048582881e+01
2.552134066072186513e+01
2.552591607918664707e+01
2.552833807879983397e+01
2.553627919685772696e+01
2.554030919965137159e+01
2.554801329124297027e+01
2.555639217953517317e+01
2.556538113998003681e+01
2.557438334063467522e+01
2.558452608305752918e+01
2.560012615550217419e+01
2.561000516388480008e+01
2.562476231357654655e+01
2.564049197390524881e+01
2.565223320789751327e+01
2.566907719287328860e+01
2.568705857879899668e+01
2.570309721516318291e+01
2.572333825588493639e+01
2.574402950287193903e+01
2.575930384486461477e+01
2.577804406411595295e+01
2.579789278497241156e+01
2.581593007869698297e+01
2.584061599893751193e+01
2.586036767953270754e+01
2.588828131660425313e+01
2.591435166898019560e+01
2.594079872783673224e+01
2.597096797891376951e+01
2.601708699886066256e+01
2.605163388734428764e+01
2.608549666410439727e+01
2.611384273019762503e+01
2.614344885402099550e+01
2.617406184468292096e+01
2.620296646183393108e+01
2.623173229559505870e+01
2.625891410248768665e+01
2.628553550303460540e+01
2.631619513468883298e+01
2.634792773637638419e+01
2.637129797399983744e+01
2.640099522707251367e+01
2.643050364958444476e+01
2.645834769895941463e+01
2.648410938552045124e+01
2.650945885344827957e+01
2.653529489380620277e+01
2.656144632961624552e+01
2.658802865671233207e+01
2.661424480872331699e+01
2.664252550934131847e+01
2.667126986558001889e+01
2.670023139079661334e+01
2.672837682679416815e+01
2.675538028141875202e+01
2.678459913144867954e+01
2.681286546247523006e+01
2.683831388649384309e+01
2.686548005429528274e+01
2.689019953628792337e+01
2.691692826212019440e+01
2.694284075493781216e+01
2.696998857345850098e+01
2.699571314067510031e+01
2.702201048562915986e+01
2.704597817947010796e+01
2.707495544869103554e+01
2.710609986435168395e+01
2.713313021875238817e+01
2.716095384576527749e+01
2.719093349277023819e+01
2.721764564510518269e+01
2.724473367453025929e+01
2.726732060065222640e+01
2.728450272321197190e+01
2.730486400281969850e+01
2.731925349937931813e+01
2.733658580161419493e+01
2.734619890717458901e+01
2.735808219621887361e+01
2.736761976584715583e+01
2.737792189188750669e+01
2.738487021091767559e+01
2.739278122229796253e+01
2.739892502716725886e+01
2.740207370827132394e+01
2.740821486607854851e+01
2.740995492674637291e+01
2.740989616705239129e+01
2.740961508801627389e+01
2.740980961995446563e+01
2.740909028225590305e+01
2.740567591636648359e+01
2.739705244072679236e+01
2.739302907976968982e+01
2.738776616066945024e+01
2.737871092107885218e+01
2.737066079484167602e+01
2.736487562805931617e+01
2.735934552376817663e+01
2.735281409452288059e+01
2.734523051946366579e+01
2.733864082410797280e+01
2.733055672055406760e+01
2.732437662939431178e+01
2.731814751307332045e+01
2.731128472068490964e+01
2.730274926586939799e+01
2.729378785943515595e+01
2.728731818456108016e+01
2.727603012219257650e+01
2.726808211759135503e+01
2.725930827609608897e+01
2.724857480900012519e+01
2.723732377269580951e+01
2.722298935112190321e+01
2.721165703902817157e+01
2.719640149765144344e+01
2.718437676549770643e+01
2.716944203337490649e+01
2.715864958505351368e+01
2.714143937250673133e+01
2.713026855813071592e+01
2.711397137175039163e+01
2.709956650000189526e+01
2.708057710095986437e+01
2.706505704203351570e+01
2.704808856669814787e+01
2.702973392764170057e+01
2.701308988090253749e+01
2.699466553015873771e+01
2.697209204552502371e+01
2.695391348896366779e+01
2.693565900164649207e+01
2.691672638765130543e+01
2.689815205902295503e+01
2.687834268597718435e+01
2.686162750229951968e+01
2.684126804297592273e+01
2.682747895420181905e+01
2.681139741240047059e+01
2.679459965885718020e+01
2.677574807884699837e+01
2.675858169288322230e+01
2.673916808306543658e+01
2.671845440840033348e+01
2.669825453837453466e+01
2.667738878951572090e+01
2.665493672094094535e+01
2.663576880733477736e+01
2.660994490649439470e+01
2.658537280988971929e+01
2.656207320549506079e+01
2.653933786060835587e+01
2.651359290156216275e+01
2.649329840663682489e+01
2.646576621011441333e+01
2.644171697599383464e+01
2.641513119241493968e+01
2.639306666503820153e+01
2.636636037548888112e+01
2.634231016320133634e+01
2.631967871352867405e+01
2.629236809948297804e+01
2.626753935628535785e+01
2.624103336309169521e+01
2.621558478416481464e+01
2.619140459169822321e+01
2.616782807833030233e+01
2.614505133650555280e+01
2.611936456082776203e+01
2.609548218468003000e+01
2.607202537600120351e+01
2.604846091287769383e+01
2.602775127388661502e+01
2.600391541593894118e+01
2.597933846519899959e+01
2.596018408710106229e+01
2.593773709626965029e+01
2.591480073409757168e+01
2.589469887116404578e+01
2.587264662171192597e+01
2.585490054602509602e+01
2.583502990503897578e+01
2.581809256149066556e+01
2.579773809450775701e+01
2.578252025458975183e+01
2.576394109584125047e+01
2.574719945784373110e+01
2.573271703648680386e+01
2.572002759972230734e+01
2.570446530526572815e+01
2.569164817545933488e+01
2.567986627564406632e+01
2.566588958825208167e+01
2.565709667691329443e+01
2.564693196548473608e+01
2.563557240814801119e+01
2.562692373118497358e+01
2.561584132475838871e+01
2.560859465073800223e+01
2.560026205690208556e+01
2.559542686238819442e+01
2.559058791700641677e+01
2.558547655727661763e+01
2.557948413914852637e+01
2.557601192418086811e+01
2.557384059464994408e+01
2.557079571039157173e+01
2.556652111516753578e+01
2.556372664463667022e+01
2.556675511357456898e+01
2.556463445951096602e+01
2.556385839723012054e+01
2.556635796605241495e+01
2.556714991852152252e+01
2.556830218619921880e+01
2.557327138505205966e+01
2.557761301928012543e+01
2.558050809148048899e+01
2.558097402423242173e+01
2.558602488440027400e+01
2.558967458805160788e+01
2.559375275170414810e+01
2.560333215770297599e+01
2.560646789280957591e+01
2.561341932525987630e+01
2.562019813716565864e+01
2.562759022227294281e+01
2.563473924970147522e+01
2.564114777985182769e+01
2.564972507511616229e+01
2.565928964294997883e+01
2.566561078319482547e+01
2.567425606562111895e+01
2.568320066409868829e+01
2.569081928005669369e+01
2.570308039528523381e+01
2.570825587003722745e+01
2.571876352701999480e+01
2.572707323698872273e+01
2.573490246655568825e+01
2.574377276547575732e+01
2.575088749928488596e+01
2.576237297863923459e+01
2.576945471683820799e+01
2.578045125965733320e+01
2.578541077033666440e+01
2.579425155309856876e+01
2.580469657508216841e+01
2.580948349810393694e+01
2.581892693511270664e+01
2.582748856066855225e+01
2.583363518358634181e+01
2.583996682510486309e+01
2.584549364043710540e+01
2.585143956561840994e+01
2.585805034251745838e+01
2.586557588173580413e+01
2.587089567557203651e+01
2.587749959427700830e+01
2.588308554430746611e+01
2.588772676405840301e+01
2.589171811574826165e+01
2.589560788936651647e+01
2.589905647683361778e+01
2.590296842555381929e+01
2.590702222954100620e+01
2.591104111668520460e+01
2.591572112624027824e+01
2.591793180194449775e+01
2.591994513759696162e+01
2.592497496529848178e+01
2.592729369833486430e+01
2.592984268244940793e+01
2.593326598759758639e+01
2.593422233287888190e+01
2.593693300333819707e+01
2.593815007604668565e+01
2.594102518586108630e+01
2.594260517898077367e+01
2.594430759129433639e+01
2.594799862264806123e+01
2.595090519510780069e+01
2.595363352554288028e+01
2.595555043001271045e+01
2.595822211632760812e+01
2.596088946272603692e+01
2.596345408030013502e+01
2.596741145591780153e+01
2.596789874188136338e+01
2.597051840658922472e+01
2.597299809036310947e+01
2.597611367957130568e+01
2.598028784442679040e+01
2.598275058747436717e+01
2.598487753643875209e+01
2.599079950182884957e+01
2.599375358128377300e+01
2.599775183871242845e+01
2.600036547130131837e+01
2.600258881510334419e+01
2.600576864050755788e+01
2.601076843708796815e+01
2.601297150584343143e+01
2.601821605499770129e+01
2.601983515515803447e+01
2.602560927101045962e+01
2.602861524020874384e+01
2.603086496932657923e+01
2.603536246823313860e+01
2.603620524640663803e+01
2.603763949524363142e+01
2.604160286237210897e+01
2.604633016369909981e+01
2.605080759309295857e+01
2.605077272847657355e+01
2.605337092057225234e+01
2.605447361857748234e+01
2.605486599136487413e+01
2.605715308237598293e+01
2.605785165738860343e+01
2.605818349765210584e+01
2.605794664021701834e+01
2.605819104156889665e+01
2.605520337031707712e+01
2.605367656635978690e+01
2.605183873867636635e+01
2.605006028728369571e+01
2.604627269983327409e+01
2.604256745077285018e+01
2.603688321583437215e+01
2.603112127322257408e+01
2.602502611934194832e+01
2.601775134020711633e+01
2.600998572986308233e+01
2.600436005883452140e+01
2.599681475309385092e+01
2.598670818969760532e+01
2.597505777158657381e+01
2.596760189490100146e+01
2.595695644131489388e+01
2.594903651846590975e+01
2.593929401627958597e+01
2.592704216186665533e+01
2.591689314190446680e+01
2.590469786054972445e+01
2.589529824277213521e+01
2.588354433051480896e+01
2.587216895745029888e+01
2.586308280913023694e+01
2.585198292536392728e+01
2.584096253501859763e+01
2.582975633204029009e+01
2.582189547453586442e+01
2.581080488092381842e+01
2.580223803999719934e+01
2.579160401656567814e+01
2.578012810827843992e+01
2.577155273733492180e+01
2.576387566443942134e+01
2.575394649589183516e+01
2.574462055931961046e+01
2.573866062971193713e+01
2.573154891951764967e+01
2.572449314136645171e+01
2.571437439557682225e+01
2.570877810702606325e+01
2.570379264962982546e+01
2.569740142644978320e+01
2.569289560597836086e+01
2.568725429057425202e+01
2.567798777701871060e+01
2.567209488016406027e+01
2.566908453477083185e+01
2.566431102179476653e+01
2.566081885941837371e+01
2.565941887124611753e+01
2.565516856644829247e+01
2.564971766404406139e+01
2.564738711788705672e+01
2.564292288326688407e+01
2.564257199805300047e+01
2.564104131325294844e+01
2.564057906824942279e+01
2.563831394092294502e+01
2.563930734054959970e+01
2.563879937778553497e+01
2.563594191659221977e+01
2.563694919835579000e+01
2.563718773256250216e+01
2.563749368561317965e+01
2.563483190390273947e+01
2.563919900326305168e+01
2.563805647663183507e+01
2.563916374164395506e+01
2.563953495306844843e+01
2.564081492052524069e+01
2.564341615987247991e+01
2.564658351740918718e+01
2.564654767658262102e+01
2.564731240870435869e+01
2.564967333105732905e+01
2.564901825180974626e+01
2.565530923016337539e+01
2.565596325991045745e+01
2.565771195087812728e+01
2.565763569012084844e+01
2.565975977427490307e+01
2.566149378216665156e+01
2.566463908210303657e+01
2.566707427778910500e+01
2.566898351290856084e+01
2.567204349513530559e+01
2.567546041893919551e+01
2.567890868851304731e+01
2.567993219259579973e+01
2.568503390956201571e+01
2.568638753547777043e+01
2.569051486758567648e+01
2.569351811790143003e+01
2.569541509001999202e+01
2.569817981485284264e+01
2.570137625480250421e+01
2.570636826935932362e+01
2.570900947679917437e+01
2.571419082281904167e+01
2.571631320560053879e+01
2.572045414603158520e+01
2.572291876249981968e+01
2.572589554187586103e+01
2.573044077977963795e+01
2.573614576171910429e+01
2.574106681521145035e+01
2.574491307110301364e+01
2.574916901332563413e+01
2.575420841809573602e+01
2.575979289769630753e+01
2.576341875384554214e+01
2.577073655370584859e+01
2.577551743883195101e+01
2.578369728778796954e+01
2.579154890573037662e+01
2.579669677275854411e+01
2.580531796423504787e+01
2.581326302561300778e+01
2.582190834823281733e+01
2.583352835841257544e+01
2.584032205971823259e+01
2.585128516433239199e+01
2.586210108455612300e+01
2.587250791485695345e+01
2.588351627255514131e+01
2.589582024132952398e+01
2.590931496878231854e+01
2.592100374612811109e+01
2.593354758081792255e+01
2.594764459948986612e+01
2.596293022890046842e+01
2.597624041797835659e+01
2.599467978552520364e+01
2.600852956727389298e+01
2.602476985539624366e+01
2.604149015682478563e+01
2.605741261109345075e+01
2.607604452225450586e+01
2.609371021513670641e+01
2.611028037075823960e+01
2.612863006960219536e+01
2.614822008390808605e+01
2.616636800802906393e+01
2.618902265496701176e+01
2.621219600475572520e+01
2.623510428958057261e+01
2.625966586261497326e+01
2.628495502316767940e+01
2.630694399462593225e+01
2.632966557194287205e+01
2.635230486348296353e+01
2.637493762118378982e+01
2.640212491008887952e+01
2.642178080028395470e+01
2.644594979322029715e+01
2.646827419903306122e+01
2.648810826855991962e+01
2.651236513216876389e+01
2.653300748019392330e+01
2.655110864648242952e+01
2.657163667775909133e+01
2.659034654795935282e+01
2.660986583523754234e+01
2.662553948563083850e+01
2.664527532508760643e+01
2.666312416962487575e+01
2.667846379641897414e+01
2.669960340772620455e+01
2.671526799972727417e+01
2.673298518551482772e+01
2.675015918976280815e+01
2.676610508275624767e+01
2.678294332691807966e+01
2.679973322859863671e+01
2.681630517387722534e+01
2.683316404584846282e+01
2.684680983243778130e+01
2.686441604509496983e+01
2.687982598269252321e+01
2.689801487735758911e+01
2.691219219501792281e+01
2.692985336976672528e+01
2.693951377492427923e+01
2.695580670117784194e+01
2.696918287279766702e+01
2.697982936155615263e+01
2.699609493299882956e+01
2.700950142429602607e+01
2.702399747542540354e+01
2.703671663888411558e+01
2.704708906700435023e+01
2.705694388431085073e+01
2.706907169931234947e+01
2.707908511498068904e+01
2.708766478566894165e+01
2.709875922811125903e+01
2.710861837123471929e+01
2.711656367849787586e+01
2.712317420487585906e+01
2.712729463960639009e+01
2.713351121488839723e+01
2.713919767023120855e+01
2.714355286563968406e+01
2.714956758362098910e+01
2.715003514847416710e+01
2.714965435681738271e+01
2.715070044034940366e+01
2.715087390221858143e+01
2.715069808981679600e+01
2.715129011867964692e+01
2.714821477643061343e+01
2.714689142425311985e+01
2.714500851983298801e+01
2.714291372621399390e+01
2.713980304380722330e+01
2.713694270647874873e+01
2.713138826149212335e+01
2.712804215896238702e+01
2.712115391743164494e+01
2.711326528699573402e+01
2.710574837697303607e+01
2.710125950077372892e+01
2.709615503886720234e+01
2.708674085867772874e+01
2.707923265984123873e+01
2.707225862814570405e+01
2.706520648116990202e+01
2.705550479812838560e+01
