0.000000000000000000e+00
0.000000000000000000e+00
0.000000000000000000e+00
0.000000000000000000e+00
0.000000000000000000e+00
0.000000000000000000e+00
0.000000000000000000e+00
0.000000000000000000e+00
0.000000000000000000e+00
0.000000000000000000e+00
0.000000000000000000e+00
0.000000000000000000e+00
0.000000000000000000e+00
0.000000000000000000e+00
0.000000000000000000e+00
0.000000000000000000e+00
0.000000000000000000e+00
0.000000000000000000e+00
0.000000000000000000e+00
0.000000000000000000e+00
0.000000000000000000e+00
0.000000000000000000e+00
0.000000000000000000e+00
0.000000000000000000e+00
0.000000000000000000e+00
0.000000000000000000e+00
0.000000000000000000e+00
0.000000000000000000e+00
0.000000000000000000e+00
0.000000000000000000e+00
0.000000000000000000e+00
0.000000000000000000e+00
0.000000000000000000e+00
0.000000000000000000e+00
0.000000000000000000e+00
0.000000000000000000e+00
0.000000000000000000e+00
0.000000000000000000e+00
0.000000000000000000e+00
0.000000000000000000e+00
0.000000000000000000e+00
0.000000000000000000e+00
0.000000000000000000e+00
0.000000000000000000e+00
0.000000000000000000e+00
0.000000000000000000e+00
0.000000000000000000e+00
0.000000000000000000e+00
0.000000000000000000e+00
0.000000000000000000e+00
0.000000000000000000e+00
0.000000000000000000e+00
0.000000000000000000e+00
0.000000000000000000e+00
0.000000000000000000e+00
0.000000000000000000e+00
0.000000000000000000e+00
0.000000000000000000e+00
0.000000000000000000e+00
0.000000000000000000e+00
0.000000000000000000e+00
0.000000000000000000e+00
0.000000000000000000e+00
0.000000000000000000e+00
0.000000000000000000e+00
0.000000000000000000e+00
0.000000000000000000e+00
0.000000000000000000e+00
0.000000000000000000e+00
0.000000000000000000e+00
0.000000000000000000e+00
0.000000000000000000e+00
0.000000000000000000e+00
0.000000000000000000e+00
0.000000000000000000e+00
0.000000000000000000e+00
0.000000000000000000e+00
0.000000000000000000e+00
0.000000000000000000e+00
0.000000000000000000e+00
0.000000000000000000e+00
0.000000000000000000e+00
0.000000000000000000e+00
0.000000000000000000e+00
0.000000000000000000e+00
0.000000000000000000e+00
0.000000000000000000e+00
0.000000000000000000e+00
0.000000000000000000e+00
0.000000000000000000e+00
0.000000000000000000e+00
0.000000000000000000e+00
0.000000000000000000e+00
0.000000000000000000e+00
0.000000000000000000e+00
0.000000000000000000e+00
0.000000000000000000e+00
0.000000000000000000e+00
0.000000000000000000e+00
0.000000000000000000e+00
0.000000000000000000e+00
0.000000000000000000e+00
0.000000000000000000e+00
0.000000000000000000e+00
0.000000000000000000e+00
0.000000000000000000e+00
0.000000000000000000e+00
0.000000000000000000e+00
0.000000000000000000e+00
0.000000000000000000e+00
0.000000000000000000e+00
0.000000000000000000e+00
0.000000000000000000e+00
3.376622777652325880e+00
4.041725485740236046e+00
4.714770964540157649e+00
5.416126208586133473e+00
6.087445658383327185e+00
6.845287817324106072e+00
7.568608439481200101e+00
8.120912583164949794e+00
8.782045326029049193e+00
9.335927422044784763e+00
9.926687025795883912e+00
1.061923932600572051e+01
1.121564754376046480e+01
1.185396285881941658e+01
1.235092897437448123e+01
1.309198525634644383e+01
1.361103553109656694e+01
1.405822735020400849e+01
1.488262578412226844e+01
1.542533279434844218e+01
1.606730147552772081e+01
1.645582828705672185e+01
1.703982378461037328e+01
1.770493758729123357e+01
1.818636609955819239e+01
1.863757758006410015e+01
1.935348338318099337e+01
1.980558499433634267e+01
2.036266557962651547e+01
2.081632571006751675e+01
2.133892241365739295e+01
2.183927966947344501e+01
2.232080969727747188e+01
2.270960393620794804e+01
2.340169345629894337e+01
2.388259976203655555e+01
2.426446743478132362e+01
2.472329635568156192e+01
2.531998058205251567e+01
2.579340360006043653e+01
2.628161472065460558e+01
2.684849841895560019e+01
2.726378273342395886e+01
2.756360073719950066e+01
2.797889916154278112e+01
2.826344208757584653e+01
2.875717743818426442e+01
2.912711288913790852e+01
2.954797855779830940e+01
2.978271743405086625e+01
3.013919279139025420e+01
3.039712102881476596e+01
3.083559258316616436e+01
3.111659014990481253e+01
3.154425447760115375e+01
3.185193689356593438e+01
3.202393230718512029e+01
3.238190127631402504e+01
3.266456477490763888e+01
3.291546146539746331e+01
3.309942163740934262e+01
3.354651496178986747e+01
3.362569086312836930e+01
3.405198396320145093e+01
3.438806604205649364e+01
3.457408384769546217e+01
3.476625321337188979e+01
3.505091428561959077e+01
3.518504553382339850e+01
3.543920795967930815e+01
3.582332647147272553e+01
3.602361325740717035e+01
3.616241037129339020e+01
3.639085743224335090e+01
3.642293886284448945e+01
3.662371854025739992e+01
3.680643362160569865e+01
3.702212976189625238e+01
3.724582477897754273e+01
3.737112332772154843e+01
3.754453164683538091e+01
3.774984190330766864e+01
3.793174458863256859e+01
3.825447489894397535e+01
3.831768892509892765e+01
3.831973682898620837e+01
3.841779163134805231e+01
3.851476012950880090e+01
3.850773028382261032e+01
3.854997611130491464e+01
3.872857521215378540e+01
3.879451368058867899e+01
3.885834550111187724e+01
3.894370918733675069e+01
3.906435219925377567e+01
3.912985724799236920e+01
3.926138294364925940e+01
3.929791131078533795e+01
3.937225961392555007e+01
3.942130386699338374e+01
3.948377902434886266e+01
3.951187936566504533e+01
3.952679487749207254e+01
3.953933451877954752e+01
3.956613154875358873e+01
3.959139831750159999e+01
3.955637742289084713e+01
3.957539764639135882e+01
3.957204060739974238e+01
3.957662040194397690e+01
3.959314734527329449e+01
3.959754753543005990e+01
3.959914163519449914e+01
3.959242002692978701e+01
3.959534030024053664e+01
3.961000730980084938e+01
3.961771959581218994e+01
3.961997598871948867e+01
3.963736831468332866e+01
3.964215329153730494e+01
3.965481639442467099e+01
3.965404471305581069e+01
3.964792394025726452e+01
3.965031698383587866e+01
3.963892560955309818e+01
3.964376470986307766e+01
3.957443850632114390e+01
3.953509111610713944e+01
3.951181975963912407e+01
3.945019107765263300e+01
3.934977540837995491e+01
3.928660969847690865e+01
3.914839592244712208e+01
3.905996202199031586e+01
3.897647391813710271e+01
3.883367304428929856e+01
3.872204446247373966e+01
3.866413915525616574e+01
3.855328881720889456e+01
3.845775130038241230e+01
3.836329454572524611e+01
3.823259659015569412e+01
3.818780010084292087e+01
3.809841642084248292e+01
3.801063961709803607e+01
3.792659719816520436e+01
3.782658577266558098e+01
3.773660744851389381e+01
3.766289843538262261e+01
3.755049153313022714e+01
3.742761244383943620e+01
3.728033226007846679e+01
3.716459651141072840e+01
3.701800692682017058e+01
3.686486938357324306e+01
3.674646623961168501e+01
3.655385371834930197e+01
3.639470432037172287e+01
3.621566346661129643e+01
3.605521364357608149e+01
3.591150647158113429e+01
3.575099267964533567e+01
3.558638683380586087e+01
3.540763597095221371e+01
3.522251173825365811e+01
3.506444083551825486e+01
3.490432272613558951e+01
3.475654429899468312e+01
3.460196280114298872e+01
3.440212768466209781e+01
3.428571772565754117e+01
3.410777254829270788e+01
3.392635816304573382e+01
3.375501848610758771e+01
3.358466611410864289e+01
3.340993374445487518e+01
3.322351850406718654e+01
3.303876125942728947e+01
3.286262772219311046e+01
3.268637261512133563e+01
3.249901276119436488e+01
3.226534171600569323e+01
3.210704112388137332e+01
3.194312872063179398e+01
3.175903099584750322e+01
3.156009611875323984e+01
3.140309328700800151e+01
3.120903009648472093e+01
3.101824994361423649e+01
3.086404235576553035e+01
3.070346255543493541e+01
3.051122545984781809e+01
3.033507556651670711e+01
3.012360375365575749e+01
2.994984008446644452e+01
2.978217874453120118e+01
2.957779610211398591e+01
2.938729940869960089e+01
2.921153504404117029e+01
2.902140755575218378e+01
2.884009039265797369e+01
2.866165643549043551e+01
2.848469565241531143e+01
2.829565076138845825e+01
2.812545497045384479e+01
2.792666396068781154e+01
2.773181167820629511e+01
2.757540049556025608e+01
2.739701008843501739e+01
2.722061649350558810e+01
2.706319580038027794e+01
2.691702035567852747e+01
2.674612216878080417e+01
2.658034129425478653e+01
2.643316281091746589e+01
2.626917194070553663e+01
2.611064816750358020e+01
2.596932288107221609e+01
2.581509846711741929e+01
2.565099028477549226e+01
2.553022519188780848e+01
2.537206193561312162e+01
2.524867715673340030e+01
2.511256202947658522e+01
2.496010118638592701e+01
2.484457512802668333e+01
2.469498645790752533e+01
2.460451964929607271e+01
2.445855074070777846e+01
2.431458520861455241e+01
2.421657525427733049e+01
2.407016525771864934e+01
2.395989351378861443e+01
2.385304225010927226e+01
2.373509457959603708e+01
2.363195061685265586e+01
2.352663772431118261e+01
2.342880189041716577e+01
2.331708154189907845e+01
2.320921808846270551e+01
2.312762258672980664e+01
2.301909484408199091e+01
2.293584813652228149e+01
2.283320185084401288e+01
2.274534913885967669e+01
2.268001690560176087e+01
2.257247746175139724e+01
2.250771457087515870e+01
2.242606176470822632e+01
2.235226776858538145e+01
2.227789766408634620e+01
2.220014090141267715e+01
2.217026660883980682e+01
2.208057464100536293e+01
2.202266570077738450e+01
2.196769373448266549e+01
2.192968935420843835e+01
2.185492120733102794e+01
2.182938134960161847e+01
2.177748733631308653e+01
2.173162349566551654e+01
2.169499664552272122e+01
2.167848444061121427e+01
2.163151962763107150e+01
2.159280343343705511e+01
2.156694258203879855e+01
2.155784069059983921e+01
2.153400995758332925e+01
2.153487398716875134e+01
2.148019003026024620e+01
2.145761474389199819e+01
2.146005480975794200e+01
2.144662874994874713e+01
2.142093864207433285e+01
2.143983698612036903e+01
2.143960029134344225e+01
2.144205694086127423e+01
2.141611533180310900e+01
2.139731793495703727e+01
2.141089419400451277e+01
2.147092948737651952e+01
2.143432474527488552e+01
2.146333879807031053e+01
2.147616597399511562e+01
2.150695572745658524e+01
2.153559751582960047e+01
2.153248114919067291e+01
2.158786469154658505e+01
2.159641028971011423e+01
2.163664088511366046e+01
2.169670670479481345e+01
2.174352874483049192e+01
2.178743831855756596e+01
2.182048915542283396e+01
2.187444628707751804e+01
2.191386206402735226e+01
2.196128431399959879e+01
2.203043107955246427e+01
2.209437438263388032e+01
2.213682724827707204e+01
2.219192423735302455e+01
2.225300709452962167e+01
2.232136382046911649e+01
2.238167612917896321e+01
2.245773800603540238e+01
2.253019716043111487e+01
2.261391683952971121e+01
2.266792469358798812e+01
2.274723861443673201e+01
2.283266392368676634e+01
2.289670295950354273e+01
2.298225699449840320e+01
2.307474325080511335e+01
2.313693309069464377e+01
2.319912515955558518e+01
2.331113994324037719e+01
2.336689905282558044e+01
2.346722013519957173e+01
2.356611648066116516e+01
2.364393109801466153e+01
2.372139494460439835e+01
2.382758446784388795e+01
2.390770181328529276e+01
2.401544230880633890e+01
2.410392186647212043e+01
2.419248554719806421e+01
2.427456530273157043e+01
2.438163055207296281e+01
2.448291652765598059e+01
2.456936346251945125e+01
2.465589672360806617e+01
2.475870827281930175e+01
2.485366269124228467e+01
2.495436795880559799e+01
2.502778850200369476e+01
2.514631212883348610e+01
2.524151160036899455e+01
2.532661139993169996e+01
2.540989032403200554e+01
2.550722057504597373e+01
2.562696229616827992e+01
2.570750236056455407e+01
2.581655664930981686e+01
2.589616823453554062e+01
2.599452126056293721e+01
2.608777545445371260e+01
2.618615675785145314e+01
2.627471613020775720e+01
2.636234175675935987e+01
2.647240487450991253e+01
2.656829060277481958e+01
2.665863224192986536e+01
2.675410991328126542e+01
2.682975710073520048e+01
2.695446502353999563e+01
2.703192888696138141e+01
2.711306189007756373e+01
2.719912875308661171e+01
2.728712514036793024e+01
2.737148817972948578e+01
2.745229287639635629e+01
2.755186650933250192e+01
2.762909202908351602e+01
2.768847988418632511e+01
2.778131191776231645e+01
2.784149568003010700e+01
2.792829676040499010e+01
2.799974987234934076e+01
2.807526454933292470e+01
2.815683496437606337e+01
2.821473480557623503e+01
2.827532415320703052e+01
2.836684606616556437e+01
2.843193708179074619e+01
2.849056495713469062e+01
2.856474432963909038e+01
2.864477797206308551e+01
2.871668137739101212e+01
2.876978138758855508e+01
2.880592860201689120e+01
2.886548210775343293e+01
2.894756910804421679e+01
2.900016448273840908e+01
2.903944647504534515e+01
2.910929323181606421e+01
2.916538608895816864e+01
2.921457660013679458e+01
2.927052524778082798e+01
2.931619352843918946e+01
2.936849239046643945e+01
2.941502747931109596e+01
2.945916801206772462e+01
2.950984328744080187e+01
2.953758736362383885e+01
2.960167550321682128e+01
2.962446605508770148e+01
2.965558801109689568e+01
2.968687682724527477e+01
2.972506733605210627e+01
2.977031263797365312e+01
2.980134044008334371e+01
2.983171580108044907e+01
2.986559029195797521e+01
2.991596842385349575e+01
2.994890580708313621e+01
2.999138790577431024e+01
3.003886338562342573e+01
3.004438555268915678e+01
3.015024651134354627e+01
3.015769490147577159e+01
3.019257657305600873e+01
3.024457188868823465e+01
3.028162381703657857e+01
3.025864635879569420e+01
3.025331611806912946e+01
3.025932874305317100e+01
3.023266974404457841e+01
3.025731784382496059e+01
3.026641680540652146e+01
3.025032957746033446e+01
3.024272056983607015e+01
3.021803802787783866e+01
3.023299001935869512e+01
3.022050620858565040e+01
3.019758000617443017e+01
3.021271513362377448e+01
3.018819284406198378e+01
3.018292995510583410e+01
3.015014154572314453e+01
3.015570830156754312e+01
3.014115572119442632e+01
3.013107801091316773e+01
3.010748811396155844e+01
3.008133476004427109e+01
3.005494771816795918e+01
3.005316834917637436e+01
3.004086628814412663e+01
3.000936608072068168e+01
2.996749274932643559e+01
2.993885814341799190e+01
2.989078481299988255e+01
2.987391993571689852e+01
2.983177047543329152e+01
2.978153910224048317e+01
2.975591501433122588e+01
2.970019348962386729e+01
2.966061430995683423e+01
2.960080265607626515e+01
2.956415193714123291e+01
2.950306363740897098e+01
2.944782765452938378e+01
2.939628141109584192e+01
2.934570612307118509e+01
2.928100155245733305e+01
2.921889813187189588e+01
2.915578032736499381e+01
2.908907560077602739e+01
2.903850637420456593e+01
2.898243490309709003e+01
2.891356052659619991e+01
2.883457118993280233e+01
2.876548840784065320e+01
2.870226261221656117e+01
2.861869035434983743e+01
2.854697744833822526e+01
2.848943243877855025e+01
2.840112369231511380e+01
2.834008437972605066e+01
2.824104131459831990e+01
2.818279720442120961e+01
2.808712890570860310e+01
2.801884644223845200e+01
2.795106802112695377e+01
2.785630060429825150e+01
2.777139529007980556e+01
2.771143935374281142e+01
2.761491827047770897e+01
2.754772014537036995e+01
2.748381855247945538e+01
2.740057093045289704e+01
2.732586700386615775e+01
2.723336290963922579e+01
2.717296177917998534e+01
2.710200480797556821e+01
2.703459336188232243e+01
2.696066876426460368e+01
2.687307636081021300e+01
2.680829044983703113e+01
2.672888745142079969e+01
2.665393469236701662e+01
2.658818413343229636e+01
2.651148348073480676e+01
2.643951037337316734e+01
2.636560512705727177e+01
2.628303189869177459e+01
2.620988281132284214e+01
2.615469361766483658e+01
2.605512333483738985e+01
2.600813911765916231e+01
2.594380657512841637e+01
2.587816042444100617e+01
2.579942502981208108e+01
2.576379730590764439e+01
2.568461642685860724e+01
2.564412253764923477e+01
2.558051850597894727e+01
2.552368681507726578e+01
2.544096423103139060e+01
2.540522238327796245e+01
2.533349948695160947e+01
2.529054442661781721e+01
2.523722135741439843e+01
2.516716599430666790e+01
2.510848530281205626e+01
2.506321498037955564e+01
2.501052196683397000e+01
2.499181199489486005e+01
2.492381936548465404e+01
2.487354512384332139e+01
2.485499165064137017e+01
2.478738681903775287e+01
2.476543332300844469e+01
2.471557800775694247e+01
2.467223303949910829e+01
2.463735309154815667e+01
2.461252697182690596e+01
2.456919551883110486e+01
2.453568434104207441e+01
2.450873483113789320e+01
2.445925208315069455e+01
2.443869622167449052e+01
2.439892260055335527e+01
2.437268382798319521e+01
2.436259115462352298e+01
2.432360162215905675e+01
2.430225173388390658e+01
2.427435144008799384e+01
2.426157484379990947e+01
2.425034985380865038e+01
2.423294363010830210e+01
2.419589822821193792e+01
2.419023452582576539e+01
2.420313743587470867e+01
2.416053091506453399e+01
2.415845078448096572e+01
2.415276000677413748e+01
2.415143672135930686e+01
2.415019060653112604e+01
2.413701592801270479e+01
2.413456766925408914e+01
2.413968981616591947e+01
2.414035853009212218e+01
2.414106340247600357e+01
2.416015722515657416e+01
2.417550628279026981e+01
2.416518367554991542e+01
2.419656266643324471e+01
2.422508709888413847e+01
2.421913582961838785e+01
2.425479721617225337e+01
2.425548759271138621e+01
2.427890321790285810e+01
2.431917580651536070e+01
2.434779759138471533e+01
2.436603728022819126e+01
2.438609608647374571e+01
2.442306039522436123e+01
2.445459137763026192e+01
2.449665701573738374e+01
2.453052393230261430e+01
2.454355549560702343e+01
2.460089081603271666e+01
2.462171852804560501e+01
2.465991324555628594e+01
2.470457254668392011e+01
2.474554663351175776e+01
2.478831916117723466e+01
2.483578193961853486e+01
2.488511635328556793e+01
2.493404208502751374e+01
2.497843597984196862e+01
2.504278805032143396e+01
2.508272838518926662e+01
2.512180518574348298e+01
2.517443744585518317e+01
2.524350307304659324e+01
2.528434402651375024e+01
2.536506085920903786e+01
2.541610405487426760e+01
2.546817284957464977e+01
2.551297888659269120e+01
2.557253341860135976e+01
2.564537995727097908e+01
2.569934926405490572e+01
2.576100803237314096e+01
2.583246112190000332e+01
2.587471867873265552e+01
2.593136613051510864e+01
2.599124707611129281e+01
2.606118892159021883e+01
2.613403216729079048e+01
2.618864183756220498e+01
2.626369192508241213e+01
2.633470160520775494e+01
2.639985502614165114e+01
2.646782353853436831e+01
2.653489696858451907e+01
2.660175823079972446e+01
2.666236173004927679e+01
2.674599964542704811e+01
2.681633934259232888e+01
2.688321446888897270e+01
2.696203389961143060e+01
2.702412693631494278e+01
2.709048630447352224e+01
2.714842297316022268e+01
2.721425141023729566e+01
2.726074851122570308e+01
2.733700275900296006e+01
2.740588701045141917e+01
2.744523186644226342e+01
2.749325230928816666e+01
2.755750789447552762e+01
2.763491210682904864e+01
2.768934681514800644e+01
2.775312825549789864e+01
2.781703317023958988e+01
2.788720188673952549e+01
2.793867419156923759e+01
2.796000691892646017e+01
2.802549109454793808e+01
2.803347915081937458e+01
2.809627673494765432e+01
2.809945120131635221e+01
2.814106359897747822e+01
2.819517830234464029e+01
2.818837264974206391e+01
2.819291158384550045e+01
2.822731888836435843e+01
2.828814344321212104e+01
2.831868926611338821e+01
2.819675008734566646e+01
2.816806671854362065e+01
2.813422486490439312e+01
2.818045833396270794e+01
2.790893798414485971e+01
2.822893951058872375e+01
2.851871320034303281e+01
2.855321275401185588e+01
2.850690862062418063e+01
2.856855212347495154e+01
2.858514436692853167e+01
2.862128921247596480e+01
2.868063706817195424e+01
2.872506573338666414e+01
2.880028275250574410e+01
2.887429724393733466e+01
2.891793281623690604e+01
2.895142171763803418e+01
2.902318584361803033e+01
2.906145537319505223e+01
2.911112827284156168e+01
2.913060653514416032e+01
2.915414307652845238e+01
2.918816856226396084e+01
2.918733916484096724e+01
2.921972432533265618e+01
2.923145735864155270e+01
2.924408629972118234e+01
2.926986403786741064e+01
2.926824462955155326e+01
2.928628182150035997e+01
2.931209340469087721e+01
2.931713887665040374e+01
2.931402588922252761e+01
2.934249849692275802e+01
2.933921272255458490e+01
2.933664196710390115e+01
2.934504369516191957e+01
2.934896536216501417e+01
2.936677568843273889e+01
2.937741912943814526e+01
2.937286808378870973e+01
2.937236337091864158e+01
2.938237509403962022e+01
2.936953343906149527e+01
2.938486104546736755e+01
2.938526370689281109e+01
2.938348231816686607e+01
2.938947393978940426e+01
2.940617805747557156e+01
2.940170821200914730e+01
2.942009992233015225e+01
2.939810610970449645e+01
2.942267337614343958e+01
2.941889817298534737e+01
2.941141127016533119e+01
2.941648906233437444e+01
2.942257886147445589e+01
2.942103341832650187e+01
2.942137833375961975e+01
2.941332005173799047e+01
2.941325623226272157e+01
2.941875873000419617e+01
2.941583563833729897e+01
2.941468752008209364e+01
2.940865108190089572e+01
2.940332302737965264e+01
2.942666464386481806e+01
2.941674527444371279e+01
2.940275192179215580e+01
2.939347933114256151e+01
2.940853946077533720e+01
2.940418943492698745e+01
2.936052026392908232e+01
2.935275990648116107e+01
2.936401553637580619e+01
2.936473441874971257e+01
2.937557412456664352e+01
2.934198713734059893e+01
2.934542523784033818e+01
2.936562580771236242e+01
2.933763925554234220e+01
2.933377459319791569e+01
2.932649188613571312e+01
2.931281907447765533e+01
2.934464646201078608e+01
2.930847016022365636e+01
2.929759370413100328e+01
2.929243160651231648e+01
2.928702095438267961e+01
2.927654690157230277e+01
2.925504670987738365e+01
2.923724214473658733e+01
2.921874452328255956e+01
2.919535920249841965e+01
2.918276801865923531e+01
2.913440652879158677e+01
2.913231361680924536e+01
2.909835255369680951e+01
2.908689620093083761e+01
2.905257807632592915e+01
2.902333028237268664e+01
2.899480263387615864e+01
2.895865976255278440e+01
2.893277197863048400e+01
2.890555905194712949e+01
2.886028470832761528e+01
2.881788065160028367e+01
2.878316821163294037e+01
2.873690400635992503e+01
2.871457046517070566e+01
2.867435762420892331e+01
2.862557191860776484e+01
2.860507638963529331e+01
2.855256851670237239e+01
2.853018084905831486e+01
2.848658668581753517e+01
2.841535965107510009e+01
2.839012200615284343e+01
2.836741006580049174e+01
2.832726088820184174e+01
2.827941583641392853e+01
2.823245097051189489e+01
2.818812739025893066e+01
2.816081339849536036e+01
2.809337155553830812e+01
2.806029217236950757e+01
2.802075656654797342e+01
2.799826112249739651e+01
2.793217820253920181e+01
2.789057129750987585e+01
2.786082728109250439e+01
2.780537791513674506e+01
2.776515502137977620e+01
2.772435238132055701e+01
2.769177721920631541e+01
2.765225908796187326e+01
2.759416353730787108e+01
2.755054368125190933e+01
2.751077582366247753e+01
2.747663212640264518e+01
2.743555814097777557e+01
2.738627785682816551e+01
2.736276441123608194e+01
2.730596688119784332e+01
2.727772491428433099e+01
2.721489529764662763e+01
2.718018347983981187e+01
2.713463314549335337e+01
2.709575061523404571e+01
2.705659540679889119e+01
2.701660110601379472e+01
2.697773987517557259e+01
2.694505283339248081e+01
2.691285690156128396e+01
2.686040581235882385e+01
2.682853558535067862e+01
2.678965111121988230e+01
2.675288847370243417e+01
2.671640279275099061e+01
2.668179240491781101e+01
2.665800012461783197e+01
2.661723605826365002e+01
2.657523998657154607e+01
2.653306446066856594e+01
2.649573350096424562e+01
2.648352763438225566e+01
2.643149741229898098e+01
2.640175278776622037e+01
2.637167882479116443e+01
2.632215176285643921e+01
2.630964645054396556e+01
2.627893602457993438e+01
2.625497945187661841e+01
2.622712464372726160e+01
2.619059786680507784e+01
2.616985236846791452e+01
2.613757235005999036e+01
2.611619027425953377e+01
2.609037294096539483e+01
2.607002117188618584e+01
2.604992936884854515e+01
2.600006021214730367e+01
2.599859784578302424e+01
2.596365475334997086e+01
2.596844502928897924e+01
2.594902481989102228e+01
2.589800075121157619e+01
2.589035662067124832e+01
2.586593676238898354e+01
2.585726145640710172e+01
2.584888389657545460e+01
2.583725213789310260e+01
2.582531823480081101e+01
2.579165338688612508e+01
2.578425099810220189e+01
2.578400415245549837e+01
2.576058960049486046e+01
2.575426388594690508e+01
2.573329196304899824e+01
2.573308972518012894e+01
2.571797708472416133e+01
2.570088583262123194e+01
2.568689869005022786e+01
2.568050929985108510e+01
2.568234975795812147e+01
2.566128349674859521e+01
2.565329241040005570e+01
2.564172272817927123e+01
2.565243587936787151e+01
2.562822178503684611e+01
2.562293083346611056e+01
2.560991759477106200e+01
2.560835067718863556e+01
2.560201250537291529e+01
2.558117049882730853e+01
2.557381011184878616e+01
2.557238689495133599e+01
2.556278910670580018e+01
2.556508320560482161e+01
2.554602966303747280e+01
2.554392777157681138e+01
2.553706425101542266e+01
2.553814529486194118e+01
2.552311185161438800e+01
2.550457400638007499e+01
2.551768923307346881e+01
2.550556637930923642e+01
2.549416813829954975e+01
2.549822456144690008e+01
2.546849793641090542e+01
2.546603549461547189e+01
2.545589153990099973e+01
2.547334044615024240e+01
2.544755246857304343e+01
2.544084100929564585e+01
2.544178964318886926e+01
2.542765522637127162e+01
2.540906089836724746e+01
2.541150685695610534e+01
2.539770075491910362e+01
2.538767276424639618e+01
2.538424547106949092e+01
2.535945630462555300e+01
2.535546769716273730e+01
2.536853890616327334e+01
2.533994312921972281e+01
2.532612990087584848e+01
2.533270446990669456e+01
2.532134520450989612e+01
2.530864858365110592e+01
2.530974318321588257e+01
2.529302838039162182e+01
2.529950811060771798e+01
2.527760208939961473e+01
2.527133278887011514e+01
2.526398651298299214e+01
2.526291069357024810e+01
2.526216933629405759e+01
2.523707297489698931e+01
2.523849650396806510e+01
2.522924670416419701e+01
2.522096386756940589e+01
2.522410898127562362e+01
2.520032630948957930e+01
2.521171497532935035e+01
2.519495619703766209e+01
2.519604377895509373e+01
2.520568548904073936e+01
2.519148935142557377e+01
2.519813574369483788e+01
2.518415584789948269e+01
2.517973916764832154e+01
2.518464781561725374e+01
2.518276829227879077e+01
2.517886081648248364e+01
2.519029827307943847e+01
2.519360470689137088e+01
2.520085198193807940e+01
2.519119558831988570e+01
2.519512105211488517e+01
2.520763754171532511e+01
2.522406483914727460e+01
2.519857272918020996e+01
2.519269962682226094e+01
2.522489448585784189e+01
2.521982424835518799e+01
2.523297564330960085e+01
2.521955912823303692e+01
2.522864604408695755e+01
2.525564658275104435e+01
2.526706754294113466e+01
2.526443128892485390e+01
2.528016930146758057e+01
2.528422446040997684e+01
2.529287614341485124e+01
2.529923375974944832e+01
2.532277871974268280e+01
2.532251988164337675e+01
2.533108266660955721e+01
2.535836097747027651e+01
2.536760933319116873e+01
2.536745034447643476e+01
2.539495223427046966e+01
2.540124362847517148e+01
2.543468373472499877e+01
2.543497689348949820e+01
2.544327178381410093e+01
2.545749513620682691e+01
2.547073290987882643e+01
2.549509908678191294e+01
2.553238763611669526e+01
2.553770313380988810e+01
2.555951914824563076e+01
2.558459352401608911e+01
2.557837153196314972e+01
2.560845046339490949e+01
2.563526895167801811e+01
2.565413199730408778e+01
2.567800768697893687e+01
2.570487887564340923e+01
2.572424487389956127e+01
2.574976814007875703e+01
2.577916417097534918e+01
2.579800182781963969e+01
2.583506778632903433e+01
2.585563421942922702e+01
2.586989556544864399e+01
2.589899812902422127e+01
2.592587082545558985e+01
2.594985290469574579e+01
2.598454598867298415e+01
2.600406463396884504e+01
2.603921692459311998e+01
2.608181934183743422e+01
2.609918430447378057e+01
2.612780898979840671e+01
2.614839964955490359e+01
2.618053499843584220e+01
2.621075400178860093e+01
2.624711660647141898e+01
2.628008362485221738e+01
2.631863435369580628e+01
2.634163900864520258e+01
2.639102499828158699e+01
2.640357264923780534e+01
2.645257351316490713e+01
2.647919380848300719e+01
2.651679729088670712e+01
2.655964235965168285e+01
2.660031048895363881e+01
2.662621829920200156e+01
2.667376811263325465e+01
2.670530899926146517e+01
2.673515812192738395e+01
2.676250410247589784e+01
2.679682361847223504e+01
2.684204823168823140e+01
2.686000294279380540e+01
2.690804449565159473e+01
2.692610669351004304e+01
2.698646420264481804e+01
2.700483345876622820e+01
2.703937632913826761e+01
2.704996085835247754e+01
2.707438360910997233e+01
2.708880168428986934e+01
2.712790328777479942e+01
2.715109151822053946e+01
2.718402719355142949e+01
2.713245775451272834e+01
2.716759225365439079e+01
2.718265907769860590e+01
2.723088098468612017e+01
2.724794275084276762e+01
2.731075883266801085e+01
2.731518282130352304e+01
2.735245896068245486e+01
2.737399330304915068e+01
2.738684218415983196e+01
2.736742858804946366e+01
2.736795257929823322e+01
2.735724741523056736e+01
2.734491424247597280e+01
2.735269384744762533e+01
2.739469894495347546e+01
2.746836158527653993e+01
2.759002129682492210e+01
2.767878524367900539e+01
2.773490220698608155e+01
2.778462157949496358e+01
2.783902535090427932e+01
2.787584722237443202e+01
2.792725525799314212e+01
2.793924154861676357e+01
2.798449721309079763e+01
2.801454333669776986e+01
2.805257500717317143e+01
2.806988371488698064e+01
2.809491440843994781e+01
2.811191390952452807e+01
2.812455642244520959e+01
2.813978186211027577e+01
2.814089796182535963e+01
2.817380382947441575e+01
2.817135958441289745e+01
2.817750218914919458e+01
2.819005885094535913e+01
2.820284617697247853e+01
2.821430136910711894e+01
2.822539833428369960e+01
2.821857518350356031e+01
2.822060243245350719e+01
2.822914155954853754e+01
2.823765461215951689e+01
2.824543938018350531e+01
2.825571076222528433e+01
2.826234703493698674e+01
2.825638199812836149e+01
2.827641741862317915e+01
2.827221577758479043e+01
2.827249918072329748e+01
2.827259008818009534e+01
2.827486908977743951e+01
2.827983198471467929e+01
2.827971521951740641e+01
2.829361044909267164e+01
2.828756064302366724e+01
2.828171907778546057e+01
2.829071262730287373e+01
2.828114349556592799e+01
2.828612811274062366e+01
2.828573774272950203e+01
2.829925044347756469e+01
2.830084922835976613e+01
2.829756384645344980e+01
2.829676632601691466e+01
2.830074016039722551e+01
2.830479148068152995e+01
2.831737864173759789e+01
2.830320200297371613e+01
2.831549761725272774e+01
2.830490036225774020e+01
2.832290213248965571e+01
2.832347812052603331e+01
2.832569668485017900e+01
2.832452723496935221e+01
2.832024040227973316e+01
2.832012236574719566e+01
2.832766595355994710e+01
2.832510183224730582e+01
2.833262057977520954e+01
2.834596236206230913e+01
2.834994166407807370e+01
2.835818567740479423e+01
2.835001857019604543e+01
2.835767206876820268e+01
2.835125644571505887e+01
2.836455727727723541e+01
2.836278444429720125e+01
2.836974203501922887e+01
2.838948447887583626e+01
2.838647679664157408e+01
2.838825639337288109e+01
2.837942820565239543e+01
2.836818981894474589e+01
2.837313734515258545e+01
2.837276157423500678e+01
2.836007987145282883e+01
2.838142854196463816e+01
2.835759537964452193e+01
2.836417958414737939e+01
2.835337859553749240e+01
2.837010951901345379e+01
2.839454108023699774e+01
2.835519069868083619e+01
2.836454212207651793e+01
2.836928804867089582e+01
2.836195719754973155e+01
2.833618820560830898e+01
2.831049251138503564e+01
2.831946466740416568e+01
2.831350122434074379e+01
2.828078990658861613e+01
2.830858353878879541e+01
2.829187760060513313e+01
2.829360105760229871e+01
2.827560129444466597e+01
2.828942222661181205e+01
2.827924434961086320e+01
2.827770996690644978e+01
2.826499698656468951e+01
2.825356543570692480e+01
2.826155233360664454e+01
2.824716769230266067e+01
2.823803369692030429e+01
2.822250289902197196e+01
2.820134795688940343e+01
2.818701895523275169e+01
2.817528770455658460e+01
2.816462563862503998e+01
2.815296387637410191e+01
2.814179074323623553e+01
2.811683359696793261e+01
2.811134207581411104e+01
2.808906712118763593e+01
2.807553869078972042e+01
2.804775765453425151e+01
2.804698412803669072e+01
2.801897913013128516e+01
2.800241306437700217e+01
2.798427101247017035e+01
2.796321732481281330e+01
2.793090901183557762e+01
2.794135297885022950e+01
2.790143611791744149e+01
2.788901873774060647e+01
2.788100002355219331e+01
2.786907955724922914e+01
2.785115394727712612e+01
2.780971743730120949e+01
2.779294634426664956e+01
2.778659003722245657e+01
2.773835507105081888e+01
2.772720551949166179e+01
2.771349820996557156e+01
2.767525781415301722e+01
2.767750327748067107e+01
2.764695783064372137e+01
2.763793956344350988e+01
2.760030315290947556e+01
2.758572793250280952e+01
2.757909126967757629e+01
2.755720584033623410e+01
2.753354767733485176e+01
2.750124218716470637e+01
2.747870574915095432e+01
2.747351785033419702e+01
2.743481716030570894e+01
2.742998823810547293e+01
2.738711644355700869e+01
2.739949153811114968e+01
2.735482317558127363e+01
2.734068362270757646e+01
2.732679507834524912e+01
2.729384965275443875e+01
2.728029236701448923e+01
2.725979006441354358e+01
2.724422916265973527e+01
2.722732693114972946e+01
2.719108697043998291e+01
2.717471586843882037e+01
2.717798386762598284e+01
2.714588756513431633e+01
2.714087068755238619e+01
2.710587666068391854e+01
2.712711750947174849e+01
2.708521532695244716e+01
2.707375447759670095e+01
2.704886236442346359e+01
2.706381913467851774e+01
2.704475483057783336e+01
2.702532932764049534e+01
2.702309730395317189e+01
2.701088562167994667e+01
2.699438918793487119e+01
2.698370833386258738e+01
2.696996562429728783e+01
2.696205237561086676e+01
2.695209986540258740e+01
2.695673176973777885e+01
2.693567840750217357e+01
2.694244811608616530e+01
2.693237025576049248e+01
2.690982038162668033e+01
2.691560820697888090e+01
2.690663656788298752e+01
2.689926430242682898e+01
2.690258770814318012e+01
2.688656492159168820e+01
2.688643500155139066e+01
2.688772853186421941e+01
2.688166758523114908e+01
2.686065198363964512e+01
2.687034055267857013e+01
2.686418708754446527e+01
2.685940120175874668e+01
2.685472700407269997e+01
2.685410499159274167e+01
2.685741572101887442e+01
2.683345721593448729e+01
2.683491236370532818e+01
2.684327371162483189e+01
2.683919357903834424e+01
2.683880397554574770e+01
2.683760677402869277e+01
2.683415639588009327e+01
2.683120098331816905e+01
2.683059368640467213e+01
2.681893287330372289e+01
2.682295388892487864e+01
2.681931017459169198e+01
2.681117926876040869e+01
2.681495796057894410e+01
2.679110044240209731e+01
2.678828231890318179e+01
2.679152473266766776e+01
2.678793174952534528e+01
2.677363379932812038e+01
2.679726239660345044e+01
2.678568184049250078e+01
2.677458576694497694e+01
2.676634596608178285e+01
2.675761511755809607e+01
2.676506335208552656e+01
2.674567603330469368e+01
2.675468901924673659e+01
2.675162350270326783e+01
2.674711895202607437e+01
2.671849119057468158e+01
2.671728260745359762e+01
2.671256269336777933e+01
2.671391298410617310e+01
2.671038427176709007e+01
2.668400072290688740e+01
2.668806490192154968e+01
2.668802580034399341e+01
2.667329005503960104e+01
2.668025451695986305e+01
2.666059445589088028e+01
2.666653318696889485e+01
2.665963619964199438e+01
2.665894670115668674e+01
2.664430810650494408e+01
2.663881025494452714e+01
2.661337866628294790e+01
2.662264371185455758e+01
2.660617550913800500e+01
2.660928917078843980e+01
2.657646234231918214e+01
2.658067331184390270e+01
2.657985754553053681e+01
2.656265562633091548e+01
2.656707587360849132e+01
2.655570610104473417e+01
2.654256510478220576e+01
2.653195702463487748e+01
2.653683501263890676e+01
2.652423145218771694e+01
2.651254316589275817e+01
2.650878600102955929e+01
2.648812280597195468e+01
2.649113371763409930e+01
2.648728409231311787e+01
2.650617076551673534e+01
2.648794011565316708e+01
2.646715530721132836e+01
2.647358406928308483e+01
2.647031536653512163e+01
2.647700727509705843e+01
2.646234926826398137e+01
2.645123911612744649e+01
2.645983479487478718e+01
2.645580997780782795e+01
2.644982537393813615e+01
2.645125979708596731e+01
2.646116914298689338e+01
2.646151402115022933e+01
2.645825564286636222e+01
2.647814204936339877e+01
2.646281822389639160e+01
2.647569781697053415e+01
2.646788110444984810e+01
2.647040152912097000e+01
2.647739877073751558e+01
2.648924457331252924e+01
2.649385875851236349e+01
2.650190473407730707e+01
2.650131721559347397e+01
2.649895164374357392e+01
2.652190164564016328e+01
2.653659758088496545e+01
2.652958091702287291e+01
2.654044082815262939e+01
2.654767693873272805e+01
2.654039184364100379e+01
2.657577941808195021e+01
2.657825934549455482e+01
2.659603123200356833e+01
2.659366657808658729e+01
2.660805396510486531e+01
2.662021675862452241e+01
2.661392695120717278e+01
2.664285246784307759e+01
2.664715018741546970e+01
2.665552710261189517e+01
2.667439174193800255e+01
2.667367668352005694e+01
2.668423152204740489e+01
2.667694160666787440e+01
2.670530020001665505e+01
2.671191398581374443e+01
2.673435666453994486e+01
2.672814359874107737e+01
2.674851044670107569e+01
2.673914154327276904e+01
2.673817109653881019e+01
2.675617507211259749e+01
2.676620307465749704e+01
2.676789934584812869e+01
2.677800738068464170e+01
2.680149686146186383e+01
2.678855309391403239e+01
2.679746768660601930e+01
2.681820765244405180e+01
2.680524319635970443e+01
2.681266505362498975e+01
2.682213872366757457e+01
2.681790588149875276e+01
2.681640656772390940e+01
2.682023606212533196e+01
2.682240431383078771e+01
2.680532248845847576e+01
2.683820064896545432e+01
2.683212095568298139e+01
2.684602848657479157e+01
2.684238543132483557e+01
2.684163415530593966e+01
2.683137827845782653e+01
2.682233245399665833e+01
2.682149871307192157e+01
2.681658892974034814e+01
2.683412935620602724e+01
2.684432349465815548e+01
2.681609857239148553e+01
2.684879773343308784e+01
2.684903747428329268e+01
2.684564719350080608e+01
2.683742704464830808e+01
2.684376676855973898e+01
2.684881341804831578e+01
2.684244983934826578e+01
2.685264433429782827e+01
2.685345180286164890e+01
2.686643044313626305e+01
2.683385966590064342e+01
2.686128713609411989e+01
2.684807992283208122e+01
2.684776649542814653e+01
2.685222923956202834e+01
2.684337739152755375e+01
2.684728003359660065e+01
2.683611244773321758e+01
2.684842560638694664e+01
2.681921517023901202e+01
2.681852949234778904e+01
2.682594073910927790e+01
2.682045945109864959e+01
2.683882284397853368e+01
2.683696702841754345e+01
2.683671385163414413e+01
2.682464926731404020e+01
2.682398729975812657e+01
2.681241611772511035e+01
2.681173297595658056e+01
2.680364462418140192e+01
2.680289283606323991e+01
2.678495498231784921e+01
2.678737533566165041e+01
2.678323005231058218e+01
2.678355874805531300e+01
2.677265809148998343e+01
2.675704960509393970e+01
2.676629988895371071e+01
2.675906135132394326e+01
2.675786641657953879e+01
2.675079994304127950e+01
2.673911050295502534e+01
2.674943413718970220e+01
2.673556546821921387e+01
2.671792726267727858e+01
2.673531871561248607e+01
2.669981436416510334e+01
2.670223071171446350e+01
2.670769460979621357e+01
2.670732399294681159e+01
2.669656786190272868e+01
2.668707104479060632e+01
2.669255972721597914e+01
2.666611435941125308e+01
2.665525649111263107e+01
2.667106293331213607e+01
2.666361104693949358e+01
2.666422157457427744e+01
2.666451915818938545e+01
2.665763289984742812e+01
2.666247990782580501e+01
2.666963826113611802e+01
2.664971790670444207e+01
2.666741201776395087e+01
2.665760538216004960e+01
2.664815204009910588e+01
2.664661140909565873e+01
2.666294662214874123e+01
2.665310164969526596e+01
2.664747108725810776e+01
2.666609795755999812e+01
2.666147486284243939e+01
2.665981894486596104e+01
2.665944130280026059e+01
2.667535267094766738e+01
2.667673277192480796e+01
2.668295796151526744e+01
2.669580697484223819e+01
2.669437587003245227e+01
2.670582459712460022e+01
2.670712271983297370e+01
2.669801784373212783e+01
2.671470537314835525e+01
2.671128742557754165e+01
2.670289733269417809e+01
2.673806992442441555e+01
2.671380036764660559e+01
2.673101315085224172e+01
2.673228269943930968e+01
2.671961996922276583e+01
2.677914735038402227e+01
2.678080587649615651e+01
2.684864007458216761e+01
2.684056227480070689e+01
2.685919191033919162e+01
2.681639147133423506e+01
2.688188437065162617e+01
2.683606509384888028e+01
2.690481109929385894e+01
2.684773384362789983e+01
2.685083889058004658e+01
2.689746312668069095e+01
2.686009833896126509e+01
2.683762856554063703e+01
2.684139047023837321e+01
2.682637827843251799e+01
2.680897328336387631e+01
2.680125301183424114e+01
2.679224613336369742e+01
2.677394748989467743e+01
2.677128356375875740e+01
2.677098922569137684e+01
2.676788456104715408e+01
2.675012060145617099e+01
2.676391797333752010e+01
2.676820496911988556e+01
2.678358471813538344e+01
2.678511153141110412e+01
2.681260588939615985e+01
2.683025003829168753e+01
2.685825129201284511e+01
2.689882976525179004e+01
2.691899521415460583e+01
2.695929576122331639e+01
2.699875139084615938e+01
2.702508978282916985e+01
2.705819445750054086e+01
2.707764935401275608e+01
2.712334626943520277e+01
2.715238634284907704e+01
2.718960285648198649e+01
2.721122180528615786e+01
2.723374788496434107e+01
2.726396975619758933e+01
2.729440906080566975e+01
2.732612370098823007e+01
2.735644510705827770e+01
2.737494142870232139e+01
2.740064455308887048e+01
2.743411490085038551e+01
2.745534054232423316e+01
2.748998044476349989e+01
2.748460930528684543e+01
2.752385171810899323e+01
2.752254955855456586e+01
2.754892271080051103e+01
2.756249517252505044e+01
2.757424039189328013e+01
2.758311618100491813e+01
2.760606104281413309e+01
2.761771245406927022e+01
2.762925016859328764e+01
2.764538771972855713e+01
2.764130474204791454e+01
2.765299851886198823e+01
2.765800317796325913e+01
2.767826905345600608e+01
2.768019197997946179e+01
2.768731216127665107e+01
2.770602603881552639e+01
2.770129647690854924e+01
2.770003606123703932e+01
2.772400205186266220e+01
2.772412241690093992e+01
2.774642680854285004e+01
2.773504088200199291e+01
2.774911645523081560e+01
2.775219445315036637e+01
2.775453415952673453e+01
2.776544262370490301e+01
2.776691909489897725e+01
2.775545045714733305e+01
2.776187788071499440e+01
2.776277180891318963e+01
2.777607992268810833e+01
2.777533388596528852e+01
2.778364528440475922e+01
2.779959855431882687e+01
2.778067864411199395e+01
2.779376702821074829e+01
2.779907347625455216e+01
2.780390671953127324e+01
2.779842285052055573e+01
2.780596383375701919e+01
2.781210188374100767e+01
2.780618631862865442e+01
2.781672716505288179e+01
2.780672107460574338e+01
2.781908217360182789e+01
2.782103018128362137e+01
2.783154431294649100e+01
2.782180085384458579e+01
2.783167191644603733e+01
2.781483827811871379e+01
2.780843616609403313e+01
2.781110094678552613e+01
2.781539631744122332e+01
2.781839512272632930e+01
2.781565786561817433e+01
2.780302366610857590e+01
2.781764371269112956e+01
2.784116531269965833e+01
2.779796283266686174e+01
2.780733904326045192e+01
2.782261324646974288e+01
2.779661397329326888e+01
2.775619200672031184e+01
2.776083849118234426e+01
2.775353021966481748e+01
2.774064516033303107e+01
2.773103157357088833e+01
2.774309295258976604e+01
2.772933596959228453e+01
2.773386017115684155e+01
2.772817134908437708e+01
2.771741380989632830e+01
2.770503927928336907e+01
2.771499104591580576e+01
2.769565467466654241e+01
2.768915520326788027e+01
2.766995984235499861e+01
2.766700257532435003e+01
2.765024729274350079e+01
2.762852668951744306e+01
2.760668635632198331e+01
2.759372095019404370e+01
2.757962262844315759e+01
2.756077632918835008e+01
2.754605495778765345e+01
2.751445743366034691e+01
2.750704479712777228e+01
2.748364157484353498e+01
2.745913418101991255e+01
2.743377901879916436e+01
2.741788566748949307e+01
2.740279399210330169e+01
2.738152898802454160e+01
2.734921430461763592e+01
2.733768285333812287e+01
2.731631504128238319e+01
2.728366143258116594e+01
2.726594612556336727e+01
2.725362407167367707e+01
2.722626419781100182e+01
2.720012062869392366e+01
2.719825658078708841e+01
2.715983324100324836e+01
2.713002569786258533e+01
2.712613447604035599e+01
2.710415344165264173e+01
2.709657740876657073e+01
2.707014391175300005e+01
2.706076669827279346e+01
2.703055672254425090e+01
2.702532218304824951e+01
2.700093914671038675e+01
2.697980639660010738e+01
2.696812616529502904e+01
2.696165685118567268e+01
2.694850192684921808e+01
2.693107600070025853e+01
2.692501073393741251e+01
2.690267227711015607e+01
2.691350344746811629e+01
2.689168263596927844e+01
2.688402712743616974e+01
2.687074556433226036e+01
2.687100288015407301e+01
2.685254974937020833e+01
2.684746535045208304e+01
2.684340629504709241e+01
2.683805439355933942e+01
2.682936254932820574e+01
2.681319114247217072e+01
2.681673805563298174e+01
2.682242900574807365e+01
2.681437525086990803e+01
2.679224891564157929e+01
2.680352753026955170e+01
2.680469172412197310e+01
2.680316656812637532e+01
2.680293317685660170e+01
2.679786645570820980e+01
2.680565560408108894e+01
2.678793668210850853e+01
2.680838963997520707e+01
2.680789278932669717e+01
2.681503563861832262e+01
2.681190551129961719e+01
2.680346311822846062e+01
2.680309282305469054e+01
2.680909269080378010e+01
2.681778489536249310e+01
2.682551947648263280e+01
2.682781661920686744e+01
2.683598308863403048e+01
2.684058440856069794e+01
2.684421390075934966e+01
2.684752069533458396e+01
2.685113650808391128e+01
2.687368249665239972e+01
2.685687596688264733e+01
2.687046072676520225e+01
2.687252458407355604e+01
2.686667489855578594e+01
2.688883022785707766e+01
2.687990761913142990e+01
2.688452146835000889e+01
2.689839106887016129e+01
2.690822215787900618e+01
2.691027939746241415e+01
2.690293475793043498e+01
2.693077447792524737e+01
2.691026644417888747e+01
2.692795640402133373e+01
2.692946411995407274e+01
2.693276136461701142e+01
2.694258510415887997e+01
2.695460252677428770e+01
2.694695450746460708e+01
2.695210452867310380e+01
2.695460556563902799e+01
2.694598380147930072e+01
2.695726641323474837e+01
2.695782397861758284e+01
2.695742774386471652e+01
2.696850678872380769e+01
2.697276716746269187e+01
2.697560771044864936e+01
2.697553339442371723e+01
2.697409326833399845e+01
2.696536786491207138e+01
2.697580437474046278e+01
2.696539473681932009e+01
2.697624916680639018e+01
2.698080722538272269e+01
2.698676837972907805e+01
2.700250886192447197e+01
2.700180169788575313e+01
2.699201753998406517e+01
2.697901706942836952e+01
2.698676895311302459e+01
2.698485858464388087e+01
2.698708627674934490e+01
2.699107465101740289e+01
2.699658720787451216e+01
2.699751464123035305e+01
2.699587591009924026e+01
2.699426361632447779e+01
2.699683505889279189e+01
2.699144948941402333e+01
2.699624391190735651e+01
2.699688444975196688e+01
2.700491158335541542e+01
2.700894848715476115e+01
2.699402731524526899e+01
2.700519189221637717e+01
2.700461004674364318e+01
2.700143443720225989e+01
2.700274394604976891e+01
2.699695147230234582e+01
2.699141663227270982e+01
2.698645150908898671e+01
2.699222113153108893e+01
2.698753792787802297e+01
2.701855037932341119e+01
2.701820981224231133e+01
2.701709651186758876e+01
2.701097683372583447e+01
2.701158549321050728e+01
2.700657554435279195e+01
2.700368826475306605e+01
2.700227137836625602e+01
2.701275958950240152e+01
2.701612001843404798e+01
2.701663863502079010e+01
2.701196224160437254e+01
2.700697488109143052e+01
2.700338680198109387e+01
2.701194935981266099e+01
2.700811274227745784e+01
2.700265526923560344e+01
2.701588210207857799e+01
2.702110484512744293e+01
2.702073873774799395e+01
2.702583649429179502e+01
2.702667189690999194e+01
2.701782424579178254e+01
2.701907963472499574e+01
2.701563103057856807e+01
2.701782174345094489e+01
2.701963924911311565e+01
2.700958474507699947e+01
2.701424193906316873e+01
2.701882307699636598e+01
2.702935582843453943e+01
2.703114918132838085e+01
2.702754089309841845e+01
2.701907192487055198e+01
2.701650960023300385e+01
2.700528377101734634e+01
2.701005077844618185e+01
2.702067903130970450e+01
2.701072324901942068e+01
2.699534309804896282e+01
2.701315552745881732e+01
2.701375997366526605e+01
2.699680234940893797e+01
2.699648634913954481e+01
2.698997918537114771e+01
2.699425415816476459e+01
2.700304598179656423e+01
2.698940639051188839e+01
2.699912926080646614e+01
2.699154449618713869e+01
2.697309442130171675e+01
2.696605176473196508e+01
2.696899641754664856e+01
2.697060450944960053e+01
2.696227831904374028e+01
2.695745324182267666e+01
2.695200205547629579e+01
2.695134109241457310e+01
2.693477937526855115e+01
2.692796301291116379e+01
2.692821601404455834e+01
2.692138060146839607e+01
2.690337671903461114e+01
2.691885297044480296e+01
2.690137860797549862e+01
2.689673773656506839e+01
2.689999249075273013e+01
2.689526127130638145e+01
2.687752146037940904e+01
2.687016023987216329e+01
2.687477690479413539e+01
2.686577217260644801e+01
2.686969422549093878e+01
2.687251920747156930e+01
2.685403791468446855e+01
2.684961504502963336e+01
2.684625432976677217e+01
2.684047311197645058e+01
2.685027802777137040e+01
2.684851420566565139e+01
2.685230790395852196e+01
2.683281431793617244e+01
2.683075599853391324e+01
2.683433927200192670e+01
2.681143806359636272e+01
2.682626579851931936e+01
2.682772959055348849e+01
2.682834971424384207e+01
2.681797686944774028e+01
2.682882247546218935e+01
2.681800508800390048e+01
2.682145023179960930e+01
2.681546811875738001e+01
2.682715955930165919e+01
2.682337456622203220e+01
2.682547911342559388e+01
2.682864700089066901e+01
2.683224581833087541e+01
2.682739773027401498e+01
2.682604866344785677e+01
2.682651222316422235e+01
2.682312051084708315e+01
2.682636580462354203e+01
2.681841360468466107e+01
2.681853236091664172e+01
2.683740017749278550e+01
2.682839836676241774e+01
2.683496692743577228e+01
2.683450407769073820e+01
2.683594736071481179e+01
2.683883695177627615e+01
2.684104626794743709e+01
2.683084347415173099e+01
2.684013692919889138e+01
2.683545599521759328e+01
2.683605634685049068e+01
2.683950180710890976e+01
2.684081299780807228e+01
2.684428209017153222e+01
2.685468675859462806e+01
2.685977947614202677e+01
2.685666412089782185e+01
2.685949228795896104e+01
2.685273307700885681e+01
2.685655647196970719e+01
2.684988291511915648e+01
2.685210395716899612e+01
2.687115102851808146e+01
2.686342661257183551e+01
2.686540973775579033e+01
2.687586715243035584e+01
2.686918607458388308e+01
2.686995640995163015e+01
2.686156828754715065e+01
2.686115899834094733e+01
2.687834029198690899e+01
2.687438055113639024e+01
2.687901426428892648e+01
2.689289612052785472e+01
2.689582247918561819e+01
2.688916394385854147e+01
2.689847433528729681e+01
2.689204105551725021e+01
2.689581015121863672e+01
2.689939925306256896e+01
2.691190040300804043e+01
2.691456167973289126e+01
2.691309140218091045e+01
2.691739515894914092e+01
2.690554327868746043e+01
2.693409422509864726e+01
2.694262900896420021e+01
2.692568813727653421e+01
2.694339764855216046e+01
2.694533269894320782e+01
2.694808797225941888e+01
2.695149474826721558e+01
2.695908350247545826e+01
2.696534855686699927e+01
2.694994884320884410e+01
2.697181585345098398e+01
2.696648578055355117e+01
2.697033562080957836e+01
2.699199574391323964e+01
2.698484390906011043e+01
2.698318680218890364e+01
2.697754496792014933e+01
2.699847408852268060e+01
2.699707558538541718e+01
2.698698748649045598e+01
2.698414549798041406e+01
2.700339166355527354e+01
2.702328214270713502e+01
2.701886165534492079e+01
2.703820539340189555e+01
2.703663490066275443e+01
2.702374700635192539e+01
2.701452281433616776e+01
2.704433406164915255e+01
2.703137334176094342e+01
2.700600580356382352e+01
2.700080522858363707e+01
2.699665273919898922e+01
2.701967663803708319e+01
2.700621272610712964e+01
2.699826027268161255e+01
2.699859338483924276e+01
2.698480726247066741e+01
2.699198148243024775e+01
2.698886715806402492e+01
2.697850352639167681e+01
2.697129919740348925e+01
2.697828599398599891e+01
2.697428533412927720e+01
2.697083837203950196e+01
2.697059114140369473e+01
2.698038108975389093e+01
2.696544696249400275e+01
2.699801422766487491e+01
2.699734019759367243e+01
2.700343755523585187e+01
2.701594947153891724e+01
2.702248706629020347e+01
2.702800762955807912e+01
2.704763673606614560e+01
2.705826653031947870e+01
2.708197901558115461e+01
2.708111451238054457e+01
2.710204746605767667e+01
2.710825269333830079e+01
2.712546443530323614e+01
2.715219193607952519e+01
2.716453285767331494e+01
2.717892708875393026e+01
2.719747713967430514e+01
2.721515087700349511e+01
2.721999918169880317e+01
2.724398759650588175e+01
2.725883887514294912e+01
2.726711680048298092e+01
2.728849189514728479e+01
2.729586493416579529e+01
2.730231726081803600e+01
2.732873690912347797e+01
2.733231592391369702e+01
2.734621387185455887e+01
2.736241985900085183e+01
2.737428155430281507e+01
2.738437200444329989e+01
2.739381160421460848e+01
2.739711565352243738e+01
2.741893783132807982e+01
2.743565270986582050e+01
2.743171351230518695e+01
2.745549633535023659e+01
2.746231622050878229e+01
2.746196798098229053e+01
2.748095358799412224e+01
2.747945351545829951e+01
2.747570222737154921e+01
2.750213427476831995e+01
2.750453144804357208e+01
2.750243733529506684e+01
2.750404045204171055e+01
2.751396865196378982e+01
2.752647964058427021e+01
2.752855721410186263e+01
2.753014935684741715e+01
2.753342702314296986e+01
2.754528121838543697e+01
2.754504011205037628e+01
2.755120997551100714e+01
2.755339013174669915e+01
2.756449288575277734e+01
2.755639464184330478e+01
2.756068744305818896e+01
2.756988293391584222e+01
2.757294358031005643e+01
2.756656918468013373e+01
