0.000000000000000000e+00
0.000000000000000000e+00
0.000000000000000000e+00
0.000000000000000000e+00
0.000000000000000000e+00
0.000000000000000000e+00
0.000000000000000000e+00
0.000000000000000000e+00
0.000000000000000000e+00
0.000000000000000000e+00
0.000000000000000000e+00
0.000000000000000000e+00
0.000000000000000000e+00
0.000000000000000000e+00
0.000000000000000000e+00
0.000000000000000000e+00
0.000000000000000000e+00
0.000000000000000000e+00
0.000000000000000000e+00
0.000000000000000000e+00
0.000000000000000000e+00
0.000000000000000000e+00
0.000000000000000000e+00
0.000000000000000000e+00
0.000000000000000000e+00
0.000000000000000000e+00
0.000000000000000000e+00
0.000000000000000000e+00
0.000000000000000000e+00
0.000000000000000000e+00
0.000000000000000000e+00
0.000000000000000000e+00
0.000000000000000000e+00
0.000000000000000000e+00
0.000000000000000000e+00
0.000000000000000000e+00
0.000000000000000000e+00
0.000000000000000000e+00
0.000000000000000000e+00
0.000000000000000000e+00
0.000000000000000000e+00
0.000000000000000000e+00
0.000000000000000000e+00
0.000000000000000000e+00
0.000000000000000000e+00
0.000000000000000000e+00
0.000000000000000000e+00
0.000000000000000000e+00
0.000000000000000000e+00
0.000000000000000000e+00
0.000000000000000000e+00
0.000000000000000000e+00
0.000000000000000000e+00
0.000000000000000000e+00
0.000000000000000000e+00
0.000000000000000000e+00
0.000000000000000000e+00
0.000000000000000000e+00
0.000000000000000000e+00
0.000000000000000000e+00
0.000000000000000000e+00
0.000000000000000000e+00
0.000000000000000000e+00
0.000000000000000000e+00
0.000000000000000000e+00
0.000000000000000000e+00
0.000000000000000000e+00
0.000000000000000000e+00
0.000000000000000000e+00
0.000000000000000000e+00
0.000000000000000000e+00
0.000000000000000000e+00
0.000000000000000000e+00
0.000000000000000000e+00
0.000000000000000000e+00
0.000000000000000000e+00
0.000000000000000000e+00
0.000000000000000000e+00
0.000000000000000000e+00
0.000000000000000000e+00
0.000000000000000000e+00
0.000000000000000000e+00
0.000000000000000000e+00
0.000000000000000000e+00
0.000000000000000000e+00
0.000000000000000000e+00
0.000000000000000000e+00
0.000000000000000000e+00
0.000000000000000000e+00
0.000000000000000000e+00
0.000000000000000000e+00
0.000000000000000000e+00
0.000000000000000000e+00
0.000000000000000000e+00
0.000000000000000000e+00
0.000000000000000000e+00
0.000000000000000000e+00
0.000000000000000000e+00
0.000000000000000000e+00
0.000000000000000000e+00
0.000000000000000000e+00
0.000000000000000000e+00
0.000000000000000000e+00
0.000000000000000000e+00
0.000000000000000000e+00
0.000000000000000000e+00
0.000000000000000000e+00
0.000000000000000000e+00
0.000000000000000000e+00
0.000000000000000000e+00
0.000000000000000000e+00
0.000000000000000000e+00
0.000000000000000000e+00
3.422303593655581011e+00
3.208601366958145462e+00
4.704817934778278143e+00
4.906229244503371945e+00
5.895233724174504530e+00
6.873487343912639602e+00
7.383996219472384936e+00
7.912051930126844823e+00
8.696213369178746433e+00
9.248557215160440492e+00
9.808142225772003897e+00
1.053775123727334950e+01
1.112515516115723990e+01
1.178523713195477107e+01
1.230368932037078267e+01
1.296048536010503049e+01
1.354965126966808242e+01
1.402642696622540797e+01
1.482899609826783305e+01
1.535732798892184547e+01
1.594783162369458651e+01
1.654751059351484344e+01
1.695286418817367036e+01
1.754886305605219476e+01
1.806637038398245210e+01
1.843674529320321653e+01
1.909703160518125742e+01
1.950307753609016714e+01
2.024709929579946888e+01
2.053418454284790684e+01
2.099492364598889793e+01
2.164661511046016784e+01
2.216320113878016329e+01
2.275005686878746403e+01
2.326561610299560101e+01
2.376132149570061358e+01
2.424950342906835132e+01
2.460880414829651741e+01
2.508893229232540989e+01
2.566551210006500128e+01
2.610440396131626883e+01
2.658616566947986115e+01
2.700338114929789413e+01
2.741077076097407073e+01
2.783350105884771608e+01
2.821115049188259860e+01
2.869065152921120543e+01
2.908961293272447435e+01
2.945951454349586385e+01
2.979317560830977385e+01
3.017354083697556888e+01
3.044691101245656384e+01
3.085536117326070382e+01
3.107351760969596555e+01
3.139803229022647812e+01
3.170032956350550535e+01
3.197789523780112830e+01
3.232575563582786771e+01
3.256346623263013385e+01
3.288971232168369596e+01
3.305358287271132411e+01
3.346324671033210052e+01
3.367276544615101841e+01
3.404039808889744023e+01
3.426734531454971489e+01
3.446227413983768173e+01
3.480258860876037375e+01
3.489240114268031334e+01
3.530235039799153896e+01
3.556527992434162400e+01
3.572540438871830304e+01
3.593543327743768145e+01
3.603259317753159507e+01
3.623580315997367052e+01
3.645171641737424295e+01
3.668894291245221240e+01
3.689193312981386441e+01
3.709631010135721851e+01
3.721554806295789319e+01
3.734707972216040162e+01
3.743477489454726737e+01
3.759461007048233228e+01
3.771142544618643910e+01
3.784369179588998833e+01
3.802518880271827584e+01
3.818421262058012644e+01
3.827782750675664403e+01
3.840562355362995817e+01
3.852903881041596890e+01
3.860645104354647117e+01
3.868623896100321957e+01
3.877495707536447611e+01
3.881723021344959079e+01
3.885148685084940468e+01
3.887906690146333233e+01
3.891518477278667376e+01
3.897040475275582594e+01
3.903178982862463897e+01
3.906847232718569529e+01
3.911092204156237528e+01
3.918376944082920232e+01
3.919317170257395588e+01
3.927216645223910518e+01
3.930793566112701853e+01
3.932612606368162034e+01
3.937733506433873032e+01
3.938473701547741967e+01
3.942047179322339900e+01
3.939000003113288528e+01
3.940795909847364697e+01
3.940507198934050592e+01
3.940133665781716132e+01
3.939802104406193450e+01
3.938401035228579872e+01
3.940311440365552897e+01
3.937985670284342632e+01
3.942754429243405667e+01
3.937389779142588964e+01
3.939562187713349317e+01
3.938252421391937474e+01
3.936226282018034794e+01
3.934538148184017814e+01
3.932719304903652358e+01
3.933011961183134275e+01
3.933055912771116880e+01
3.936149979702265966e+01
3.925928509982603032e+01
3.894385449116300890e+01
3.908878077053423539e+01
3.917073126574103270e+01
3.908389973500433712e+01
3.900439950506235220e+01
3.886377229771203901e+01
3.880459393878299323e+01
3.870293062405016826e+01
3.863807555941102123e+01
3.853011041310153217e+01
3.853757182480276811e+01
3.853504589622197329e+01
3.833559947056006934e+01
3.828375652656315964e+01
3.805898429605264965e+01
3.825203280056339850e+01
3.816964131980830643e+01
3.806554360574119045e+01
3.788979067443755611e+01
3.774678420172274684e+01
3.766136986593869551e+01
3.751334301774113555e+01
3.736845326696435166e+01
3.721435408848272175e+01
3.707310099991630636e+01
3.698494042164414708e+01
3.676282021863404736e+01
3.673350252710678632e+01
3.656406307900722652e+01
3.639322972353421903e+01
3.622859702467135889e+01
3.609580593882571975e+01
3.592729266417764933e+01
3.584321852418140963e+01
3.567296724401253982e+01
3.558406216617720474e+01
3.538286181651082529e+01
3.517367472999198696e+01
3.508520907515762843e+01
3.483340795417934999e+01
3.469948841498315772e+01
3.452631543596611152e+01
3.430375716616745763e+01
3.415121177807849762e+01
3.392672100239660438e+01
3.377694559462642587e+01
3.360706802238671997e+01
3.342665732311520799e+01
3.327372914052833863e+01
3.304417050912866216e+01
3.291331204696189161e+01
3.279606445639147694e+01
3.259666313604585497e+01
3.239102014390695672e+01
3.217248403637339038e+01
3.209509249700123235e+01
3.196457323520531801e+01
3.175552344327509502e+01
3.154982792771976108e+01
3.137336721645195681e+01
3.124680032031990606e+01
3.105131152814939455e+01
3.092473405564913236e+01
3.071859623947415940e+01
3.052533799039662554e+01
3.032404583011819454e+01
3.011083490717127020e+01
2.993105860729695422e+01
2.979158944673127607e+01
2.958162187407904042e+01
2.941741706594673644e+01
2.923692352844573250e+01
2.906669476528118423e+01
2.889233382179458332e+01
2.874032826544909014e+01
2.853906359604929577e+01
2.838922842440297245e+01
2.820523813408693314e+01
2.801520688570415274e+01
2.782570562740255227e+01
2.767279172952382993e+01
2.751756124809303827e+01
2.731919091475113248e+01
2.714307338582277040e+01
2.701024166064620147e+01
2.684755300153477009e+01
2.665263387515299343e+01
2.651060093773815751e+01
2.637562289381402536e+01
2.621783454645917644e+01
2.608827411227200344e+01
2.588768575157375551e+01
2.572176011517025529e+01
2.556984431249816225e+01
2.546196122113099491e+01
2.532236013410496867e+01
2.518003359490290549e+01
2.507364799587055515e+01
2.491325104142832458e+01
2.481463858832741209e+01
2.469291476687251219e+01
2.453086051397978196e+01
2.442949171125533780e+01
2.430153431462722580e+01
2.416947444302954295e+01
2.407456335565222005e+01
2.397063134204299217e+01
2.381665631164722186e+01
2.376788354874172882e+01
2.362807069751452005e+01
2.354689961701387446e+01
2.342076444231333809e+01
2.328007580962422196e+01
2.325698985329371737e+01
2.313814365899770564e+01
2.307549636449233788e+01
2.295595597257260323e+01
2.284315974751748612e+01
2.278290454013527722e+01
2.268734281174021561e+01
2.259763685941500455e+01
2.256798718635839407e+01
2.248859577973722423e+01
2.244256057799865189e+01
2.231517288581746428e+01
2.231909461686454677e+01
2.219367304903391869e+01
2.214007155705655805e+01
2.208935154793045541e+01
2.205510324687048040e+01
2.195938890480174877e+01
2.195952889848197742e+01
2.191314709858913545e+01
2.184243429288935445e+01
2.183930384820330062e+01
2.182046663660078067e+01
2.175826216553188885e+01
2.168398447127716366e+01
2.166438839263859251e+01
2.165078862441271212e+01
2.168293980635330342e+01
2.167307613671485100e+01
2.156297052806413461e+01
2.159349845811284041e+01
2.154877848591783973e+01
2.158441714024661451e+01
2.155625940874863034e+01
2.155039289506573397e+01
2.155055401539478765e+01
2.153937687567630377e+01
2.153998929059024903e+01
2.148180466573221636e+01
2.151003295119919301e+01
2.160369648361372441e+01
2.155240474524113736e+01
2.158148795504357764e+01
2.158911306720163736e+01
2.158870816852369501e+01
2.164760156292895132e+01
2.162732140380252233e+01
2.165139811060839037e+01
2.166158926120941430e+01
2.172405199911688456e+01
2.174362700650361546e+01
2.180112521045360552e+01
2.191647232754414176e+01
2.190885208030024955e+01
2.198480464897526332e+01
2.200736267177071426e+01
2.204147590681127866e+01
2.210952104456721656e+01
2.217607374000539266e+01
2.218758557629185901e+01
2.228671447871203526e+01
2.233308493279197648e+01
2.242227830842205805e+01
2.246577322021406786e+01
2.250104967997519623e+01
2.261089493801120653e+01
2.272458639899635813e+01
2.273771154588526500e+01
2.282981332275193154e+01
2.289294130211977318e+01
2.297087515332992069e+01
2.308189428397097132e+01
2.312346282044966728e+01
2.322124047035980610e+01
2.327194470513629909e+01
2.337211121664143931e+01
2.343355343510526723e+01
2.353916964162617376e+01
2.365837842976316097e+01
2.371943536362636351e+01
2.381039062631513303e+01
2.388740960086421694e+01
2.399708340898303405e+01
2.408360423107676240e+01
2.418073844336802836e+01
2.426634384177611281e+01
2.434550671892507978e+01
2.442606592263058474e+01
2.456515971197705994e+01
2.461707856196540334e+01
2.473369709591137067e+01
2.484449643718262379e+01
2.492577848785929007e+01
2.503515123482394955e+01
2.507039581746961687e+01
2.520620846593304520e+01
2.529600673653137832e+01
2.538705913667718050e+01
2.546206662056257741e+01
2.560223459950023894e+01
2.569588012091053741e+01
2.579033657339540753e+01
2.588531210671688854e+01
2.595811790856065215e+01
2.607497450905184522e+01
2.613994868791371573e+01
2.625591301968248459e+01
2.635097316209246898e+01
2.644428733560581790e+01
2.652958890187539254e+01
2.661627952703993572e+01
2.668641253991536999e+01
2.677825344014638986e+01
2.686598528194102187e+01
2.699939812544353757e+01
2.704827282934267529e+01
2.713933992968552289e+01
2.722343707594624007e+01
2.734006899177234828e+01
2.739487504905229187e+01
2.749700537055176852e+01
2.758386775282335179e+01
2.767433922558974757e+01
2.771294644862721057e+01
2.783459416028996003e+01
2.787903384174651222e+01
2.796102039002814621e+01
2.804789636290048804e+01
2.813130809586312608e+01
2.821624426838962663e+01
2.825662620790900093e+01
2.832970057196964220e+01
2.836549792598307818e+01
2.841694064102574302e+01
2.853229057908778188e+01
2.853307486878935606e+01
2.866272984041372496e+01
2.873179454385670084e+01
2.879638007543294265e+01
2.880813940340038215e+01
2.887019964826204443e+01
2.893437264153189759e+01
2.900257795546156103e+01
2.903042929810238348e+01
2.909794965190310023e+01
2.915890057197461971e+01
2.920076089513337791e+01
2.924923090625838995e+01
2.927469658642568007e+01
2.934787534499024275e+01
2.937972857694716566e+01
2.939389737710308026e+01
2.946152240339995743e+01
2.946601471494047075e+01
2.952243840257570184e+01
2.953689419484042489e+01
2.955466067614732850e+01
2.956880885560954653e+01
2.959014110339848003e+01
2.961116719357644200e+01
2.964059564327543939e+01
2.963727565938638264e+01
2.965547350590765419e+01
2.965082204844219405e+01
2.967331088690334440e+01
2.964587815491307055e+01
2.968571044315532959e+01
2.965934353891029929e+01
2.967737353061374250e+01
2.967931973436346027e+01
2.966488863084338590e+01
2.966797890450974506e+01
2.965533211516036971e+01
2.965019458821652876e+01
2.961670516780684892e+01
2.961624194189318615e+01
2.959790384331578394e+01
2.959137145804787394e+01
2.958981882790125439e+01
2.958087351986942082e+01
2.959829116548262462e+01
2.960130084257670902e+01
2.962128559421153184e+01
2.962887231825028422e+01
2.964984278398256379e+01
2.966059878179008535e+01
2.966623973717840101e+01
2.967206147868601818e+01
2.967695456668937481e+01
2.968766333960171266e+01
2.969057545686257882e+01
2.969257050823830113e+01
2.970519852329805133e+01
2.967589477157326527e+01
2.968517931565887125e+01
2.970794710211317380e+01
2.966849217378271675e+01
2.969012278851022302e+01
2.967865847837589399e+01
2.966103597912693601e+01
2.963829909591424894e+01
2.964761762118188315e+01
2.962370133112774795e+01
2.960312044332417258e+01
2.958784936671140642e+01
2.955951999242425643e+01
2.954327053747527998e+01
2.949500556305172694e+01
2.948331949338141555e+01
2.942590112972406047e+01
2.940153097898116386e+01
2.932977929689729990e+01
2.930683720543149917e+01
2.925616382082933598e+01
2.920390770974079686e+01
2.912344818084863007e+01
2.904366488292559723e+01
2.903292960765344333e+01
2.897515244022548586e+01
2.890320687477062478e+01
2.884742456185178838e+01
2.877298116995398303e+01
2.868074053992728523e+01
2.861381266492180586e+01
2.850886674502143592e+01
2.847953817691027822e+01
2.840897234639770019e+01
2.834203323750580239e+01
2.822922180505089784e+01
2.816256809322850430e+01
2.809270771218294271e+01
2.803350047426209812e+01
2.795080106323211311e+01
2.785375250222732646e+01
2.774638247439503047e+01
2.770984838193811584e+01
2.762099008039707826e+01
2.756007588833917765e+01
2.751515895018625457e+01
2.742980524650095475e+01
2.735594392155816479e+01
2.724049834628344513e+01
2.718824220589186069e+01
2.709970622665221995e+01
2.703936434838272618e+01
2.694488826549748239e+01
2.686896748928986156e+01
2.679235728436806596e+01
2.674817973797258830e+01
2.667509891419891943e+01
2.660236247430757217e+01
2.655582110102879057e+01
2.645842929412869182e+01
2.641807118471255578e+01
2.630657223443514070e+01
2.626725520804662395e+01
2.619855372318403042e+01
2.610737332204604400e+01
2.604421717801603364e+01
2.601327860745016096e+01
2.591451278294991312e+01
2.584247451146372043e+01
2.579821965051342758e+01
2.570931095693052981e+01
2.565969184523034841e+01
2.557372395081998917e+01
2.553967831316568393e+01
2.545525504271501660e+01
2.541810723187714416e+01
2.535346008513811000e+01
2.531015559270247905e+01
2.526824624392371632e+01
2.520195360092317571e+01
2.516015214966008529e+01
2.509468810190408661e+01
2.506061879421117311e+01
2.501444181673615930e+01
2.495780395640569793e+01
2.489882105399561141e+01
2.488238807624594173e+01
2.481808107583196588e+01
2.480483850196060658e+01
2.477394980565783200e+01
2.469370731934498053e+01
2.469225071510454228e+01
2.462160814195515712e+01
2.457706894412543619e+01
2.457154574012320936e+01
2.451152736328767645e+01
2.447003599533695350e+01
2.445325958912117414e+01
2.442138583702620735e+01
2.437745899999547561e+01
2.439231333620826447e+01
2.431450279804209202e+01
2.434867580185561664e+01
2.425102586148098993e+01
2.429032058119402038e+01
2.429417383567819400e+01
2.425860151377161600e+01
2.418596094220587744e+01
2.422162705117865400e+01
2.422636452993929623e+01
2.416739311132130297e+01
2.419985229048331021e+01
2.417059943170051284e+01
2.418453342168121623e+01
2.419862597884338840e+01
2.420011886781239241e+01
2.417223836218386879e+01
2.419734434744778540e+01
2.413433242710996751e+01
2.414671076178898090e+01
2.414365630069314506e+01
2.421921317402382101e+01
2.417646309565198948e+01
2.422768010122647553e+01
2.422013947195500094e+01
2.423544957588676851e+01
2.431211284819120166e+01
2.426236799173952718e+01
2.427227491630680589e+01
2.434826717538422969e+01
2.435867609011221901e+01
2.439204072052195471e+01
2.439012485243530293e+01
2.441698717875369340e+01
2.447109660674355069e+01
2.451080433836800765e+01
2.456708580318886703e+01
2.458084433208362896e+01
2.459702761459303133e+01
2.467086021914798266e+01
2.471046397199312139e+01
2.474956961152182799e+01
2.478656430382765663e+01
2.479674912920989982e+01
2.488472924940633746e+01
2.491768192642630808e+01
2.495406948776782485e+01
2.500411215735395132e+01
2.508103259242941618e+01
2.510548402866967876e+01
2.517024526112170690e+01
2.519591365784224735e+01
2.526749394659323400e+01
2.530461026342799613e+01
2.537950490928120217e+01
2.541752710442551688e+01
2.549850281329497292e+01
2.554306575311465366e+01
2.561522368936401861e+01
2.567857689273623834e+01
2.573611370285586730e+01
2.579927654791421432e+01
2.586119930780108689e+01
2.591797378368366367e+01
2.597343914035987211e+01
2.601371819970534816e+01
2.610879589162702885e+01
2.618480143545833272e+01
2.622059123151122506e+01
2.630846026028763518e+01
2.638141513273684780e+01
2.644285913156710421e+01
2.649981718327940428e+01
2.658146816109825039e+01
2.665395141439432791e+01
2.667724061037144878e+01
2.675471550372617102e+01
2.682854668433712675e+01
2.687263452138394015e+01
2.693334943329290709e+01
2.700704813466805376e+01
2.706874651947781274e+01
2.712611773431890327e+01
2.718126119377564009e+01
2.721778003731215279e+01
2.728745258248626016e+01
2.734164146408431151e+01
2.739327283877974395e+01
2.741896958941511997e+01
2.743583070726966966e+01
2.747476355200727482e+01
2.749072337178677117e+01
2.746350104508222500e+01
2.747342807735006076e+01
2.747797591592899025e+01
2.748809244165971677e+01
2.747011942606373935e+01
2.745842589820518853e+01
2.743660010842856423e+01
2.744270117608816406e+01
2.742295523236017374e+01
2.744787064140359689e+01
2.743991672479431543e+01
2.744622765161303590e+01
2.734887577732143527e+01
2.740825857510798258e+01
2.738713629989358012e+01
2.746747566835329835e+01
2.738121617717409606e+01
2.748237150050105981e+01
2.757387120247284429e+01
2.766707920921460939e+01
2.764244952874490480e+01
2.777615364217377447e+01
2.798865399677451649e+01
2.802061507421527864e+01
2.806724656300063714e+01
2.813486612411596610e+01
2.826687606551643483e+01
2.834428672822951256e+01
2.843938600346181644e+01
2.850055189269070155e+01
2.860893134288590289e+01
2.867301412721019460e+01
2.873162141541398285e+01
2.876912262892356864e+01
2.884217130632517723e+01
2.888492925406019296e+01
2.892573510218507593e+01
2.895898421249225407e+01
2.898057120511566964e+01
2.902577790053431173e+01
2.903155108593492528e+01
2.905400323918539129e+01
2.907719629905835745e+01
2.909631476914545800e+01
2.911249908998176394e+01
2.912482500208931668e+01
2.914901471404609623e+01
2.916193256936566414e+01
2.920101918571215549e+01
2.914949577966520167e+01
2.917047535848426776e+01
2.920760107411895135e+01
2.918769089173295228e+01
2.918572883492659287e+01
2.918190251788847078e+01
2.923003732073335215e+01
2.922618036798585806e+01
2.919126215222493670e+01
2.920981063851429127e+01
2.921262453593735131e+01
2.916715131936891936e+01
2.920369054831920863e+01
2.921430651943010659e+01
2.919162670180854491e+01
2.919877619132308411e+01
2.921172047172908748e+01
2.918113273072465219e+01
2.921102095815758304e+01
2.919585947512951662e+01
2.918934385622214123e+01
2.916705795537396284e+01
2.916824190449607812e+01
2.917062768075488322e+01
2.914819891707804089e+01
2.916314670908457174e+01
2.913522060904783473e+01
2.912645718746662027e+01
2.910837352548403345e+01
2.914565239362092441e+01
2.910487500973802355e+01
2.903823459392645034e+01
2.913303813120069918e+01
2.912098659545418400e+01
2.913686814789147306e+01
2.912696995604476058e+01
2.912339952142744437e+01
2.901924242089143746e+01
2.900714625634201127e+01
2.890470364437425843e+01
2.883916022607814256e+01
2.880148670279099932e+01
2.883042905866498629e+01
2.879562911469442099e+01
2.885474109090273487e+01
2.885452569239251375e+01
2.892787100476920159e+01
2.897028287372207345e+01
2.896441972059491121e+01
2.901935096037021111e+01
2.902814702679694747e+01
2.903530847072489252e+01
2.912427677480805954e+01
2.913318534143115102e+01
2.914512991969393241e+01
2.919496420769308997e+01
2.917909298452561018e+01
2.920654065242469599e+01
2.917409792518211376e+01
2.918357886601680562e+01
2.918898336698240570e+01
2.914929392539339048e+01
2.915212688395775587e+01
2.912070101573493730e+01
2.912165525641724528e+01
2.907468198868371800e+01
2.903017321621624802e+01
2.903162449245871102e+01
2.900725317496212341e+01
2.894200385565112299e+01
2.894424433220418535e+01
2.888921287644235747e+01
2.887416889924071128e+01
2.887547012027233961e+01
2.880034177766517800e+01
2.876690738891436894e+01
2.874540656080319323e+01
2.868164703779128644e+01
2.864551197227804025e+01
2.859764289681933747e+01
2.859778868103666127e+01
2.854661882914519566e+01
2.849837160687438598e+01
2.849606755562246363e+01
2.842291060755333376e+01
2.836613790618541131e+01
2.835086290144745647e+01
2.828722088765699283e+01
2.825234846009454159e+01
2.820175000130693377e+01
2.821639242875595244e+01
2.819317183221038547e+01
2.807205131202019643e+01
2.806968175015387601e+01
2.800483899341450211e+01
2.799297836793964933e+01
2.792578918183809122e+01
2.785392334852424057e+01
2.785553157119082712e+01
2.780385399194365448e+01
2.776815174693325616e+01
2.771915628530373965e+01
2.768723121119295882e+01
2.764859312458505158e+01
2.761614572091490061e+01
2.755469367787196688e+01
2.752787298330329691e+01
2.749698694212972327e+01
2.743762321987085429e+01
2.738568497512229172e+01
2.736669532040283315e+01
2.731683267148704175e+01
2.730416740184990942e+01
2.723091072647652666e+01
2.719939474175879468e+01
2.714514493162569408e+01
2.710855405100409143e+01
2.708439779435976291e+01
2.704901023569590279e+01
2.699333645644411206e+01
2.696217938779952306e+01
2.690996817805162422e+01
2.686017326545614736e+01
2.684354071240812445e+01
2.681629299897355878e+01
2.675831351178010209e+01
2.672590284559997542e+01
2.669341598417256023e+01
2.666582513138883215e+01
2.663015573404891612e+01
2.657270428924026007e+01
2.654413759579286136e+01
2.653035265723134728e+01
2.650827875400585754e+01
2.644484415921878906e+01
2.641604205740539868e+01
2.639461689291444202e+01
2.635982848857871730e+01
2.632009173479161035e+01
2.630337856768588267e+01
2.627965704003613112e+01
2.623974812003457657e+01
2.621063810692899310e+01
2.618789641507498445e+01
2.617886782192324091e+01
2.613074634009606356e+01
2.610196420269516082e+01
2.608329831123955245e+01
2.607648627915018835e+01
2.603144507885468428e+01
2.602458504186067501e+01
2.598329790017255903e+01
2.599149783293975702e+01
2.597063581431881474e+01
2.591555174185552346e+01
2.592490083640592857e+01
2.590336954605130515e+01
2.589997168612734413e+01
2.588300946743146014e+01
2.585477109206487256e+01
2.583143676056122828e+01
2.580316660515829597e+01
2.579908767499135536e+01
2.581546424864354350e+01
2.578119445442339952e+01
2.576845553935025279e+01
2.574697316064080610e+01
2.574422376937912205e+01
2.572908906446676625e+01
2.573178885473464561e+01
2.569589089527240588e+01
2.571313598651702392e+01
2.570681441796192956e+01
2.569337259329984136e+01
2.566212028109082510e+01
2.562919644246544237e+01
2.567718404598133475e+01
2.564620237059384777e+01
2.565399064186778944e+01
2.564897863997064320e+01
2.564361395897821438e+01
2.561036880611320043e+01
2.560257407434832544e+01
2.558199822823542036e+01
2.558138985166487345e+01
2.560868310269723480e+01
2.556887589011797957e+01
2.556912183627732560e+01
2.556843641510775456e+01
2.555506857519387154e+01
2.554256355235424181e+01
2.554412721784514773e+01
2.552748989016349412e+01
2.554041104467163237e+01
2.551352649438551978e+01
2.552071988356376409e+01
2.550243136967661428e+01
2.548492312803540472e+01
2.548307710061879305e+01
2.548543642135081910e+01
2.548943639341812073e+01
2.545813458819485220e+01
2.546020289782418899e+01
2.547241338432626634e+01
2.544984468104735242e+01
2.542254305658504876e+01
2.541407673395278266e+01
2.541027131151977159e+01
2.539998522495482902e+01
2.539072055868013322e+01
2.537311338782925318e+01
2.539401165499963042e+01
2.538608316895430050e+01
2.535362445316351199e+01
2.534945374240048110e+01
2.536112973549556671e+01
2.533408798568823528e+01
2.532681931024243482e+01
2.532182821178954413e+01
2.530484340694353307e+01
2.531369506075937892e+01
2.530508272423183769e+01
2.527048801789275245e+01
2.528610280380821251e+01
2.527702237154640130e+01
2.528358249711438077e+01
2.525321236715383222e+01
2.525718602924787604e+01
2.525159371128361840e+01
2.522866783504623100e+01
2.523512704167881182e+01
2.522633867307301614e+01
2.523942359691852744e+01
2.522126505654717832e+01
2.520044564351296756e+01
2.520621434586776388e+01
2.520328802924476719e+01
2.520725260579320093e+01
2.518377770958820605e+01
2.518878885179951155e+01
2.517807981014594887e+01
2.520470998611324376e+01
2.520767654823716697e+01
2.521299087947090811e+01
2.519398374808361751e+01
2.522820669417357209e+01
2.520261427812643262e+01
2.518118966546425952e+01
2.523480677132707228e+01
2.521976324295369665e+01
2.521439479423398566e+01
2.519668728886581022e+01
2.522895541945154818e+01
2.523673111244445266e+01
2.524775642842242007e+01
2.524182154676412182e+01
2.525628428871215903e+01
2.525940626896177577e+01
2.527262926264159759e+01
2.526423190611402703e+01
2.529263974371088608e+01
2.526450481547336580e+01
2.527953190977112996e+01
2.530577224719018758e+01
2.530655437247346740e+01
2.533842151176283153e+01
2.533533611651653672e+01
2.534622121534652806e+01
2.538044490953600985e+01
2.538750813189040656e+01
2.541362006077857316e+01
2.541847220823919784e+01
2.546467606370589110e+01
2.544352951353055303e+01
2.546331576020601872e+01
2.548024050558830567e+01
2.550473084935867618e+01
2.547361927877228993e+01
2.554835607636468353e+01
2.554600305047601694e+01
2.557871622777325626e+01
2.559550138705314026e+01
2.558135761199774194e+01
2.564832207378410800e+01
2.564192991290054380e+01
2.565933637828673852e+01
2.570711538627610437e+01
2.571832033087348535e+01
2.574133722402873659e+01
2.578071522207717692e+01
2.581758060023528856e+01
2.581486682530501398e+01
2.584867219034607899e+01
2.586587972916069944e+01
2.588876118902951262e+01
2.591054439288984668e+01
2.595917379871530173e+01
2.599488155728268168e+01
2.600703535137245481e+01
2.602983186504969737e+01
2.605778265391778703e+01
2.611013424765857849e+01
2.612877479926194368e+01
2.614851526828209316e+01
2.619479204919625204e+01
2.621703294531975459e+01
2.623658068814347999e+01
2.627746086784436130e+01
2.631247855794983792e+01
2.634221444882763308e+01
2.636581195385285170e+01
2.641662885045350961e+01
2.643183340165070661e+01
2.645556048494382395e+01
2.648155898046310952e+01
2.655037398335703003e+01
2.658384041102379314e+01
2.660660849174607989e+01
2.663773562504020731e+01
2.667031613947312252e+01
2.673613110129203818e+01
2.677105526679504877e+01
2.680141856532890543e+01
2.683275022325297243e+01
2.688822519985623316e+01
2.692479510126948838e+01
2.694280748762684397e+01
2.696300547424257488e+01
2.702767658502003201e+01
2.704165943424863983e+01
2.709739024740286339e+01
2.711682941356544774e+01
2.714061360820227975e+01
2.716440949791121895e+01
2.717289179007629585e+01
2.716058433692963447e+01
2.713867962877054296e+01
2.711002548917232247e+01
2.708550087930786532e+01
2.706548681697754333e+01
2.706848991373338720e+01
2.701549274310183790e+01
2.713977026057765585e+01
2.710098011741876078e+01
2.722934694677075740e+01
2.724092087455717959e+01
2.736042452410259784e+01
2.735931708640944038e+01
2.735562458171079214e+01
2.738701807309270464e+01
2.744171749568911878e+01
2.740867226980343574e+01
2.730724367669960273e+01
2.733883827864966776e+01
2.739522758363564137e+01
2.747137222052931804e+01
2.752862120935584400e+01
2.758352685979112096e+01
2.766630729988371229e+01
2.772570770228844239e+01
2.779584002214577509e+01
2.784316406699425528e+01
2.790303161049070013e+01
2.795528602345192581e+01
2.799725462055844716e+01
2.803011115120509800e+01
2.806631474854103914e+01
2.808403596957297310e+01
2.808628505915383400e+01
2.809479650182081301e+01
2.809569230510542326e+01
2.811148796137438666e+01
2.810599118194725676e+01
2.811946681090977762e+01
2.812810734478368602e+01
2.812886126133406606e+01
2.814320250779527299e+01
2.812658108131790868e+01
2.813868352844558984e+01
2.813604801149829981e+01
2.813580161184319905e+01
2.815945987588867894e+01
2.814689274990491441e+01
2.814024794676282681e+01
2.814424302584891180e+01
2.817865710981092775e+01
2.814659164852782069e+01
2.814517355300978352e+01
2.816286992598562477e+01
2.814891221481750350e+01
2.813851678992300975e+01
2.813681693424978647e+01
2.812258400369256250e+01
2.814650262915294476e+01
2.813366730704549923e+01
2.815224218213805329e+01
2.815954789962471949e+01
2.814233400046130029e+01
2.814790661779204939e+01
2.813265261175731524e+01
2.813548208779404192e+01
2.816175797797204794e+01
2.815898709828023527e+01
2.810917167658940485e+01
2.813228569959132841e+01
2.812964170609830106e+01
2.816553764866848653e+01
2.810515423392347500e+01
2.812632026573239941e+01
2.813750766407902404e+01
2.818188594863041274e+01
2.816069154515404094e+01
2.815359584115692115e+01
2.816492703758090599e+01
2.816274101958027387e+01
2.815716114807931447e+01
2.816317091559897534e+01
2.816246627585395856e+01
2.815770618736033981e+01
2.817163573785271069e+01
2.816256785209050406e+01
2.812966034662697723e+01
2.817024040046492672e+01
2.812952287324391776e+01
2.808918744198113870e+01
2.812290484991053319e+01
2.814585669450666927e+01
2.809295156091513945e+01
2.819134128105729431e+01
2.811288025670750912e+01
2.815404855975894449e+01
2.813896764492924163e+01
2.808519590028751622e+01
2.811768033934896494e+01
2.811415001691017324e+01
2.804878752137076958e+01
2.811208144257616937e+01
2.808787696399860323e+01
2.811647662123505498e+01
2.808445495998923391e+01
2.812739319058936616e+01
2.812740480108040231e+01
2.806936189545899296e+01
2.806982925383027805e+01
2.804556642904339014e+01
2.790648994514584302e+01
2.791856996769922716e+01
2.777123353063060307e+01
2.775503324543760186e+01
2.777444050385180674e+01
2.774825434269105884e+01
2.785262880355998405e+01
2.790198683121902690e+01
2.794208593930018480e+01
2.796816967412983956e+01
2.800452147415160908e+01
2.807331984976803341e+01
2.812765915726622978e+01
2.813179944175273661e+01
2.816200557291445961e+01
2.820662145879678562e+01
2.817185011316824728e+01
2.820247367254473048e+01
2.819113299637238867e+01
2.817774059791867103e+01
2.814303580248869707e+01
2.817061958514985420e+01
2.813222390698309994e+01
2.813730123188649301e+01
2.811992513827662066e+01
2.810622099629924620e+01
2.808633938195033153e+01
2.808977406882553041e+01
2.805940535711075867e+01
2.803612292093994540e+01
2.804196471754995201e+01
2.799809478925344308e+01
2.801314403006994880e+01
2.796997012176157327e+01
2.794305622794982469e+01
2.790101928336770243e+01
2.791501167179604437e+01
2.784849697682079750e+01
2.785218328510424612e+01
2.784545834762534966e+01
2.784040181943789349e+01
2.782823769946983816e+01
2.779482333236882852e+01
2.777441468901512422e+01
2.775743718201429289e+01
2.769320840483844393e+01
2.769799637144771864e+01
2.770087562710472895e+01
2.768550506194483773e+01
2.767252082475464192e+01
2.762418453218607084e+01
2.762590574920577069e+01
2.757466019365029553e+01
2.759829679793754309e+01
2.757763740641447114e+01
2.753805716412706417e+01
2.750645654977489230e+01
2.748906618470962115e+01
2.749459994138482699e+01
2.745549952827823503e+01
2.743068053879584767e+01
2.744091250671780102e+01
2.737753271657910403e+01
2.739043307330711485e+01
2.735898924541889343e+01
2.734421476223902658e+01
2.734149221635857074e+01
2.730373339791216480e+01
2.726888138968580932e+01
2.725255054230237661e+01
2.724594259107317384e+01
2.724998960313145346e+01
2.721963907553620032e+01
2.718682751759291705e+01
2.717312030881809548e+01
2.718232348290751688e+01
2.714240482557844558e+01
2.710066762690512121e+01
2.713495895242358102e+01
2.709916683435611873e+01
2.710145804580463746e+01
2.705825966077220102e+01
2.705371086569459038e+01
2.705975972608729307e+01
2.705265013118480866e+01
2.701570501853913697e+01
2.701812835531066526e+01
2.701295342996770898e+01
2.701081923394327688e+01
2.697323556606398398e+01
2.698036206198589326e+01
2.695825269339665198e+01
2.695412110111721304e+01
2.695463616832935116e+01
2.694785743754381357e+01
2.693422247593910868e+01
2.692858338763346282e+01
2.693487160705413785e+01
2.692095399720304272e+01
2.691902337564162195e+01
2.691665168687790555e+01
2.690130179811637134e+01
2.688669171158273485e+01
2.687931339862757696e+01
2.688219912658622590e+01
2.685838007963227625e+01
2.687089730865105608e+01
2.687668701478727584e+01
2.687781121657031491e+01
2.685818494081642172e+01
2.687237037297313691e+01
2.686648041459417868e+01
2.684168681172031157e+01
2.684257899681414372e+01
2.683727941577619802e+01
2.685257496559911061e+01
2.683725753943998171e+01
2.682701498486106217e+01
2.683367856876876090e+01
2.685319653092577497e+01
2.685010041300213501e+01
2.683011324488979099e+01
2.684410018216638605e+01
2.683371765932443864e+01
2.682214045143694392e+01
2.682498787377475580e+01
2.681645311833235112e+01
2.680286890019710455e+01
2.680242815531761380e+01
2.678216444237546412e+01
2.679433610982973235e+01
2.679828196960168540e+01
2.680885209988969464e+01
2.679550622696568496e+01
2.674183320675354736e+01
2.675699354929398055e+01
2.675288239206522434e+01
2.673937240262508652e+01
2.677386256628509997e+01
2.676266150958760548e+01
2.674472430581108640e+01
2.674226919843793127e+01
2.672068402856363889e+01
2.671349925756720722e+01
2.671966625516975924e+01
2.670383113545761944e+01
2.669144776050183765e+01
2.669626807286099535e+01
2.668448564876057105e+01
2.668799141417354548e+01
2.669551859103874847e+01
2.667726587152869655e+01
2.666264498491565504e+01
2.665788661608480581e+01
2.666608887877849554e+01
2.666589176004778494e+01
2.664147725383982390e+01
2.662360283685322315e+01
2.661899165781504450e+01
2.662694581618183065e+01
2.661083972319195112e+01
2.657447265576882245e+01
2.659585157542114331e+01
2.658648382215372408e+01
2.658067644929788997e+01
2.654127296881099340e+01
2.657547389302972718e+01
2.655454883149632295e+01
2.654507745358590043e+01
2.656479246814821238e+01
2.655677964522223533e+01
2.654978351611327980e+01
2.650340756918882335e+01
2.651223128241153404e+01
2.651309741612244153e+01
2.651637972841229995e+01
2.652709153962497979e+01
2.648770660233959973e+01
2.649176240236331026e+01
2.650206967089719967e+01
2.649694917101128766e+01
2.648613274426656616e+01
2.648313151224882134e+01
2.648201373647790646e+01
2.647863700999905134e+01
2.650458520389497252e+01
2.649037003378214195e+01
2.648448464562486038e+01
2.649485501699179579e+01
2.649464364834777186e+01
2.648001015141202430e+01
2.648057115879048240e+01
2.650308237433348424e+01
2.652466222939097662e+01
2.649679623795890038e+01
2.649997057106590503e+01
2.653004366930208846e+01
2.653317679018418218e+01
2.653522382242411481e+01
2.650938200236249287e+01
2.651971226332279485e+01
2.651920734761827703e+01
2.655029843473918660e+01
2.655718423885656421e+01
2.654415013904022658e+01
2.656410797249247224e+01
2.658868550120995877e+01
2.657180248362550401e+01
2.662179242118712708e+01
2.662173841937200081e+01
2.661127825546368086e+01
2.663116498555694278e+01
2.664891271032487197e+01
2.667107362486596145e+01
2.666519906594545475e+01
2.667988229515087539e+01
2.668552187718834645e+01
2.669784421059224044e+01
2.673691453498800286e+01
2.672438620013429755e+01
2.676298015560841037e+01
2.675958433610915677e+01
2.677325282701541909e+01
2.678661880712124344e+01
2.682038199065451067e+01
2.680616161088459393e+01
2.683369058330810475e+01
2.684535821906673192e+01
2.688057601851618017e+01
2.685579132995108864e+01
2.689685279162242892e+01
2.690634002889775189e+01
2.689305892706137868e+01
2.692250127000237825e+01
2.693376880777162086e+01
2.694998590974458352e+01
2.695299382627743157e+01
2.695662637828045050e+01
2.693844209285678915e+01
2.699736611840392442e+01
2.697962539807060622e+01
2.700194166546359398e+01
2.700507466868786466e+01
2.698721990969281137e+01
2.699937053086249605e+01
2.698942833183259538e+01
2.698525200914603772e+01
2.699282098424892240e+01
2.695218592881838049e+01
2.697075987585352408e+01
2.695144514744411524e+01
2.693835547040448830e+01
2.693181243736309938e+01
2.692830295986923517e+01
2.695952670923943373e+01
2.694502568020851641e+01
2.691915023604582302e+01
2.693434807006641662e+01
2.691728870641480853e+01
2.689788144036729278e+01
2.690190594822946224e+01
2.691525193803031613e+01
2.691581766125565878e+01
2.690802152066591546e+01
2.692662542402838000e+01
2.693092949776634626e+01
2.693596740448490934e+01
2.691860735510809377e+01
2.692953952210810087e+01
2.691148655783437249e+01
2.690083407916785418e+01
2.692918075171892411e+01
2.692496811556177505e+01
2.691127485794898178e+01
2.692695481377613476e+01
2.691088392162885867e+01
2.691531528286371966e+01
2.696622153478506334e+01
2.694444447631050821e+01
2.693734997043139501e+01
2.693353410092957745e+01
2.692761563850967832e+01
2.693505558327629501e+01
2.691681322582683578e+01
2.690971606923625714e+01
2.692512619581916056e+01
2.691414796462208159e+01
2.689743240521702461e+01
2.691185217833928078e+01
2.686920100957207325e+01
2.684783507994389140e+01
2.689095084639790656e+01
2.687978430956991005e+01
2.686292862209815269e+01
2.685963361407178951e+01
2.687203115625900196e+01
2.686122245484029136e+01
2.685157491711370525e+01
2.686672899417657945e+01
2.686491648338941118e+01
2.685192980669525298e+01
2.684454794762796581e+01
2.682731067779677758e+01
2.683527677927245136e+01
2.682000829083044380e+01
2.682994582718925614e+01
2.681487628512579136e+01
2.680724048549855354e+01
2.678462635245413992e+01
2.677629539524508573e+01
2.679184185940658836e+01
2.677810331160574364e+01
2.676443985193301955e+01
2.677013618965159125e+01
2.677083276799020695e+01
2.676433596116864422e+01
2.675842109536618807e+01
2.673643374278704954e+01
2.674224926389397439e+01
2.674689086373525271e+01
2.673547684363514776e+01
2.674125452369310096e+01
2.674833191442374414e+01
2.675016283313648202e+01
2.673435787623495230e+01
2.672724606545454051e+01
2.671100113257499942e+01
2.670254940638232455e+01
2.673438557830270668e+01
2.672578183630594495e+01
2.670214304877655209e+01
2.668911834382550907e+01
2.673316630044821096e+01
2.671964100122855967e+01
2.670504211345835444e+01
2.669242243990736085e+01
2.667162128667971643e+01
2.669062338674781287e+01
2.664119848153445957e+01
2.662323984976745805e+01
2.661278119973836453e+01
2.651649826969075008e+01
2.647012329014663834e+01
2.642678597254201378e+01
2.629974282537360608e+01
2.624728189581227156e+01
2.622356384920023942e+01
2.618974432683247855e+01
2.630159881993566984e+01
2.643029991535301804e+01
2.661196603572017594e+01
2.666730905891982317e+01
2.664998892050896728e+01
2.662005075495222783e+01
2.713456440788342405e+01
2.719645712649821689e+01
2.726391287683489750e+01
2.728505076157458831e+01
2.729251889454513247e+01
2.729642384221867601e+01
2.731672800562191838e+01
2.730717917201765488e+01
2.729292257847006198e+01
2.727707780405269844e+01
2.730467514429310683e+01
2.732500427281557975e+01
2.730888988283803798e+01
2.730812506007851681e+01
2.731323719186626064e+01
2.730381486583127426e+01
2.729577512750524093e+01
2.728856864190261433e+01
2.729056442274548999e+01
2.728378603482770615e+01
2.727413665208456450e+01
2.726022012625993796e+01
2.726066568357613917e+01
2.725484534360479572e+01
2.724692791494872424e+01
2.725015812546646288e+01
2.725388575632091204e+01
2.728574843022207830e+01
2.729451058038600308e+01
2.729843947182868646e+01
2.730776931158716536e+01
2.729848670907392005e+01
2.728855552440834487e+01
2.727919513798912732e+01
2.728300655817031739e+01
2.726645424329154821e+01
2.726482640904178822e+01
2.725279351051017329e+01
2.731933044105513630e+01
2.739022125598616597e+01
2.742005733124718958e+01
2.740689095706090583e+01
2.739170281810526575e+01
2.739018362768791448e+01
2.743910374138139829e+01
2.746630581072330912e+01
2.746573288850199290e+01
2.750511880319642444e+01
2.751948649844746697e+01
2.753211132624559809e+01
2.754110121040547909e+01
2.756015843661638343e+01
2.759131352262110326e+01
2.761292932621960716e+01
2.760108581447917686e+01
2.761036656859955585e+01
2.760509939801318424e+01
2.759810764531380300e+01
2.760883765217651131e+01
2.760816262845527547e+01
2.761682829731882549e+01
2.761606101384182566e+01
2.763269868808859897e+01
2.764013690232631859e+01
2.763156551765072066e+01
2.761643450213195905e+01
2.762432727800810994e+01
2.765399610587967061e+01
2.762921967969612780e+01
2.761212788060052148e+01
2.762394110738358677e+01
2.759940062011336437e+01
2.761362670422270682e+01
2.760872997605816437e+01
2.761183846618525450e+01
2.761397919425999703e+01
2.761440259579126888e+01
2.759743425306532316e+01
2.760374703117724948e+01
2.758683412806296786e+01
2.758757153350489588e+01
2.760196073718444154e+01
2.756469340295814874e+01
2.759423116367246820e+01
2.758545178523865360e+01
2.758987355590696922e+01
2.758308697157719180e+01
2.756267538979162524e+01
2.757324428568485786e+01
2.753900077532416546e+01
2.755386210956828563e+01
2.754369534011709675e+01
2.756102677793184341e+01
2.751981700378966877e+01
2.756664432773135331e+01
2.753070858802930232e+01
2.755730909594272049e+01
2.749503183209219515e+01
2.751465659378399664e+01
2.753017205356474051e+01
2.749460458521330253e+01
2.748724571544401840e+01
2.748789856657499087e+01
2.748397872811347042e+01
2.749676299825311077e+01
2.753551402740355769e+01
2.748166766533147154e+01
2.748184298164239436e+01
2.739912407040820241e+01
2.735587316436787830e+01
2.716578230404122252e+01
2.712900677011604955e+01
2.715242114217672764e+01
2.717209359578401973e+01
2.720342619904274883e+01
2.731497212306251754e+01
2.736877080231650794e+01
2.744797596813450369e+01
2.749349073486994044e+01
2.753217496909419992e+01
2.759148554506225182e+01
2.764932461962990828e+01
2.761989570857574705e+01
2.765255900937567191e+01
2.764168938914395923e+01
2.763475870825678271e+01
2.763757733380794690e+01
2.763271549076227984e+01
2.761900880603950270e+01
2.762078710560191297e+01
2.758401376865770516e+01
2.758686348595271909e+01
2.754454551344734625e+01
2.754397189815612990e+01
2.753083508890111375e+01
2.751653385212562952e+01
2.748789878740262793e+01
2.745539063501653843e+01
2.743646105274306635e+01
2.741761401248936991e+01
2.740627813607619956e+01
2.738004306837291324e+01
2.736824193070795275e+01
2.734818955932705364e+01
2.730893774743637437e+01
2.730359360010152514e+01
2.727230845510851864e+01
2.727138244964015357e+01
2.722423955426048892e+01
2.722513129482324956e+01
2.719059302467762151e+01
2.717800862568006082e+01
2.715155446350193458e+01
2.711891620419253712e+01
2.713036631189848435e+01
2.708795911241895027e+01
2.708944205898520607e+01
2.704436237560646106e+01
2.704153354537357501e+01
2.702243354440531675e+01
2.700417340204223748e+01
2.697906499622199306e+01
2.699327809905945585e+01
2.695810047821922950e+01
2.694284168963185166e+01
2.693512558204835017e+01
2.691662461889806579e+01
2.691935316722533855e+01
2.690451673093140172e+01
2.690659859477048599e+01
2.688232112292793019e+01
2.686911322404001368e+01
2.685495027047966232e+01
2.685879065745045580e+01
2.686035001244693987e+01
2.684113146013966755e+01
2.683649796118406172e+01
2.683443184491640920e+01
2.683178471934286335e+01
2.684998731302241026e+01
2.681866302049924045e+01
2.679547375948397914e+01
2.676974576130806938e+01
2.683825254487168266e+01
2.679653741955712576e+01
2.680573187151091474e+01
2.682824967702084251e+01
2.681341665569645727e+01
2.679794693806481121e+01
2.681890432967267657e+01
2.681530370652739492e+01
2.683628359049270884e+01
2.683121717240223347e+01
2.682135218439903923e+01
2.682021222776602087e+01
2.683297957394724165e+01
2.684682686813234653e+01
2.684689329331546404e+01
2.685381565089942768e+01
2.684277253215134351e+01
2.688131616587833150e+01
2.688194031844490084e+01
2.687980681090896695e+01
2.687529207618485572e+01
2.688555995269401677e+01
2.689086985929498042e+01
2.689860327480121782e+01
2.691221933575801728e+01
2.690610878954532481e+01
2.693608581795837864e+01
2.693826865204386678e+01
2.694488769356927804e+01
2.694927801820344726e+01
2.696704691100156381e+01
2.695263230196383830e+01
2.695144232323865197e+01
2.698420286516610389e+01
2.697349759920617984e+01
2.700638047907251149e+01
2.697425231132724122e+01
2.699129433653313370e+01
2.700439982076706968e+01
2.701778886995685980e+01
2.700413647698741926e+01
2.701187857777910395e+01
2.700277445228713447e+01
2.699521961541255877e+01
2.698803716668219010e+01
2.698057195378183692e+01
2.698539202049345676e+01
2.700267937279511443e+01
2.698283880226230025e+01
2.700720153800723722e+01
2.699763927367005323e+01
2.699425072475684573e+01
2.697957288939217335e+01
2.697643635234866366e+01
2.694508498963233478e+01
2.695780916449317743e+01
2.693586632695816263e+01
2.696797736160738168e+01
2.697860070971848501e+01
2.697634683197953365e+01
2.692870419613166888e+01
2.696189423981967792e+01
2.696388863883786158e+01
2.693153724791003967e+01
2.696259222904307151e+01
2.692846312083054272e+01
2.695082013339864346e+01
2.690976263481633879e+01
2.694094724517304940e+01
2.694190644565665593e+01
2.694240888772188924e+01
2.691255328638861499e+01
2.691294131420391977e+01
2.690592507014076062e+01
2.691010923588673265e+01
2.691615901378945352e+01
2.690265311572387219e+01
2.690749462994970287e+01
2.693074850794840458e+01
2.691554387149256655e+01
2.692659646077288116e+01
2.688798178512230663e+01
2.687864883065381605e+01
2.685915571717101713e+01
2.682905587968506467e+01
2.686627785588862949e+01
2.686532498349580678e+01
2.686757124057572099e+01
2.684557053466906140e+01
2.681829796989789827e+01
2.679724383989542247e+01
2.677896672296294156e+01
2.679634291867774465e+01
2.681930108856167294e+01
2.681456610723998324e+01
2.679792659485254802e+01
2.679414779359224852e+01
2.675827103207515023e+01
2.674459884783260577e+01
2.671649653830287008e+01
2.669907771001432906e+01
2.670091485492325489e+01
2.669419635604628738e+01
2.672614787708933903e+01
2.670183662659411183e+01
2.668464130134844936e+01
2.670307851907203300e+01
2.670436310399485791e+01
2.666818213910016055e+01
2.665764018272912494e+01
2.664984335597621268e+01
2.666821889075930585e+01
2.667155466107620043e+01
2.665874974111377327e+01
2.666079059929975870e+01
2.667034896418119416e+01
2.664601053191045565e+01
2.669545421852588873e+01
2.670451452821627925e+01
2.670809078877263687e+01
2.668233686225099532e+01
2.672702671599724766e+01
2.674495288918389591e+01
2.675501051658375218e+01
2.676245165016554850e+01
2.676878226624127421e+01
2.683241391916528329e+01
2.683536884675518763e+01
2.685559867261005351e+01
2.687639789580397220e+01
2.684704072895139859e+01
2.691694791627647021e+01
2.695375039540022399e+01
2.693121184081274322e+01
2.696026709438829627e+01
2.696070494750427571e+01
2.697571972737951995e+01
2.697561590660541953e+01
2.694719091158775726e+01
2.695764676487515032e+01
2.699433651668199730e+01
2.699360652743460776e+01
2.696436360202438465e+01
2.699169314137649067e+01
2.696552338792231396e+01
2.695369882981347942e+01
2.697527755722104104e+01
2.696253456803026438e+01
2.695525893401485007e+01
2.696352458822644138e+01
2.693366766896982512e+01
2.694857921720621619e+01
2.692751862134048224e+01
2.692558557958719234e+01
2.690949917447950668e+01
2.691147187858429035e+01
2.691222503577226988e+01
2.690717931144689956e+01
2.690822398878387389e+01
2.691045918156578054e+01
2.688975583327059482e+01
2.688281592221411387e+01
2.687096849449388358e+01
2.686500702795839146e+01
2.685806579345253553e+01
2.685655038428860664e+01
2.687931008737997018e+01
2.685810481860422527e+01
2.684277279054236232e+01
2.684453599849788574e+01
2.682128165799695552e+01
2.684593604571435321e+01
2.683809382350320760e+01
2.682948449002334357e+01
2.683991630769522629e+01
2.684084821442738900e+01
2.683692974698067957e+01
2.683961613891272791e+01
2.681734244251788724e+01
2.680931498172770944e+01
2.683101826983087790e+01
2.680999786873102764e+01
2.683388909256307997e+01
2.682558625120100260e+01
2.682965066919138053e+01
2.683665244262004634e+01
2.681797950540617848e+01
2.681082161401533526e+01
2.683584054127042151e+01
2.683813888239857448e+01
2.683106200922433260e+01
2.684134749043947465e+01
2.681973439279690297e+01
2.682829064752569792e+01
2.683810907552816261e+01
2.682835763965590203e+01
2.682927618979034889e+01
2.682452095578886997e+01
2.682305351351821443e+01
2.683923724107009434e+01
2.682931661439199544e+01
2.683240768515910801e+01
2.682945811780416534e+01
2.682041959694563360e+01
2.684576922764292561e+01
2.682590178259870228e+01
2.685412599358295083e+01
2.683729441724293352e+01
2.682119606967961900e+01
2.681452354177857345e+01
2.685379788994476158e+01
2.683399531168172558e+01
2.686796466169075970e+01
2.685980516496725201e+01
2.684152607325420092e+01
2.685345963996873309e+01
2.686163448508174056e+01
2.686161487331499131e+01
2.685564640110147039e+01
2.683401050289185008e+01
2.682796484608484633e+01
2.683358951400530401e+01
2.685222339080560872e+01
2.686045875686777862e+01
2.685983797593855371e+01
2.687736217668183158e+01
2.688080572339830354e+01
2.686833721268032349e+01
2.686726414680711628e+01
2.686029895558628056e+01
2.684910516609207320e+01
2.686032202922656609e+01
2.688283381355465806e+01
2.690394132474079214e+01
2.688070588066545596e+01
2.687293885404329075e+01
2.687250736171334253e+01
2.686543021262407649e+01
2.687841662543471699e+01
2.689854827200313281e+01
2.688626438698065613e+01
2.686261741540723236e+01
2.683003745973485721e+01
2.687567115305714793e+01
2.684680246566683337e+01
2.682748581028949530e+01
2.680015753272799373e+01
2.677267644599270469e+01
2.676626355528967238e+01
2.674066767416348966e+01
2.670404316352316343e+01
2.670443661180143380e+01
2.662875703648643722e+01
2.662530514535677639e+01
2.661574834381839949e+01
2.656169118390755202e+01
2.651928941387776462e+01
2.653822888001400315e+01
2.664440551556057102e+01
2.670745590392337476e+01
2.674817371774443586e+01
2.678630156116849648e+01
2.681586239227487312e+01
2.678570214279693218e+01
2.682242792376359830e+01
2.680720438090700952e+01
2.679242133517165314e+01
2.678325230405165769e+01
2.678464792791767124e+01
2.681734950268931073e+01
2.679685910220859668e+01
2.678870144616639237e+01
2.681442261937094074e+01
2.679499882557218626e+01
2.682683342083884526e+01
2.683165373368518658e+01
2.680129899358574264e+01
2.681059880439221743e+01
2.678907184493869664e+01
2.683223253442400491e+01
2.682375573452496909e+01
2.683514539895266893e+01
2.686013825775265218e+01
2.686081404246782256e+01
2.688723005641651298e+01
2.688647390438188722e+01
2.691040795639563399e+01
2.692440004574260826e+01
2.694446517921137385e+01
2.696195672392747866e+01
2.697050716628378098e+01
2.698914192394292755e+01
2.701191379118124303e+01
2.701851505472552617e+01
2.702880370635995888e+01
2.704735278914238350e+01
2.706446617825262635e+01
2.707714771874238835e+01
2.710406712701439957e+01
2.709615966787475827e+01
2.712795521297152135e+01
2.714892750664909116e+01
2.714837845378322712e+01
2.718674228603489951e+01
2.724273952162346646e+01
2.727541485972268731e+01
2.729923916196595357e+01
2.731920501531666190e+01
2.731415385912772109e+01
2.732733910737821503e+01
2.732938086664539767e+01
2.731502090399744986e+01
2.732253088325862223e+01
2.731687303233808350e+01
2.734186303294458398e+01
2.733424713825063890e+01
2.731132856216364502e+01
2.730313660446900670e+01
2.731437764071194252e+01
2.730046680862928454e+01
2.732438961558727897e+01
2.732275753574016619e+01
2.732673644046153072e+01
2.733811654800267732e+01
2.732851837250997917e+01
2.732850379821450559e+01
2.732793537756862179e+01
2.732450207510565221e+01
2.732902284601961540e+01
2.732821620310784994e+01
2.733318694418075978e+01
2.735585413571465452e+01
2.736344110965080745e+01
2.736206495131972360e+01
2.736364862129951092e+01
2.735126258520987363e+01
2.734964000744101753e+01
2.734846001320887154e+01
2.733584493786499792e+01
2.734863976362845506e+01
2.733758540864921116e+01
2.734782431977651385e+01
2.734042065120317488e+01
2.733631527371670344e+01
2.732096068256541344e+01
