0.000000000000000000e+00
0.000000000000000000e+00
0.000000000000000000e+00
0.000000000000000000e+00
0.000000000000000000e+00
0.000000000000000000e+00
0.000000000000000000e+00
0.000000000000000000e+00
0.000000000000000000e+00
0.000000000000000000e+00
0.000000000000000000e+00
0.000000000000000000e+00
0.000000000000000000e+00
0.000000000000000000e+00
0.000000000000000000e+00
0.000000000000000000e+00
0.000000000000000000e+00
0.000000000000000000e+00
0.000000000000000000e+00
0.000000000000000000e+00
0.000000000000000000e+00
0.000000000000000000e+00
0.000000000000000000e+00
0.000000000000000000e+00
0.000000000000000000e+00
0.000000000000000000e+00
0.000000000000000000e+00
0.000000000000000000e+00
0.000000000000000000e+00
0.000000000000000000e+00
0.000000000000000000e+00
0.000000000000000000e+00
0.000000000000000000e+00
0.000000000000000000e+00
0.000000000000000000e+00
0.000000000000000000e+00
0.000000000000000000e+00
0.000000000000000000e+00
0.000000000000000000e+00
0.000000000000000000e+00
0.000000000000000000e+00
0.000000000000000000e+00
0.000000000000000000e+00
0.000000000000000000e+00
0.000000000000000000e+00
0.000000000000000000e+00
0.000000000000000000e+00
0.000000000000000000e+00
0.000000000000000000e+00
0.000000000000000000e+00
0.000000000000000000e+00
0.000000000000000000e+00
0.000000000000000000e+00
0.000000000000000000e+00
0.000000000000000000e+00
0.000000000000000000e+00
0.000000000000000000e+00
0.000000000000000000e+00
0.000000000000000000e+00
0.000000000000000000e+00
0.000000000000000000e+00
0.000000000000000000e+00
0.000000000000000000e+00
0.000000000000000000e+00
0.000000000000000000e+00
0.000000000000000000e+00
0.000000000000000000e+00
0.000000000000000000e+00
0.000000000000000000e+00
0.000000000000000000e+00
0.000000000000000000e+00
0.000000000000000000e+00
0.000000000000000000e+00
0.000000000000000000e+00
0.000000000000000000e+00
0.000000000000000000e+00
0.000000000000000000e+00
0.000000000000000000e+00
0.000000000000000000e+00
0.000000000000000000e+00
0.000000000000000000e+00
0.000000000000000000e+00
0.000000000000000000e+00
0.000000000000000000e+00
0.000000000000000000e+00
0.000000000000000000e+00
0.000000000000000000e+00
0.000000000000000000e+00
0.000000000000000000e+00
0.000000000000000000e+00
0.000000000000000000e+00
0.000000000000000000e+00
0.000000000000000000e+00
0.000000000000000000e+00
0.000000000000000000e+00
0.000000000000000000e+00
0.000000000000000000e+00
0.000000000000000000e+00
0.000000000000000000e+00
0.000000000000000000e+00
0.000000000000000000e+00
0.000000000000000000e+00
0.000000000000000000e+00
0.000000000000000000e+00
0.000000000000000000e+00
0.000000000000000000e+00
0.000000000000000000e+00
0.000000000000000000e+00
0.000000000000000000e+00
0.000000000000000000e+00
0.000000000000000000e+00
0.000000000000000000e+00
0.000000000000000000e+00
1.629870997350780115e+00
2.236720570642192207e+00
1.653305465610983127e+00
2.160411447924731387e+00
2.027971720986250670e+00
1.699489020995589517e+00
1.864788297017460295e+00
2.185971612239518524e+00
1.732412617415915124e+00
1.716900451451340182e+00
1.837664711092201308e+00
1.728822856900166016e+00
2.010621130606735640e+00
1.970083011289873065e+00
2.004503899750476492e+00
1.797284756335689737e+00
1.742799047033636084e+00
2.067511826558805943e+00
1.770962261553781003e+00
1.803116096520452682e+00
1.872346997045010175e+00
1.817086672077226517e+00
1.954699954270066709e+00
1.742365200214971210e+00
1.768114570524130791e+00
2.102180659352684611e+00
1.763862599183560143e+00
2.167580254758262992e+00
1.712919680311755455e+00
2.098088904806256760e+00
2.050198153599351869e+00
1.771330887219397132e+00
1.914694731259078520e+00
1.840204798299360123e+00
1.791593664219161219e+00
1.774243496140177623e+00
1.748981916467511111e+00
1.855612108812075167e+00
1.690176474469967216e+00
1.544430560673206942e+00
1.701934654397526892e+00
1.632550815874631800e+00
1.728678598717573678e+00
1.691417047609902191e+00
1.514860929188145189e+00
1.658880716901598218e+00
1.531302166396442566e+00
1.591655484646200103e+00
1.644768285373334971e+00
1.690091926329309935e+00
1.553020179027989389e+00
1.666153274654960992e+00
1.468402730432825321e+00
1.833586361258386477e+00
1.631227961642601532e+00
1.547142148899867786e+00
1.690923581633750672e+00
1.583341494942067884e+00
1.724039222279342587e+00
1.753205598979599156e+00
2.020518593168951327e+00
1.494877039415747122e+00
1.831466845349129846e+00
1.690868648945159647e+00
1.631019862476199567e+00
1.828025076800578574e+00
1.496228671840203583e+00
1.871470102230125221e+00
1.603933524829878055e+00
1.653295529999712299e+00
1.936767795754179344e+00
1.783645437871916650e+00
1.878080830481443142e+00
1.722991900209758898e+00
1.660846388147035224e+00
1.660024475004464151e+00
1.755341845041696880e+00
1.720499849712753049e+00
1.680021852210004107e+00
1.632346852292789974e+00
1.786132215529554035e+00
1.664753348423652968e+00
1.695030596090145725e+00
1.731766568822732832e+00
1.675967874892449805e+00
1.657329491273166422e+00
1.705619633974342797e+00
1.690112578824040535e+00
1.699932894951258655e+00
1.748342950147704133e+00
1.751446402345905762e+00
1.737430574794988969e+00
1.777850789366918427e+00
1.779758297637366260e+00
1.786856952455963432e+00
1.833639773054217548e+00
1.808395760399985175e+00
1.760277980437775946e+00
1.746427100974552227e+00
1.807743618835606414e+00
1.736692007535542759e+00
1.769375296060662794e+00
1.712737778927396537e+00
1.721749504919617646e+00
1.744428955075764787e+00
1.689791670452134742e+00
1.749707892616841676e+00
1.637315911995409934e+00
1.698564121547862404e+00
1.631597944016876633e+00
1.589505514059265101e+00
1.576886597182211469e+00
1.523729933487447230e+00
1.559390208647817522e+00
1.482764119870410235e+00
1.477091211374480517e+00
1.349213608242875617e+00
1.417526588281287525e+00
1.317790962145192868e+00
1.277249310510257141e+00
1.260954850091874579e+00
1.220302550534375863e+00
1.197212572427051702e+00
1.118120449586476939e+00
1.071160034370068903e+00
9.347959398194350955e-01
9.755803181663645907e-01
1.276791725967306945e+00
1.014866894559617982e+00
8.521543374396682857e-01
8.686001889037153756e-01
8.533973319924470502e-01
8.949250825104335672e-01
8.536509982313263967e-01
8.469949931905240703e-01
8.344677134892179993e-01
8.379430149144680984e-01
7.561105917461047321e-01
6.936364571338174967e-01
7.719082983365290751e-01
7.321351960379390844e-01
8.131087278009049291e-01
6.198842778254221031e-01
5.985079715338830209e-01
5.820167402681905022e-01
6.075320628376644772e-01
6.067024500391400288e-01
5.773253179643705879e-01
5.802111314238623807e-01
5.870622975995053450e-01
5.927843578946281333e-01
5.987308866657734541e-01
5.620487110456813262e-01
6.045350579207715569e-01
5.426539360698073855e-01
5.534675015912740026e-01
5.676431346040795578e-01
5.671917655105167544e-01
5.645557322974551484e-01
5.784050023645758154e-01
5.444767764507241203e-01
5.494168693286320959e-01
5.185582553511318693e-01
5.378290687000677472e-01
5.550367863074978647e-01
5.142262883440096299e-01
5.475339943236924301e-01
5.331672622616376866e-01
5.242835497213128582e-01
5.487842139055758572e-01
5.312499133051578060e-01
5.512863378144720050e-01
5.400734976218368733e-01
5.338477877456337950e-01
5.313843032162987035e-01
5.239927048027950285e-01
5.418491140478236545e-01
5.268412984184621672e-01
4.978883390403230913e-01
5.058107461486094358e-01
5.194246950793621753e-01
5.406377536732565048e-01
4.952771413827014579e-01
4.739009141231438349e-01
4.840284820456089987e-01
4.961374358075865687e-01
4.920977043160730813e-01
4.704156033490795585e-01
4.707801069332429034e-01
4.489749062404648217e-01
4.534647845253541032e-01
4.563185249694119427e-01
4.597647638052111407e-01
4.699683096091964440e-01
4.662570540146839804e-01
4.444349469377181228e-01
4.593257795359157458e-01
4.503471379371541405e-01
4.458377544213938948e-01
4.437542658765822878e-01
4.406665051635032526e-01
4.302283532753362616e-01
4.362321737288473722e-01
4.259576023567804848e-01
4.289124770225513639e-01
4.339081529635863133e-01
4.403762450540234519e-01
4.341122676233583610e-01
4.248318268398917352e-01
4.369847626737874968e-01
4.427277197768808015e-01
4.284592368645077087e-01
4.293198286484076753e-01
4.407140184711336173e-01
4.376851058664657512e-01
4.310259348675146152e-01
4.326762545810375338e-01
4.226459488875335402e-01
4.428236288159064782e-01
4.478486426810430188e-01
4.544271768536756184e-01
4.460700728708575924e-01
4.473296725431406551e-01
4.491517915607443068e-01
4.425131837025189641e-01
4.503784633783051716e-01
4.444251562817581602e-01
4.414331395466649099e-01
4.546364385182777856e-01
4.493152540378876347e-01
4.475420993776031975e-01
4.552291464286293277e-01
4.500151785207953115e-01
4.454251370910329300e-01
4.613330674194549008e-01
4.387981762929507035e-01
4.492273321224455884e-01
4.407133448390104236e-01
4.503011423751137610e-01
4.628649147400822894e-01
4.407888954808639737e-01
4.476142823379568592e-01
4.399427356622593321e-01
4.520581756839113785e-01
4.608568242389117775e-01
4.504513494420242514e-01
4.620043377587131905e-01
4.669713756462713916e-01
4.489661119770703146e-01
4.578176489621443856e-01
4.485613045968418477e-01
4.714797126442117348e-01
4.438203786425686248e-01
4.704539469291541542e-01
4.716589558205013799e-01
4.711260076777068484e-01
4.621536474847192100e-01
4.865065512643312884e-01
4.666203795209296623e-01
4.715528071661273524e-01
4.849099075673153347e-01
4.732833609294280763e-01
4.643318830087345694e-01
4.780362925905827787e-01
4.936539286266771187e-01
4.933093992373105419e-01
4.870857074092080907e-01
4.676732505888616664e-01
4.647703153682548605e-01
5.054162868749170201e-01
4.827067020715917200e-01
4.970810525371552879e-01
4.806817081927977631e-01
4.912872125141659052e-01
4.907178324094959576e-01
4.895377821126181139e-01
4.947969788318392070e-01
4.976728982429753367e-01
5.253220026225512429e-01
5.112556686536464667e-01
4.802527041193538904e-01
5.086956432385001392e-01
4.964662375928123317e-01
5.049505606138640079e-01
5.107657453383849244e-01
4.924899047319104550e-01
5.189543387662209906e-01
5.170802722824411335e-01
5.263707415113410004e-01
5.119476089072854119e-01
5.192646161508689406e-01
5.118436027789138310e-01
4.785167797019704850e-01
4.987588340466186931e-01
4.880963280280357641e-01
4.928269834027596552e-01
5.035469412758015739e-01
4.939365131399002795e-01
4.892663242491058773e-01
5.054547455683738866e-01
4.938330826412528074e-01
4.986539764589770218e-01
4.866951870673141833e-01
4.950594953867816228e-01
5.025852330733968643e-01
4.844247018457267795e-01
4.688081021323337039e-01
4.930298074228818273e-01
4.845165637645298395e-01
4.893758733244224501e-01
4.922401663577602449e-01
4.759840857583368390e-01
4.866971856077346725e-01
4.801407489569161635e-01
4.990203663169446302e-01
4.851704991479248719e-01
5.003228719012925430e-01
4.881547207497831109e-01
4.808049769874973567e-01
4.851397080711184473e-01
4.864933389686760257e-01
4.861117775290935139e-01
4.816877587739580857e-01
4.812995609891302373e-01
4.798004418631885981e-01
4.828420428302047651e-01
4.861435556338279951e-01
4.945651782547449971e-01
4.727214631556667102e-01
4.869484455420618474e-01
4.823459081433925100e-01
4.718030339576108623e-01
4.764478668381103565e-01
4.700085867679476559e-01
4.984041808262743012e-01
4.798121632280041293e-01
4.755728004171853596e-01
4.796826742264104215e-01
4.890048542292624312e-01
4.701394863520679812e-01
4.669119373082792901e-01
4.689674901442246191e-01
4.683333503288217847e-01
4.773917365584206540e-01
4.675770519003403236e-01
4.799368954740181326e-01
4.674155327189249420e-01
4.672798840039537049e-01
4.707913050174384328e-01
4.705454315006620813e-01
4.701761098888295742e-01
4.770304384154770427e-01
4.763344944264680247e-01
4.773057515489517733e-01
4.554495336894123225e-01
4.769979712453312759e-01
4.758099147998270384e-01
4.708515840722021784e-01
4.650598429637495257e-01
4.744532446645787771e-01
4.690156939705597550e-01
4.661227813795862374e-01
4.633941988192599726e-01
4.852087020644714199e-01
4.631791944101395497e-01
4.805132342450065264e-01
4.770917603589948097e-01
4.718720560715417567e-01
4.676624263394635328e-01
4.596754635486096086e-01
4.764411951790921140e-01
4.759449204911738174e-01
4.878378273614720761e-01
4.971325733577701134e-01
4.772903920389391930e-01
5.053069895949648949e-01
4.783806762934124102e-01
4.744249231079774587e-01
4.789156648396268867e-01
5.052334843195070979e-01
5.041704825393118483e-01
4.995533431607296904e-01
4.921521490899538609e-01
5.132776842737460932e-01
5.033645517387339563e-01
5.003073902225001479e-01
5.068635795450283643e-01
5.059826593724362498e-01
5.227345351473603463e-01
5.056191850797714382e-01
5.130775651122212455e-01
5.266060262269929293e-01
5.153894643546232945e-01
5.353812894106129150e-01
5.200151413327156469e-01
5.326888319193101573e-01
5.423002904004038394e-01
5.552438133566853784e-01
5.611268722953335342e-01
5.724601222284521063e-01
5.724503272480913063e-01
5.919658157224884087e-01
6.014082242739472450e-01
6.266528244132182346e-01
6.327954531302806274e-01
6.673864809315708246e-01
6.570889555102741308e-01
6.975920127271035831e-01
7.031523418437151118e-01
7.177120362838803613e-01
7.404770355973682161e-01
7.604764259690521833e-01
7.865711834941961911e-01
8.068425090062207872e-01
8.664196686024920879e-01
8.816004082848045709e-01
9.118690878492996532e-01
9.243270630829971690e-01
9.321141167961392027e-01
9.413155689377635804e-01
9.059859889230958974e-01
9.139067059741936561e-01
8.725000210239611809e-01
8.558323834933533325e-01
8.229099203408080099e-01
8.032228489403300253e-01
7.851940124758165496e-01
7.749379735807145897e-01
7.569814389000935062e-01
7.302215992852582049e-01
7.149475695300610001e-01
7.017884293792261419e-01
6.794391462712406904e-01
6.828124318629359424e-01
6.611866168496903784e-01
6.303941161587670594e-01
6.391549447348291446e-01
6.062554217690672154e-01
5.966927893059460475e-01
5.921428502109332692e-01
5.939818891132422340e-01
5.669282697178094077e-01
5.596380218376162397e-01
5.539206998723138486e-01
5.397969753280159599e-01
5.352077480802790443e-01
5.183866941287186281e-01
5.239825722100054373e-01
5.066296818467227459e-01
5.145767266323092448e-01
5.025080881265000521e-01
5.146069813797004011e-01
4.995988195537287013e-01
5.010088649732704624e-01
4.966045588941389588e-01
5.069308239815233375e-01
5.175244431859373773e-01
4.958186335413301560e-01
4.912838553922199147e-01
4.931700024027555473e-01
4.901637831346334351e-01
4.897682401882920145e-01
5.006890165072283017e-01
5.001890761931858664e-01
5.113744744405268605e-01
4.929912714133940499e-01
4.883782001238198833e-01
4.841836275419575952e-01
5.008991496301830049e-01
4.975625752414572500e-01
4.982874002181942319e-01
4.871449361324232119e-01
4.853085119361854605e-01
4.977979298162676924e-01
5.091749370653575468e-01
4.892830809107404644e-01
4.966682141270404305e-01
4.878829938952585210e-01
4.765444391495410326e-01
4.747427281812858779e-01
4.746311958721114443e-01
4.912905427128891334e-01
4.782116297522261972e-01
4.806548122830223146e-01
4.746302953882011177e-01
4.849990864532246482e-01
4.869225248696352204e-01
4.859537692681808463e-01
4.712255065743254367e-01
4.705903792124515039e-01
4.681481776343676682e-01
4.597521634654060385e-01
4.686113971683124046e-01
4.581954427585142597e-01
4.767966515048489007e-01
4.640622011593970031e-01
4.618236433197330792e-01
4.722468645152169131e-01
4.682480782578728462e-01
4.535740741944485621e-01
4.657678696298461762e-01
4.709449041712436834e-01
4.610527036872047457e-01
4.717771683286563489e-01
4.630578804116296521e-01
4.755702274234710480e-01
4.656921274298927993e-01
4.775118862857815061e-01
4.673903708798000656e-01
4.692018016734662567e-01
4.671320484378772009e-01
4.619647645597261820e-01
4.665379268335798635e-01
4.638397936919750331e-01
4.738287166001209916e-01
4.625541760590667351e-01
4.621593648281459576e-01
4.654765804957035624e-01
4.703826570064211232e-01
4.591898067339761358e-01
4.702506336633332507e-01
4.545114985342218472e-01
4.525975036319317413e-01
4.659205889752948138e-01
4.532856797368443602e-01
4.665867523685494622e-01
4.703572741124232848e-01
4.572344839008422590e-01
4.683666313169783102e-01
4.733148704961131492e-01
4.687404281952904372e-01
4.675655455673904393e-01
4.780307788767652610e-01
4.596713937625147572e-01
4.818011023996641717e-01
4.615502323286996278e-01
4.913660450306754357e-01
4.684869360187861043e-01
4.607612304802022885e-01
4.666716551449691108e-01
4.899333771425270490e-01
4.718244622779103614e-01
4.625026054854034507e-01
4.853599295760215870e-01
4.717849863178066872e-01
4.770451913566696178e-01
4.715834205350660224e-01
4.668738234565353307e-01
4.665671182859421617e-01
4.777614933359186633e-01
4.712456522214707455e-01
4.958388822721213063e-01
4.927767366899325485e-01
4.973550294522989246e-01
4.752573601746092891e-01
4.939291602535639258e-01
4.795669118071379522e-01
4.867732056367218840e-01
4.882326203720426250e-01
4.653499556811284132e-01
4.980234634031214247e-01
4.999175973856732624e-01
4.790271233095910186e-01
4.858626707757197072e-01
4.810485627777125184e-01
4.989604855365352143e-01
4.956137522631317571e-01
4.881027340174324269e-01
4.848269089430289891e-01
4.779243357356969812e-01
4.862342665771616224e-01
4.948583716290062551e-01
4.792507549695816937e-01
4.828123013529254104e-01
4.818039918009910383e-01
4.808233950332559403e-01
5.006675845694765759e-01
4.792388127827375555e-01
4.848795681441519512e-01
4.906108541454259897e-01
4.907620727130877492e-01
4.752924943348482700e-01
4.858246319010513514e-01
4.826205757801927398e-01
4.924176266857451800e-01
4.849512965903686190e-01
4.940405791020370807e-01
4.804330607659554331e-01
4.929874945002779008e-01
4.781952856274358510e-01
4.846659696827224639e-01
4.783743272264592838e-01
4.771316672374379397e-01
4.779833039806706263e-01
4.770671600200824813e-01
4.763458814122569773e-01
4.795915348118656718e-01
4.810446142558755245e-01
4.907665206136535563e-01
4.801219786626679253e-01
4.753230417616448600e-01
4.849149576243119708e-01
4.772291880479331283e-01
4.723264940869277839e-01
4.734355624894845960e-01
4.781412550205905720e-01
4.725918813923208339e-01
4.711547788437429607e-01
4.914810416688389361e-01
4.837595309531084742e-01
4.777107538958731969e-01
4.859527261237918117e-01
4.883579889139659236e-01
4.855780770139593860e-01
4.841806205657168682e-01
4.886474637874873572e-01
4.927972298844669474e-01
5.091768077654891256e-01
5.045455134447589529e-01
5.082483530567261099e-01
5.137298992073571213e-01
5.356228549732567901e-01
5.584357603537158932e-01
5.637719856313476718e-01
5.873384965427478344e-01
6.398507993364364044e-01
6.651655654590876710e-01
6.960078313807767092e-01
7.146777304471694237e-01
7.700309031607356358e-01
8.128922528754329857e-01
8.778359322294844169e-01
9.140273947254728970e-01
9.811552863640402578e-01
9.885418331462498820e-01
1.034822805659304734e+00
1.089572881540436189e+00
1.282206675079510694e+00
1.245655068368497487e+00
1.339301310154167535e+00
1.279331182499902964e+00
1.516859200156376097e+00
1.470151466094891557e+00
1.424454669271337348e+00
1.351886479613888303e+00
1.588345851752945848e+00
1.454633854583094132e+00
1.183855409741897180e+00
1.298370346786453133e+00
1.382466863233416055e+00
1.410648585245006581e+00
1.359233158739388214e+00
1.403034684982591873e+00
1.383642934395236557e+00
1.464448598333994989e+00
1.401011864815310703e+00
1.402637406744644988e+00
1.390973153128806095e+00
1.443400881639864686e+00
1.367103007013232618e+00
1.374586530686570551e+00
1.361316993840136602e+00
1.371726874922117645e+00
1.401373784476979800e+00
1.348281308015261137e+00
1.394902524536714594e+00
1.378871485341865322e+00
1.374154518764700628e+00
1.386345130696803984e+00
1.346875292651304123e+00
1.369022484128392891e+00
1.343371571452711022e+00
1.301824182499901061e+00
1.237090709118952470e+00
1.346571094461293860e+00
1.304944526351015099e+00
1.243348027480134288e+00
1.291983932604642726e+00
1.268911183992275982e+00
1.292471517966053085e+00
1.192700844032977603e+00
1.200456330080690526e+00
1.256748635609924669e+00
1.205471555457632515e+00
1.177524217487080138e+00
1.271469038851977373e+00
1.188866822458151784e+00
1.160547771848357002e+00
1.174757897744548085e+00
1.163344531621069100e+00
1.101501159285366294e+00
1.138770728217220141e+00
1.055830643568240967e+00
1.096070602711123776e+00
1.060382964173587572e+00
1.079005577623405987e+00
1.066128803041664908e+00
1.035431420269077307e+00
1.028084094906481782e+00
9.842670193728900729e-01
1.003148872915706091e+00
9.922980055198536986e-01
9.933415944115963070e-01
9.146975314736186524e-01
9.448840406216553189e-01
1.005215084440289175e+00
8.756831299190486195e-01
8.676315922848527595e-01
8.150209358718950581e-01
8.140910079419313439e-01
7.845842341757703897e-01
8.801533126177065736e-01
8.604655625209262082e-01
9.785740896060713956e-01
1.055196743958073391e+00
1.104191269831843236e+00
1.061205861074066670e+00
1.120971281027234312e+00
1.024568264080632840e+00
1.037993592205618265e+00
9.553815346687806187e-01
8.882569583107449152e-01
8.995320246558616839e-01
8.186645847678435395e-01
8.117566350916355367e-01
7.940564241872943851e-01
6.962288866894416062e-01
6.848703946370426898e-01
6.635555293700698964e-01
6.148287105745424697e-01
6.057011427991236818e-01
5.818123166244485445e-01
5.868886055539656033e-01
5.621463388740846057e-01
5.473087422054193629e-01
5.572785992873606764e-01
5.358454311080278476e-01
5.395924279785633271e-01
5.225281453116885633e-01
5.291040606096337751e-01
5.344762151478263945e-01
5.214014288087417404e-01
5.095096680088836427e-01
5.235942241726092572e-01
5.056626143731925982e-01
5.126910368612717095e-01
5.037746695817749698e-01
4.887412042681824054e-01
5.078052914991748601e-01
5.060743112051533377e-01
4.958629891809250845e-01
5.035374645123928961e-01
4.977457408315921206e-01
5.039984778454008607e-01
4.884392534184072709e-01
4.890507982197975223e-01
4.950687490124170420e-01
4.758324107682669335e-01
4.932705188530331353e-01
5.004864612121431300e-01
4.830606816628361666e-01
4.920971366950335213e-01
4.912328659067824455e-01
4.958849242535259272e-01
4.705346944660631081e-01
4.593241055561151365e-01
4.964599834744966578e-01
4.789422027807306304e-01
4.859666702336989386e-01
4.711190884503934084e-01
4.821122302314232999e-01
4.995465021770928438e-01
4.773277663632096157e-01
4.792709413316135758e-01
4.782143770838925834e-01
4.815024991963672285e-01
4.756633859116402019e-01
4.746658192279514243e-01
4.750750260680269843e-01
4.786506816654295116e-01
4.719599528979001590e-01
4.686760752530134688e-01
4.765876916857939016e-01
4.785923903303855864e-01
4.688430740056608870e-01
4.698498874257867608e-01
4.575624697092421367e-01
4.717181925460243175e-01
4.701652354303705872e-01
4.733440910760178255e-01
4.718186047497802682e-01
4.638732507782608039e-01
4.657804732625370203e-01
4.695926148846591430e-01
4.651019963414013136e-01
4.713895158521709261e-01
4.768423749369959941e-01
4.682770435838479184e-01
4.627867319472290797e-01
4.703901863333454503e-01
4.697814541499594765e-01
4.704012633037469304e-01
4.664404536594643491e-01
4.651785778102260349e-01
4.756827809814698771e-01
4.736443015733614592e-01
4.658666257886815432e-01
4.605248570396499042e-01
4.731524622087915910e-01
4.733164194068657515e-01
4.690981475524392819e-01
4.712461516584108279e-01
4.754636740541989259e-01
4.671593008948095593e-01
4.673557381700326196e-01
4.734044773178260890e-01
4.740371678348618278e-01
4.736511576177284133e-01
4.645205800897526660e-01
4.742274706647271465e-01
4.779517808256966149e-01
4.740544629398941168e-01
4.668426538468341547e-01
4.772303360740882128e-01
4.698987369644609391e-01
4.826680634865264663e-01
4.649361199308171821e-01
4.674601134556230497e-01
4.842909714535585386e-01
4.716749932047521465e-01
4.734199870970000057e-01
4.679213114491426739e-01
4.689890759055637126e-01
4.756928643309860649e-01
4.765101546062097682e-01
4.851299311357022970e-01
4.783063866096375905e-01
4.670738098614692357e-01
4.780987296707444045e-01
4.749268269220986438e-01
4.792850186127199930e-01
4.779464828155906009e-01
4.788890151881455282e-01
4.711941845433612053e-01
4.879434682044574978e-01
4.752720862188202777e-01
4.751214997356485448e-01
4.761101113693780862e-01
4.863335381512360334e-01
4.966152635945282334e-01
4.709311850732703641e-01
4.785926387094380230e-01
4.755397756167136225e-01
4.741550750718710461e-01
4.736212849929017921e-01
4.834236532613869763e-01
4.842020691209861227e-01
4.905893359829985312e-01
4.870561783432763581e-01
4.707813707890913246e-01
4.814534239306277885e-01
4.815651827438325872e-01
4.797952482567510724e-01
4.820165616537881448e-01
4.857056204413737199e-01
4.784952353121708080e-01
4.845364700651316747e-01
4.777239771184249584e-01
4.867167882193539907e-01
4.747667132136818013e-01
4.836663974526143606e-01
4.864308195413299396e-01
4.857300373495114787e-01
4.785321511124057126e-01
4.757604732944166748e-01
4.840244878132763939e-01
4.821880318699198753e-01
4.726515656738120019e-01
4.780205754432205745e-01
4.883663946554335222e-01
4.868922405797266872e-01
4.870908401385194986e-01
4.839789073363350846e-01
4.833916175793717684e-01
4.890307384403835833e-01
4.762745624663968780e-01
4.784086874774203246e-01
4.874233347983207842e-01
4.856764901956179825e-01
4.791373606537834284e-01
4.851851895154398742e-01
4.824794675010148914e-01
4.808365049111901213e-01
4.882877503824009646e-01
4.795829915181231140e-01
4.809879898481143057e-01
4.917860298123101215e-01
4.824239106594707116e-01
4.848072497602639030e-01
4.770076416920395190e-01
4.887998244868065889e-01
4.859191330579230583e-01
4.843987459523370620e-01
4.929621706771746825e-01
4.877951003802665775e-01
4.892208352273414995e-01
4.802245316541186582e-01
4.899506182119287567e-01
4.960402118065836419e-01
4.902625024905258866e-01
4.915552814946969051e-01
4.905583061663058575e-01
5.014477221827173814e-01
4.967569947727289992e-01
5.009270056070205257e-01
4.896110899442202569e-01
4.921485008041753817e-01
4.891609084541575503e-01
4.935507320678134691e-01
4.775790010816260978e-01
4.916592552609040934e-01
5.001845006559518803e-01
4.800858705365096957e-01
4.890218074851955254e-01
4.937458936206122195e-01
5.058098538470030547e-01
4.922055310145749263e-01
4.918553045340736674e-01
4.875670460687351881e-01
4.962339360466313520e-01
4.931563098108338039e-01
4.921950202988686907e-01
4.920081965864098184e-01
4.981020606205914802e-01
4.912149504318014670e-01
5.077014048219491427e-01
5.066023956278484786e-01
5.031417479164275175e-01
5.022907390483886125e-01
4.980472809009748869e-01
5.029142373423935997e-01
5.001860468043599628e-01
4.936515456535584545e-01
4.965347722460085045e-01
4.896462352489756586e-01
4.974456788253625583e-01
4.789479981918960405e-01
4.999174662443135464e-01
4.920495845062560769e-01
4.944172747506496712e-01
4.891090281324282918e-01
5.092454974803479750e-01
4.842337009191862163e-01
4.950033216039120276e-01
4.875168704880503689e-01
4.910055340672030977e-01
5.019933512934551256e-01
4.830548204168534920e-01
4.935555114140464106e-01
4.978882632915051509e-01
4.831485730067890394e-01
4.881421331140845532e-01
4.910502191600080168e-01
4.801297112784355670e-01
4.731467455399822608e-01
4.891749588658156345e-01
4.808951684409532024e-01
4.833055373689159606e-01
4.890227975254914372e-01
4.884126410274058916e-01
4.791447200537495288e-01
4.725229897219140884e-01
4.830586199506877731e-01
4.844139263163917963e-01
4.840445942111811783e-01
4.729124209437743365e-01
4.741340257776140987e-01
4.812162918076612339e-01
4.780305453277887695e-01
4.811348378753355637e-01
4.888153079344893515e-01
4.801340032900155430e-01
4.803667007837150726e-01
4.793584698424945278e-01
4.873271222565479510e-01
4.798450829475194856e-01
4.901395210559533755e-01
4.929398840065798981e-01
4.989330970140658517e-01
4.848513288749180528e-01
4.838742283217076778e-01
4.893240882415130777e-01
4.965220976902308681e-01
4.977415398177451045e-01
4.868507652172266997e-01
4.923533217304730258e-01
4.978361904742527044e-01
5.018251279233137963e-01
4.941389015697356668e-01
5.029467326059873233e-01
5.138233283356136161e-01
5.276197658762635800e-01
5.151848089332072833e-01
5.292857697500870096e-01
5.169509475021212275e-01
5.275282832262593313e-01
5.342439559627205625e-01
5.400345107622344099e-01
5.562993391731840820e-01
5.899695149861432508e-01
6.254134741582006995e-01
6.853102128009422866e-01
7.321942630401193641e-01
7.769692581257684472e-01
7.986414247418157641e-01
8.913794688738895244e-01
7.678897672980000699e-01
8.740305285728953155e-01
7.573337974363330005e-01
7.841517735468446215e-01
7.165051340065967667e-01
7.799598858892786701e-01
8.484403076361474172e-01
8.949209211895069460e-01
9.224534708375766723e-01
1.066741594192901710e+00
1.397575135368107624e+00
1.468943954761804616e+00
1.447259616024141327e+00
1.420438989363447702e+00
1.435667493819963392e+00
1.443256147336784867e+00
1.420556599257612573e+00
1.448111077697767701e+00
1.420435946837619312e+00
1.460089445972956090e+00
1.420285819706254671e+00
1.396116396991223585e+00
1.352433412176041738e+00
1.338841458674270068e+00
1.293871239997572031e+00
1.293171010389686737e+00
1.293000687777866364e+00
1.299857359660974598e+00
1.307190150808071438e+00
1.285893934451354248e+00
1.306912517409837493e+00
1.293547570450664486e+00
1.265715860435907336e+00
1.278502460818405240e+00
1.245699344562588573e+00
1.276941152842740790e+00
1.270683343952111244e+00
1.272519753929910014e+00
1.268025777288882994e+00
1.221320724259735258e+00
1.257783513264157715e+00
1.261081189880971953e+00
1.260640229269511137e+00
1.201646190487631438e+00
1.239767110388910742e+00
1.265337411891584996e+00
1.230897233883484265e+00
1.267435112465976399e+00
1.275132704763883851e+00
1.269047999247092662e+00
1.283748115558722258e+00
1.237299410869773686e+00
1.250040205256817805e+00
1.243718163601685633e+00
1.228072465416105707e+00
1.269118636463545613e+00
1.242156528175035746e+00
1.262432548697421941e+00
1.268203173452464583e+00
1.225501779837361527e+00
1.225626375074302832e+00
1.303632100395286653e+00
1.286738415564147697e+00
1.280899822499897311e+00
1.203309700093308177e+00
1.330502694263302477e+00
1.268289255927572245e+00
1.241570382618982560e+00
1.162705976970302979e+00
1.209246433594413528e+00
1.199180625756212981e+00
1.166989249281965568e+00
1.188607731507264953e+00
1.187664167834346252e+00
1.162312703917435686e+00
1.153061532241583365e+00
1.150717151690412221e+00
1.107907150347066771e+00
1.104127009516443048e+00
1.136042359021109061e+00
1.054587851904533746e+00
1.090468311719802630e+00
1.139407528255106605e+00
1.066912811554223239e+00
1.014114461347128238e+00
1.060027638376761727e+00
9.109255621869374320e-01
9.838021180173746050e-01
9.310031006944790022e-01
9.248965080777838965e-01
9.826086696564071410e-01
9.130133095370460694e-01
9.097336471220184295e-01
9.889462831833585321e-01
8.905450498385610869e-01
9.015449573668373739e-01
8.661133370489415562e-01
8.877752418262478962e-01
8.244461159829604702e-01
7.853481435087367180e-01
8.244895435352358470e-01
8.062584395257390568e-01
8.089773272567457596e-01
9.355816629646046545e-01
9.188892058860806955e-01
1.101958085180919644e+00
1.125305240290932707e+00
1.078859395152308664e+00
1.140936988300329524e+00
9.863781030773807190e-01
9.229272098479056607e-01
8.659268528496242290e-01
8.381424982083457431e-01
7.866266692863381760e-01
7.160278166711177006e-01
6.621105985310016262e-01
6.533039340532438288e-01
6.150173387271438141e-01
5.778240391218381067e-01
5.862248537618158784e-01
5.587488568985931048e-01
5.516614111751665384e-01
5.480441263061471835e-01
5.549042310213671003e-01
5.281412880841505064e-01
5.383131503163082199e-01
5.265034470228797669e-01
5.214067686430736703e-01
5.206494860477486331e-01
5.151623249110597325e-01
5.072912302623244774e-01
5.081295597559835064e-01
5.174292176394443832e-01
5.000689090322043562e-01
5.097708539183718468e-01
4.970697212466202441e-01
5.000059133627414720e-01
5.078752701824909010e-01
5.199618255903849517e-01
4.993739654770847913e-01
5.216637680324900384e-01
5.093811299029168405e-01
5.030737615484442982e-01
4.982074744655502485e-01
4.909379383729968183e-01
5.020591045533655539e-01
5.004374070684114439e-01
4.968997330016689529e-01
5.193099386981787635e-01
5.040847684344783586e-01
4.934737904139370746e-01
4.930993737453896464e-01
4.852681076992840237e-01
5.008510459156142458e-01
4.913042560545355375e-01
5.012140569540536328e-01
4.815380210660076266e-01
4.808319831350080231e-01
4.875856269516197217e-01
4.968576965496300790e-01
4.932013917835755268e-01
4.820946237510562171e-01
4.880164356391172298e-01
4.849836292436489615e-01
4.755333364863260082e-01
4.946597373814737297e-01
4.750841548579697871e-01
4.860374732677846810e-01
4.810750378362851354e-01
4.743675886269242969e-01
4.819917153543990529e-01
4.875569133448146575e-01
4.872899449895110591e-01
4.766546476832553836e-01
4.708542691357662235e-01
4.742804786896367419e-01
4.813840772337997231e-01
4.767565018657370368e-01
4.681506000020016489e-01
4.795233720283984535e-01
4.901662986017698564e-01
4.669587088123377527e-01
4.792134572053468045e-01
4.726462576215435529e-01
4.831739347105709070e-01
4.794091302118530518e-01
4.707244906627065517e-01
4.669470713378191529e-01
4.797269527316402327e-01
4.695345321049465559e-01
4.680051614474380339e-01
4.680422557253982041e-01
4.761700402485266603e-01
4.693311458699555572e-01
4.782534636918551740e-01
4.775113252348600623e-01
4.721753488813568156e-01
4.753026745855275514e-01
4.750413279280649714e-01
4.749241989713360867e-01
4.692123025063530961e-01
4.770490213635509846e-01
4.735690130172508505e-01
4.687620203750675341e-01
4.734163808565745590e-01
4.774288953388707846e-01
4.828851340501184031e-01
4.781087824611967574e-01
4.898958583865508642e-01
4.823940689908797208e-01
4.781088168914294223e-01
4.760104613874827084e-01
4.809315854587916661e-01
4.713526958542091916e-01
4.735485287103859964e-01
4.866619320595311216e-01
4.852228618893820733e-01
4.847702904061540474e-01
4.776050029664964391e-01
4.856977777313087885e-01
4.886166908704939194e-01
4.857911844958133218e-01
4.736358717270207630e-01
4.726675852249371257e-01
4.828074529397304859e-01
4.705156834573232527e-01
4.723113958950514446e-01
4.805037920644701366e-01
4.758712086391504448e-01
4.799014201753450393e-01
4.867981839023337032e-01
4.846340236194158213e-01
4.910667034457384394e-01
4.847752631299124260e-01
4.748701146749358948e-01
4.704689328692979733e-01
4.718817568106499771e-01
4.983982125645673444e-01
4.898288115636825202e-01
4.894795393745028922e-01
4.946148389451829885e-01
4.753711682061317889e-01
4.772914630064122865e-01
4.818075478738863549e-01
4.815516202188031003e-01
4.903649465984962208e-01
4.876042476927686664e-01
4.811593961666964514e-01
4.875659568864649795e-01
4.898951210674343248e-01
4.867316442418575528e-01
4.905645678265871390e-01
4.838607133527910720e-01
4.737448264515173868e-01
4.817023306870660271e-01
4.853383874343183968e-01
4.882513294301995543e-01
4.785039591099486955e-01
4.739850613768158971e-01
4.841316173643492315e-01
4.881637899214928411e-01
4.856884203648039189e-01
4.789963839785025823e-01
4.827500157242289869e-01
4.947540120342243664e-01
4.855481273005257115e-01
4.843254283886634926e-01
4.807660828749892867e-01
4.982800822751764502e-01
4.827163448669810064e-01
4.865698402807856482e-01
4.901525485046605013e-01
4.786752615796513455e-01
4.755412301950457943e-01
4.755509049769795493e-01
4.944858224633029153e-01
4.887241068398576194e-01
4.873980186474887732e-01
4.830064650710770291e-01
4.771997610248175925e-01
4.898061211786414182e-01
4.877018504202530469e-01
4.826396730184310258e-01
4.842932247790495137e-01
4.886230273975141758e-01
4.887087827556396147e-01
4.889223008348678179e-01
4.897843132984844861e-01
4.770776777473483832e-01
4.834627332155922441e-01
4.875648198701810765e-01
4.830714445722006922e-01
4.861912577581413153e-01
4.903770062434227306e-01
4.913207758494678723e-01
4.825637960519174041e-01
4.739172207925778646e-01
4.910403390830243020e-01
4.947015247019979078e-01
4.825670622644135932e-01
4.815942437557763633e-01
4.849246357094564863e-01
4.988202229496921936e-01
5.016392772498509123e-01
5.030411840854702721e-01
4.906840775983128955e-01
4.962092589793687392e-01
5.074206365165815358e-01
4.994224392427829007e-01
4.929383538071011039e-01
5.116363830764983911e-01
4.907837081389798128e-01
4.992033905494884793e-01
5.086638281575489584e-01
5.050492774788313266e-01
5.043866645228255452e-01
4.955497936926708258e-01
5.122239398396177812e-01
5.072160467203929990e-01
5.105689805917523749e-01
5.138840594006043316e-01
5.012999926009178431e-01
5.148001965198187868e-01
5.021964194613415255e-01
5.137751135804387026e-01
5.135352382627615953e-01
5.169759816594230450e-01
5.040393271876508763e-01
5.222572669571027282e-01
5.126924334773345082e-01
5.138591419674511940e-01
5.039638296886446156e-01
5.208129561873404700e-01
5.094819999540004529e-01
5.112370746929353338e-01
5.260898717347859410e-01
5.139258413752448851e-01
5.171643634663319888e-01
5.088208924845800674e-01
5.110955505868450821e-01
5.143007062629458837e-01
5.330449424198040465e-01
5.043020320216767827e-01
5.160225908717441801e-01
5.120745028704239976e-01
5.140922200528290631e-01
5.253503656034880231e-01
5.235072001959268917e-01
5.307556111758474637e-01
5.381935717634096505e-01
5.372759565575512264e-01
5.613384845653452970e-01
5.534195685795155750e-01
5.688368818962394879e-01
5.776744920985114051e-01
5.835250592692883265e-01
5.907659744240136845e-01
5.739333826629438029e-01
5.824669262958928062e-01
5.983702800045662684e-01
5.909703122004353881e-01
6.057677203140134914e-01
6.211981793127142604e-01
6.172850204578937960e-01
6.101819907672360044e-01
6.081757959148876846e-01
6.177044295713750577e-01
6.010759946473992477e-01
6.000207636257782751e-01
5.933255900626805968e-01
6.072735249351010056e-01
6.004293031140972570e-01
6.136831917227077993e-01
6.228720103154175014e-01
5.974083905325252575e-01
6.019586617398485773e-01
6.119710173318914093e-01
6.015937721077891931e-01
6.094917876073999707e-01
6.042962260353843540e-01
5.702600904248298352e-01
5.840333623154772003e-01
5.852793427350651001e-01
5.821988773851434207e-01
5.814182103796153855e-01
5.703382214100667369e-01
5.823630458484387873e-01
5.777712262586490732e-01
5.623916916417591727e-01
5.688511601875352319e-01
5.724287494650414088e-01
5.545360720373020413e-01
5.786329208214737729e-01
5.816112941925342117e-01
5.480549015900061383e-01
5.467414552394366245e-01
5.500653423037406009e-01
5.493430046281106982e-01
5.344567077847751646e-01
5.382018870306273239e-01
5.326872471481983728e-01
5.158260167489417958e-01
5.157846527163884032e-01
5.124352055148879703e-01
5.138055349222423462e-01
5.177406547056349062e-01
5.032549975226441319e-01
5.084285796567649118e-01
5.006035345999071406e-01
5.009429053008573884e-01
4.988022543374838191e-01
5.094229330377675335e-01
5.068290263909064342e-01
4.937289952439582463e-01
4.969671794562161016e-01
5.037396394346067563e-01
4.960143173168683473e-01
4.964608023776946877e-01
4.955473392964342416e-01
4.946906290841445175e-01
5.018210778856471155e-01
4.979575267939957972e-01
4.943094178326504773e-01
5.010935927288642233e-01
4.968974505289768806e-01
4.943026539853576096e-01
4.937008561629108727e-01
5.023170202085759373e-01
5.093843446748246295e-01
5.207224088354338587e-01
5.304368898271867305e-01
5.130644660163805604e-01
5.188630515186811731e-01
5.390620610653806821e-01
5.531702744947766259e-01
5.309940355459321637e-01
5.426875180426069534e-01
5.649118343921204488e-01
5.722144119650881544e-01
5.981811104496146392e-01
5.897569219367868598e-01
6.332931798119638689e-01
6.546348294482914332e-01
6.681598772967536348e-01
7.614163894457680604e-01
8.172663310088844613e-01
8.631920231098603180e-01
1.034547884923653127e+00
1.108820326027311509e+00
1.145761103135729542e+00
1.175232138929010128e+00
1.018017466219218514e+00
8.711380596427416023e-01
7.268620950745824372e-01
7.120678300793393811e-01
7.576390928396852242e-01
8.439717045589690825e-01
4.853044227066229954e-01
4.735983496308739382e-01
4.545553018183748906e-01
4.526399572291200935e-01
4.561649439467489464e-01
4.677498732163226092e-01
4.749576678964553822e-01
4.884115956852927432e-01
5.075986529576058670e-01
5.293068599197654489e-01
5.360351580194854249e-01
5.533566795430445717e-01
5.696253094337779821e-01
6.055755833333037463e-01
6.360502366283453668e-01
6.640897238020733173e-01
6.957524057849534538e-01
7.278322218541279920e-01
7.444342215248136441e-01
7.742799536730428089e-01
8.152676333413039211e-01
8.534117776055940574e-01
8.834475771402591215e-01
9.136676047544742829e-01
9.511790034411663486e-01
9.576604715279899427e-01
9.646946653616723655e-01
9.415046775064901396e-01
9.458284671413951239e-01
9.554281029262430280e-01
9.660878304632071201e-01
9.915827886382516665e-01
1.018531095748893556e+00
1.044294327814940360e+00
1.062892595120215056e+00
1.109948578570094435e+00
1.158023102060496523e+00
1.240333628019501422e+00
1.149878120540566595e+00
1.083711876805742103e+00
1.061789089410533959e+00
1.157188861823312598e+00
1.224261424438614076e+00
1.294062394292316176e+00
1.247992242528867424e+00
1.222776621373576678e+00
1.294868612741072234e+00
1.227298558493295388e+00
1.257581708676841048e+00
1.238634461228215411e+00
1.261807341943902649e+00
1.268986013844054739e+00
1.233434170151050946e+00
1.198575864987323047e+00
1.229663492164697169e+00
1.235561347669458243e+00
1.259393164419571054e+00
1.283650729625380515e+00
1.278663137107295844e+00
1.294684847781020220e+00
1.262995621087568576e+00
1.283416258286587786e+00
1.239748030802768630e+00
1.226224384906901665e+00
1.233211466971660508e+00
1.261566321598398099e+00
1.243802531711996284e+00
1.169047850939765709e+00
1.208091876284077992e+00
1.241272584256338574e+00
1.199503415243485360e+00
1.248137197097023421e+00
1.218920747508199565e+00
1.200621109346624138e+00
1.180449458000023988e+00
1.170807962394710078e+00
1.169517765768557593e+00
1.194456704005059988e+00
1.163247731677335528e+00
1.195726281559192694e+00
1.171784906070457710e+00
1.121943781258555095e+00
1.193037975483106194e+00
1.116139125360333662e+00
1.122138942847727971e+00
1.104452181554017809e+00
1.095892480390392665e+00
1.117321345952928979e+00
1.081727761881054128e+00
1.113223266154742763e+00
1.064066251018136011e+00
1.068581268201269863e+00
1.022102164068835028e+00
1.065877820123184883e+00
9.811294919249593516e-01
1.022326483115907347e+00
9.741786456974235175e-01
1.022108252080556223e+00
9.893688258160387994e-01
9.400471087798627501e-01
9.642066591176167156e-01
9.635443626404345263e-01
9.516628013251254847e-01
9.110698784844859510e-01
8.817362010242923986e-01
8.006792522826438052e-01
8.379849015271608748e-01
8.124037299270583379e-01
8.608470859543894127e-01
9.115374287894950633e-01
1.156719223599501190e+00
1.224782588661778027e+00
1.181828334965953742e+00
1.175271153603018925e+00
1.121315430476008679e+00
9.706728743854806662e-01
8.869498270437554677e-01
7.953227915283407334e-01
7.478249238998770920e-01
7.013012677966772301e-01
6.478717189304890045e-01
5.921599313424372735e-01
5.966022615629053005e-01
5.652593625081876461e-01
5.616495747336719413e-01
5.523655270082932223e-01
5.345702350511776224e-01
5.265261566164836093e-01
5.207810969615325192e-01
5.083194612073437257e-01
5.151629552655613287e-01
5.009291068947305803e-01
5.110910160911291689e-01
4.997425030110188016e-01
4.980469435280359125e-01
4.884346390214853173e-01
4.906079099520877507e-01
4.958414932294589739e-01
4.932924262782907854e-01
4.887261297309705710e-01
4.871880604799408987e-01
4.894739895929975937e-01
4.823649884117261477e-01
4.785959538027291238e-01
4.898442655809926438e-01
4.830676974891538467e-01
4.845404043932042826e-01
4.757601063658561946e-01
4.860102781507909531e-01
4.740401315694619533e-01
4.842463773865053889e-01
4.772636115950910085e-01
4.813198181029332279e-01
4.860849964346881102e-01
4.714981280355399207e-01
4.828934151468389224e-01
4.734338662848555090e-01
4.861333727265799709e-01
4.780562444259244259e-01
4.802857652960044188e-01
4.824500237086296051e-01
4.855794942704024231e-01
4.728509447569665403e-01
4.801586806509798855e-01
4.841220376959262106e-01
4.779787716872316294e-01
4.829411206524447664e-01
4.778236588764422366e-01
4.773623238850252526e-01
4.725955497455809340e-01
4.815551079999154105e-01
4.805065181504475369e-01
4.853674455314286318e-01
4.783759306548549528e-01
4.761629190428689484e-01
4.834802985309556433e-01
4.831886021467036718e-01
4.794433330545702643e-01
4.788558379053284297e-01
4.700310923471157087e-01
4.807591177992864284e-01
4.907291195225327307e-01
4.999149292252727528e-01
4.714290834639497385e-01
4.888376774201333985e-01
4.822370366617276249e-01
4.745037488961657002e-01
4.799682459977438476e-01
4.873017186024657388e-01
4.804945256826281264e-01
4.847540136937852906e-01
4.777097175290636044e-01
4.804119514417460879e-01
4.896723112660057997e-01
4.926776328449586906e-01
4.856156063553317415e-01
4.821871027690728395e-01
4.833023561729614115e-01
4.859921409078301058e-01
4.925337079827464271e-01
4.789828805411366353e-01
4.797553806068445281e-01
4.819153198317256970e-01
4.933151842539656995e-01
4.920759563549226279e-01
4.884699930659555100e-01
4.901373136169158706e-01
4.902613218889975699e-01
4.961136124424803118e-01
4.845429483930577819e-01
4.877914748989787830e-01
4.937196928862201406e-01
4.934676269915815316e-01
4.847738761338868940e-01
4.976331838807502295e-01
5.034552920115935581e-01
4.908289410068019110e-01
4.989742069969391736e-01
4.883679380635732037e-01
5.088168294460478913e-01
5.039632463707337529e-01
5.022172619300342422e-01
4.966071576183470615e-01
5.107744760238325243e-01
5.097911733618736285e-01
5.172731961113091748e-01
5.252757895951292166e-01
5.325450738172790022e-01
5.365519198942242385e-01
5.394242792525922869e-01
5.363064526391274622e-01
5.487931314442315855e-01
5.376401153657909271e-01
5.430847381857834000e-01
5.483436346287750007e-01
5.632035114981691626e-01
5.663742682109080828e-01
5.841848443146233638e-01
5.787106060413614861e-01
5.945981910347891697e-01
5.727170661127116702e-01
5.710577699581977917e-01
5.718032174673027823e-01
6.023071405290770786e-01
5.943122771796054415e-01
5.913454563717869261e-01
6.141363583241364887e-01
5.947260387211220634e-01
6.177320565964472543e-01
6.010931692231960000e-01
6.275488511180500328e-01
6.106041587977278917e-01
6.088474783410886548e-01
6.089707055276651904e-01
6.332514573248170242e-01
6.314912003478917457e-01
6.426856815888946084e-01
6.395830082658467974e-01
6.361903918434853589e-01
6.485538686554714882e-01
6.447956290481100528e-01
6.266810429157433360e-01
6.414113909098037025e-01
6.334597165067727964e-01
6.655172710678642911e-01
6.729732414695165366e-01
6.928949617271195072e-01
7.202548078280160970e-01
6.919003274270524306e-01
6.891364511635236223e-01
6.877387601908550030e-01
7.092907514798548752e-01
7.392269297515005055e-01
7.540168496227687145e-01
7.793497891499557850e-01
7.659409295538478490e-01
7.432592292618941388e-01
7.524409746377511699e-01
7.631064281780226555e-01
7.720277596872642256e-01
8.092503644491833015e-01
8.273364529551964219e-01
8.607349352307166468e-01
8.761949640742077161e-01
8.718527005832046317e-01
8.830966075098373169e-01
8.460161896269002835e-01
8.811550791664575222e-01
8.957616734229938427e-01
8.758137847671811915e-01
8.768844085567040203e-01
9.199491345288789423e-01
9.331326888931144037e-01
9.429883338873426002e-01
9.195212307293534337e-01
9.179576509886142599e-01
9.349743009718934905e-01
9.254298538613421332e-01
9.169046768732114217e-01
9.349619848284183021e-01
8.768703289737056483e-01
8.623307138892438717e-01
8.561092840544219928e-01
8.926767845317554739e-01
8.418046726994504736e-01
8.165525145893973713e-01
7.906959943018527781e-01
7.935774654564202724e-01
7.871768456452339358e-01
7.172215864412628816e-01
7.103128858237528487e-01
6.901450847464259963e-01
6.672101474927425446e-01
6.866183453505683154e-01
6.282277963099672791e-01
5.965204639763502792e-01
6.076343314269444518e-01
5.785139663561053025e-01
5.704720415781099341e-01
5.638587146506237602e-01
5.522933721325030687e-01
5.674947467187619887e-01
5.556079051982119044e-01
5.260670776756158906e-01
5.240317708207369307e-01
5.329843639947340339e-01
5.138653454905821594e-01
5.239979567606967148e-01
5.245029484605344683e-01
5.048119420222624276e-01
5.073939179189230764e-01
5.085883860888842367e-01
5.005982259758566810e-01
5.069053991828427197e-01
4.985291625561783513e-01
5.073424907107997317e-01
5.020209558702863895e-01
5.087227943612588899e-01
5.021374289639415345e-01
4.985859351320487409e-01
4.999115666487898291e-01
4.929450609008663720e-01
4.899782408174813142e-01
5.013005332385112034e-01
4.984969998103209732e-01
5.011804966699474617e-01
5.029223505121594995e-01
5.037807437265757748e-01
5.017751663589128386e-01
4.890785075266017023e-01
4.999924847124229133e-01
5.031594301009778558e-01
5.030583641656647398e-01
5.108203721778623585e-01
4.996347732349099569e-01
5.007563891309386728e-01
5.067440031446968085e-01
4.993137585531899347e-01
4.999783325896935970e-01
4.986386300292446894e-01
4.976772379947423386e-01
5.108024390376596502e-01
5.121280922174465955e-01
5.041494127963821459e-01
5.099550909999703840e-01
5.018576154321622296e-01
5.034420962309074099e-01
5.033419691240257343e-01
5.013853296672388105e-01
5.093586795606195317e-01
5.173963250179115514e-01
5.042903455095639753e-01
5.019416077659969444e-01
5.055206317611243838e-01
4.971231807685830284e-01
5.093717244567500524e-01
5.082252182332467338e-01
5.031573158268612955e-01
5.101913809079173800e-01
5.095804106345579454e-01
5.125713982034576510e-01
5.114796643136146903e-01
5.100324092116682584e-01
5.164787275203915895e-01
5.125287476942997911e-01
5.191433121240560666e-01
5.228069605124592290e-01
5.105132378607832866e-01
5.194959136123942223e-01
5.061537945104608305e-01
5.160078867717851070e-01
5.248621257828429698e-01
5.295318191179771983e-01
5.151573390860857415e-01
5.263281379061653942e-01
5.123366321652695898e-01
5.180941600619728415e-01
5.260167078845037203e-01
5.233575768136720097e-01
5.162633783017815947e-01
5.191226739875498541e-01
5.237679468761129442e-01
5.374779735326081775e-01
5.426216748290809688e-01
5.424978319695427098e-01
5.369054910254613677e-01
5.317905953868647950e-01
5.346634677839645633e-01
5.255423907853012944e-01
5.290661692306619646e-01
5.328181892716152834e-01
5.369547977261980298e-01
5.444752806065185080e-01
5.590948832484898823e-01
5.544669756158338014e-01
5.403412422884160682e-01
5.320279278549732149e-01
5.478708720013734101e-01
5.660700491982231242e-01
5.639864862633106046e-01
5.696354538400298928e-01
5.713287909903224104e-01
5.641674051240025412e-01
5.767759633732000291e-01
5.972484005675924301e-01
6.243242683384423453e-01
6.072088937199568992e-01
6.236531691249167508e-01
6.520764198815011126e-01
6.734497095084134299e-01
7.127576137107271004e-01
7.178855317819609061e-01
7.543217908371188107e-01
7.958625446058870123e-01
8.022189083936723808e-01
9.037058990693082050e-01
9.072400633080737187e-01
9.239447724270521967e-01
1.004460672055266901e+00
1.067109632470768732e+00
1.044659902433785037e+00
9.132099251725586120e-01
8.509533187124491693e-01
8.405163667102274472e-01
8.282518586055129806e-01
8.250860621430780029e-01
8.905482250487224416e-01
8.660936199392664792e-01
8.968330064614957742e-01
9.576229422095366983e-01
9.982525230874804700e-01
1.017407012203395134e+00
1.005712523049951068e+00
1.050384984142529010e+00
1.106032285671768811e+00
1.087614660882751272e+00
1.134957390471102778e+00
1.113340465683392733e+00
1.128138863335006681e+00
1.220260705393366729e+00
1.243408601268875202e+00
1.297337589322682394e+00
1.247664824212973311e+00
1.296865909808093464e+00
1.308350363017565909e+00
1.284557204676052500e+00
1.303690188329710953e+00
1.277849831835096150e+00
1.338544918267638550e+00
1.303890877424124239e+00
1.318190249100501532e+00
1.304106836362078914e+00
1.306880919916656003e+00
1.322682390478903791e+00
1.320099778393032164e+00
1.308009562954830951e+00
1.333374843146786226e+00
1.334157261436561548e+00
1.336327397905360925e+00
1.329875421462473950e+00
1.323981408820926964e+00
1.297411908620757170e+00
1.335840787551660691e+00
1.316462152237130701e+00
1.288550425228646823e+00
1.320999500426349282e+00
1.248168547783004900e+00
1.182231475539996080e+00
1.159860253739572133e+00
1.121448657002982463e+00
1.111612301470943365e+00
1.151195472029320710e+00
1.116980968325665069e+00
1.139912219426060025e+00
1.195245489882750922e+00
1.197409660682661414e+00
1.204203864754844311e+00
1.188074195470560257e+00
1.230730952407746770e+00
1.277742771298015834e+00
1.304836176288396876e+00
1.292319353697221729e+00
1.330748755768525360e+00
1.275992050983705273e+00
1.292447426150899359e+00
1.282948215841922535e+00
1.284170147581747745e+00
1.307459744833387782e+00
1.314401229760577605e+00
1.318710938358602869e+00
1.309324908078313587e+00
1.307335223561964188e+00
1.305938956003209528e+00
1.295418154370576280e+00
1.227755326566080107e+00
1.225013856564365122e+00
1.231011834148650896e+00
1.220956035582186683e+00
1.219393085159769408e+00
1.214658897156086548e+00
1.216230258759867455e+00
1.235521304873963722e+00
1.189470673961904534e+00
1.213685292828387663e+00
1.178496838108127553e+00
1.169024685149330223e+00
1.174250598419289471e+00
1.193465153224532838e+00
