0.000000000000000000e+00
0.000000000000000000e+00
0.000000000000000000e+00
0.000000000000000000e+00
0.000000000000000000e+00
0.000000000000000000e+00
0.000000000000000000e+00
0.000000000000000000e+00
0.000000000000000000e+00
0.000000000000000000e+00
0.000000000000000000e+00
0.000000000000000000e+00
0.000000000000000000e+00
0.000000000000000000e+00
0.000000000000000000e+00
0.000000000000000000e+00
0.000000000000000000e+00
0.000000000000000000e+00
0.000000000000000000e+00
0.000000000000000000e+00
0.000000000000000000e+00
0.000000000000000000e+00
0.000000000000000000e+00
0.000000000000000000e+00
0.000000000000000000e+00
0.000000000000000000e+00
0.000000000000000000e+00
0.000000000000000000e+00
0.000000000000000000e+00
0.000000000000000000e+00
0.000000000000000000e+00
0.000000000000000000e+00
0.000000000000000000e+00
0.000000000000000000e+00
0.000000000000000000e+00
0.000000000000000000e+00
0.000000000000000000e+00
0.000000000000000000e+00
0.000000000000000000e+00
0.000000000000000000e+00
0.000000000000000000e+00
0.000000000000000000e+00
0.000000000000000000e+00
0.000000000000000000e+00
0.000000000000000000e+00
0.000000000000000000e+00
0.000000000000000000e+00
0.000000000000000000e+00
0.000000000000000000e+00
0.000000000000000000e+00
0.000000000000000000e+00
0.000000000000000000e+00
0.000000000000000000e+00
0.000000000000000000e+00
0.000000000000000000e+00
0.000000000000000000e+00
0.000000000000000000e+00
0.000000000000000000e+00
0.000000000000000000e+00
0.000000000000000000e+00
0.000000000000000000e+00
0.000000000000000000e+00
0.000000000000000000e+00
0.000000000000000000e+00
0.000000000000000000e+00
0.000000000000000000e+00
0.000000000000000000e+00
0.000000000000000000e+00
0.000000000000000000e+00
0.000000000000000000e+00
0.000000000000000000e+00
0.000000000000000000e+00
0.000000000000000000e+00
0.000000000000000000e+00
0.000000000000000000e+00
0.000000000000000000e+00
0.000000000000000000e+00
0.000000000000000000e+00
0.000000000000000000e+00
0.000000000000000000e+00
0.000000000000000000e+00
0.000000000000000000e+00
0.000000000000000000e+00
0.000000000000000000e+00
0.000000000000000000e+00
0.000000000000000000e+00
0.000000000000000000e+00
0.000000000000000000e+00
0.000000000000000000e+00
0.000000000000000000e+00
0.000000000000000000e+00
0.000000000000000000e+00
0.000000000000000000e+00
0.000000000000000000e+00
0.000000000000000000e+00
0.000000000000000000e+00
0.000000000000000000e+00
0.000000000000000000e+00
0.000000000000000000e+00
0.000000000000000000e+00
0.000000000000000000e+00
0.000000000000000000e+00
0.000000000000000000e+00
0.000000000000000000e+00
0.000000000000000000e+00
0.000000000000000000e+00
0.000000000000000000e+00
0.000000000000000000e+00
0.000000000000000000e+00
0.000000000000000000e+00
0.000000000000000000e+00
0.000000000000000000e+00
0.000000000000000000e+00
1.256864661155387752e+00
1.313176728826836337e+00
1.328865188760113059e+00
1.340637391576909643e+00
1.188264884904124630e+00
1.312228804834160600e+00
1.456897882050047777e+00
1.157737744277899994e+00
1.340563763073902903e+00
1.307310774275336929e+00
1.220768728199073117e+00
1.310921708437287725e+00
1.148456084328545401e+00
1.156542301929477379e+00
9.516795671291674585e-01
1.516267147318325792e+00
1.245519750481229648e+00
9.670627757663029511e-01
1.543676009857434916e+00
1.315906141123608153e+00
1.450376385255057743e+00
1.080118615424646045e+00
1.130250653820604745e+00
1.408345375817642742e+00
1.309616925135852705e+00
1.082795686060949114e+00
1.346982182346370571e+00
1.129979606022594618e+00
1.247575048324204072e+00
1.189775180870289217e+00
1.301566862615944453e+00
1.343140363863613684e+00
1.317349378374329971e+00
1.027969796638629418e+00
1.499805347470508643e+00
1.458141457526526574e+00
1.299642795167038845e+00
1.291259279772539514e+00
1.542300909263031095e+00
1.536404907294545819e+00
1.352380173740103553e+00
1.566331793472965250e+00
1.557531941919011897e+00
1.561676966324716531e+00
1.451290681859145559e+00
1.446688545499393186e+00
1.463767740357438951e+00
1.526702745929656713e+00
1.451974090295187647e+00
1.409291470822588321e+00
1.537360233348951777e+00
1.429593907194321556e+00
1.410160032348721559e+00
1.371134602193504914e+00
1.540549883832468936e+00
1.533417941413706576e+00
1.248732014743840546e+00
1.439235777142827244e+00
1.456810846171963991e+00
1.451346343110879289e+00
1.296435390576866853e+00
1.427301674859817515e+00
1.177469543894669846e+00
1.415672388008966553e+00
1.481190726038721373e+00
1.410138736768822287e+00
1.365249692764827882e+00
1.308951095484008453e+00
1.506643788410850116e+00
1.560720562399283695e+00
1.379564949668353302e+00
1.334236329530907428e+00
1.300528216357373923e+00
1.525018814594709227e+00
1.416223811130568500e+00
1.460227335546445238e+00
1.394748922341827235e+00
1.505413125471350533e+00
1.540428419372652291e+00
1.496541437553765563e+00
1.419079454693533693e+00
1.499115361025824544e+00
1.376584832555254323e+00
1.515841131709691814e+00
1.502789443678061998e+00
1.415711764235592751e+00
1.516357048005169350e+00
1.526344551300959251e+00
1.466907319827363887e+00
1.357802775832282149e+00
1.507209918335786325e+00
1.433523148741710607e+00
1.413549165692083998e+00
1.396579500898708304e+00
1.507645152714372161e+00
1.417230620680497877e+00
1.544022024434072771e+00
1.430169301206530408e+00
1.426148916226797292e+00
1.470672783563889308e+00
1.480508474781963013e+00
1.453998183616108220e+00
1.460140667575732687e+00
1.493819928803261865e+00
1.534560301233408142e+00
1.526852692295966651e+00
1.505717170457568033e+00
1.565056373511938492e+00
1.552335702502766646e+00
1.549914710268456952e+00
1.557862818959272255e+00
1.497683407599671668e+00
1.457247684886121775e+00
1.441241944017100929e+00
1.404044308304925437e+00
1.326382402315716025e+00
1.276768324082532047e+00
1.255860392993937369e+00
1.195358086595612601e+00
1.154412902277686559e+00
1.072709215231336666e+00
1.021377680573812397e+00
9.804825143204896065e-01
9.271271573719666037e-01
8.846425091581041622e-01
8.081004369127634535e-01
8.240852547840866738e-01
8.285797852249340290e-01
7.705651497399594874e-01
7.381322780154307983e-01
7.529279106461717053e-01
7.205214587408563798e-01
7.504457303357346953e-01
7.319707703913710395e-01
7.067189679127376944e-01
7.399686638377949155e-01
7.370750698719075178e-01
6.896174811102189217e-01
6.672695279975441318e-01
6.724301082535986129e-01
6.586735715611790054e-01
6.828294390611057141e-01
6.187829653481257131e-01
6.040354641260449187e-01
6.040070735095912635e-01
5.967732957809529504e-01
5.947523605152508219e-01
5.841266583460213990e-01
5.692455400984837155e-01
5.740749522230531587e-01
5.695063457220688186e-01
5.728261388696461731e-01
5.555095976110222544e-01
5.525161451811395619e-01
5.525743533949882824e-01
5.229984360450357084e-01
5.425049079333024160e-01
5.389793080033942196e-01
5.459450568352615107e-01
5.399815730739603303e-01
5.232207631101857270e-01
5.172303784391875103e-01
5.121123629906561003e-01
5.208193011186601495e-01
5.292701551915710567e-01
5.205771933126512874e-01
5.200997386162425906e-01
5.126122863728069801e-01
5.116837451883051724e-01
5.297855897872971731e-01
5.032894843145689912e-01
5.077604188564852628e-01
5.091991040509880051e-01
5.067363328503577957e-01
5.040962563504532978e-01
4.984598649844406704e-01
4.996697995976986384e-01
5.010078446859086432e-01
4.913260021013482470e-01
4.854635970404231338e-01
4.898016770616716031e-01
5.108738576354753258e-01
4.950456329932321764e-01
4.849838020822505591e-01
4.844260582255203729e-01
4.902744300162598656e-01
4.793899244996031039e-01
4.783300135261552288e-01
4.841934133708403198e-01
4.707736394583432737e-01
4.616138447009773826e-01
4.634081806556737404e-01
4.624092159530779900e-01
4.757419130669147123e-01
4.657535836621043424e-01
4.573047504232523597e-01
4.648937489577074644e-01
4.678230576878369962e-01
4.579407128230901791e-01
4.620994322502886553e-01
4.617374653453590883e-01
4.542217679804795294e-01
4.539705020311184391e-01
4.583529488646285732e-01
4.536761899588946934e-01
4.646318123069072548e-01
4.694570736887238582e-01
4.636544016432984083e-01
4.657920986879356406e-01
4.707055144230132826e-01
4.654206938877812894e-01
4.541060840098101736e-01
4.602069688359876065e-01
4.639282149199064342e-01
4.604568959431447617e-01
4.633703320308917295e-01
4.675444446339678817e-01
4.619777259955060722e-01
4.682906679719351373e-01
4.770569242541391475e-01
4.673841370426872199e-01
4.744541063769689981e-01
4.687586459001492067e-01
4.685043585046740899e-01
4.782107064748225000e-01
4.692022888850780338e-01
4.805636998575007479e-01
4.621319866531501397e-01
4.709391990083307000e-01
4.812330907651699019e-01
4.688778933857626896e-01
4.833953626750881472e-01
4.834150690273703588e-01
4.775033441741556861e-01
4.817987944630940933e-01
4.769074121241203557e-01
4.786081448219836609e-01
4.753329815052904084e-01
4.802926939806804185e-01
4.842026815224504399e-01
4.793854161684886206e-01
4.860927832401702453e-01
4.796762156090028650e-01
4.918088112778764565e-01
4.889413964799890211e-01
4.819633239848493123e-01
4.974903168838626932e-01
4.908540954748312757e-01
4.930545590911004639e-01
4.977956434339363412e-01
4.978721954591313614e-01
5.066681396824260775e-01
4.903542552313255309e-01
5.067940870212420679e-01
5.103244565627172991e-01
5.126780689813466019e-01
5.030090918095683206e-01
5.216564500284550654e-01
5.088173396690134354e-01
5.182822281121980401e-01
5.251950272455380153e-01
5.231670039131699479e-01
5.154801236987348600e-01
5.238186539269240605e-01
5.255301248747716869e-01
5.250834897816437641e-01
5.179909744334052490e-01
5.205509373085811520e-01
5.081025324386315711e-01
5.351341590080861410e-01
5.348953896925893181e-01
5.275223048405728310e-01
5.307755835271661393e-01
5.428716562872206719e-01
5.312588181259352282e-01
5.311843181953501691e-01
5.287580917843713868e-01
5.447982370781457861e-01
5.619893936504739562e-01
5.505413909088112678e-01
5.250490886124794532e-01
5.539581893502169008e-01
5.459217263697040412e-01
5.522766301471176975e-01
5.438320236889060411e-01
5.396394715223120642e-01
5.588631968966059071e-01
5.457879506868693609e-01
5.580230881010772581e-01
5.519080580410795633e-01
5.403199697129090762e-01
5.324513419455664254e-01
5.262175690206392087e-01
5.307947213934580688e-01
5.280805962433305911e-01
5.339203746472105383e-01
5.333952746643964016e-01
5.257931784191154367e-01
5.200293261936725919e-01
5.285887911911812953e-01
5.318010250845051079e-01
5.279426401338567221e-01
5.261916290377202099e-01
5.302848567429898630e-01
5.241874336290001102e-01
5.218361801210932294e-01
5.133675614373288676e-01
5.238075874579007918e-01
5.203485362444053575e-01
5.144938906947007506e-01
5.232388004199387543e-01
5.191105335057734083e-01
5.105440495850417371e-01
5.181732913536110097e-01
5.330715854980151436e-01
5.132817681579850966e-01
5.308288653753395758e-01
5.218628177108606270e-01
5.134360097009942336e-01
5.204286383851589592e-01
5.233686301764164384e-01
5.147664870262258496e-01
5.189933335509020473e-01
5.070285453289017363e-01
5.115657748341663202e-01
5.108306147896239935e-01
5.166830546412329861e-01
5.139407512762281804e-01
5.045886814367295248e-01
5.073813337012549329e-01
5.169275170900367034e-01
5.098392921935120947e-01
5.101283720654229414e-01
5.065499656161119857e-01
5.236150268599193414e-01
5.062600877439015212e-01
5.039773560576679134e-01
5.118858357279119087e-01
5.206100661918431349e-01
5.162216461350608299e-01
5.016494554381234483e-01
5.099226251361654860e-01
5.055743509418217929e-01
5.099490177056584805e-01
5.048808564712589098e-01
5.105466499384714307e-01
5.015061215997325128e-01
5.039984400617677496e-01
5.105805460945823659e-01
4.944937797811372326e-01
4.965870089291779532e-01
4.975075454920515061e-01
4.929234943250447865e-01
5.011502822466369356e-01
4.820570289089702865e-01
4.909358380441613545e-01
4.965232018045125928e-01
4.934111602229434013e-01
4.953495095026426154e-01
4.952615706057619804e-01
4.967644544743098911e-01
4.889289079008720118e-01
4.908932530459980126e-01
5.030074321408405380e-01
4.902408495195108018e-01
5.029489311355630488e-01
4.961459626522054522e-01
5.004770824413729002e-01
4.983511124740041542e-01
4.898641018535401237e-01
5.023965565103156727e-01
5.087135756365198658e-01
5.008336720044275214e-01
5.034689627741836260e-01
5.075447678633880910e-01
5.081822589001139256e-01
5.014559250203073359e-01
4.971544695284473292e-01
5.063614504394510218e-01
5.188450223753738877e-01
5.207879114525398867e-01
5.098827414318716222e-01
5.132286454289032296e-01
5.250904657732602399e-01
5.133313004819226588e-01
5.151999341714248448e-01
5.153176633000313700e-01
5.161218010671868583e-01
5.216069332074105835e-01
5.203107026319198081e-01
5.216588655014530174e-01
5.215517146304065044e-01
5.204582929018647386e-01
5.321045684993461755e-01
5.200753458343284619e-01
5.346145725945172789e-01
5.392279146976595161e-01
5.474995843269921947e-01
5.492239889865064839e-01
5.497463825636652590e-01
5.562459639575264569e-01
5.641435685684115242e-01
5.685795722669830798e-01
5.698119539234509645e-01
5.782531309357819005e-01
5.802945793415177356e-01
5.803357014067327402e-01
6.077190913608827572e-01
5.779892860032884716e-01
5.942586903170857804e-01
5.978754283750494780e-01
5.862462840767396210e-01
5.827930473997587901e-01
6.117275153898111828e-01
6.280239584298970001e-01
6.330546669259093928e-01
6.614848817394023417e-01
6.422062843943161514e-01
6.410135855981605735e-01
6.480719673873218678e-01
6.496637364993784747e-01
6.638807066636841503e-01
6.488026808942932711e-01
6.468472015906387984e-01
6.509663153697142768e-01
6.296837483280088854e-01
6.298355451595768484e-01
6.252095936721642211e-01
6.284090820981280689e-01
6.094608688659552964e-01
6.059769085491500951e-01
5.934354946717563806e-01
5.952772040416460797e-01
5.930350053364721319e-01
5.919575260643661352e-01
5.709970107187679611e-01
5.573487005937826089e-01
5.535218672766690773e-01
5.521968663149654510e-01
5.451200840720995533e-01
5.512003273198265996e-01
5.329018715782422033e-01
5.291060537895529992e-01
5.278049607033004076e-01
5.168443684652015424e-01
5.211976792082646526e-01
5.156183221105599124e-01
5.211320980105363931e-01
5.087736285971905525e-01
5.129285188502079595e-01
5.116341757891391673e-01
5.108941414951314597e-01
5.077316411881054314e-01
5.082960896413316609e-01
5.112631630173604114e-01
5.134850980490426320e-01
5.134371724324522379e-01
5.039029259874820976e-01
5.001737590811982104e-01
4.991236667529583282e-01
5.056669821147672383e-01
5.049746614002459388e-01
5.043224432496580256e-01
5.092125064306090021e-01
5.068308133808765437e-01
4.996233792336641777e-01
5.049638787564012521e-01
4.984415097690022556e-01
5.123208676988484367e-01
4.989428957305963586e-01
5.084566993723189654e-01
5.033990855144657717e-01
4.978483283056212572e-01
5.050659731916278261e-01
5.111579037900513267e-01
5.011112921574727430e-01
5.083794137342464436e-01
5.011590493751367781e-01
4.939486324872247036e-01
4.975314388315273395e-01
4.953855218861398235e-01
5.026731647470366049e-01
4.942413239114549772e-01
4.919747687846333095e-01
4.822899759599157399e-01
4.846647878889722150e-01
4.890620339859053090e-01
4.866783525106725405e-01
4.878152958569137998e-01
4.851057532057625465e-01
4.812873812926342643e-01
4.802604241622584480e-01
4.819258064260950047e-01
4.813664941878370018e-01
4.900178013815955635e-01
4.896533046997984528e-01
4.826702939150956939e-01
5.012309557008429728e-01
4.896334251446736729e-01
4.866693829448096587e-01
4.860153183043142699e-01
4.913986106435373480e-01
4.808714870804399744e-01
4.901106347191573898e-01
4.782262175429906059e-01
4.781546036735044303e-01
4.760611935034344544e-01
4.917943548994677117e-01
4.768866814755066685e-01
4.846860566055815611e-01
4.799883469051121621e-01
4.753850826860422374e-01
4.869888745088923887e-01
4.876992121985751494e-01
4.870752060515076143e-01
4.856864089997158240e-01
4.750087895480443745e-01
4.840675993331551852e-01
4.833977514359930616e-01
4.741456067169368405e-01
4.842729198572241489e-01
4.729272614736313440e-01
4.756870261196008420e-01
4.789359827017905524e-01
4.780376509218550729e-01
4.722367717999876868e-01
4.749406145067941454e-01
4.743437274228931577e-01
4.733343312717440687e-01
4.821712628116614496e-01
4.772509315485273240e-01
4.837487691463472905e-01
4.851457644779714751e-01
4.753467130349444125e-01
4.815045241308463231e-01
4.817768613232189523e-01
4.851793635957000750e-01
4.838176550378900931e-01
4.791320559725842365e-01
4.802696042888018324e-01
4.921234314140792709e-01
4.872210045306999415e-01
4.761277722714639116e-01
4.937982815140228854e-01
4.899939014060480380e-01
4.910912987294939747e-01
4.906441857565082554e-01
4.898989555183708711e-01
4.957291379777636897e-01
4.963935234749086156e-01
4.973626653146758225e-01
5.001901977030498436e-01
5.028506103496230839e-01
5.016223297780302293e-01
4.966170652104031635e-01
5.070168761077376018e-01
4.998136695657656170e-01
4.898860444792971225e-01
5.061553220053993662e-01
4.923308346663505808e-01
5.086658367093372934e-01
5.091249551996011036e-01
4.975404965500658250e-01
4.955387935626412999e-01
5.018840746295243349e-01
5.089538052467149631e-01
5.038509975691143339e-01
5.017133438874443740e-01
4.956287970425359846e-01
4.960155163974647730e-01
5.088971863599108802e-01
4.982174874035869006e-01
5.100211851803360119e-01
5.140491623742380334e-01
5.103207092837653835e-01
5.095861082877222170e-01
5.095500043188432304e-01
5.117559282975550072e-01
5.064416896347309072e-01
5.048538877379998846e-01
5.114435123212784928e-01
4.980613667877579753e-01
5.088963047730686862e-01
5.107038558560591524e-01
5.117347248783081781e-01
5.018276220089401551e-01
5.138686362759911086e-01
4.951773081168330259e-01
4.997283964282492885e-01
4.995650560427258857e-01
5.064680396831654496e-01
5.077875959780900894e-01
4.987672281932844509e-01
5.008313022140290505e-01
5.011663144368099232e-01
4.975278060416434278e-01
5.050079563473121036e-01
5.049128258252620904e-01
5.091759599302184691e-01
5.059892292421011017e-01
4.989774570676844823e-01
5.045179909924552009e-01
4.983991943814621295e-01
4.931806876134792184e-01
4.939434099453242633e-01
4.936710380331717496e-01
4.936920184284051549e-01
4.938824237542520090e-01
5.003478593245545003e-01
4.922337847502365471e-01
4.937832084741658467e-01
4.948532047929795064e-01
4.899123755003700897e-01
4.928103652082720387e-01
4.948393134557551587e-01
4.999776089858261052e-01
5.000767981834705056e-01
5.133477237945675009e-01
5.045626866907819696e-01
5.021716078801008454e-01
5.166887792913616995e-01
5.294687352188981455e-01
5.301398055756122440e-01
5.262086888609008861e-01
5.345044447946266652e-01
5.385572900653539108e-01
5.427728421821209626e-01
5.441209222264551393e-01
5.575731191330541847e-01
5.902742886466405547e-01
5.885269733589798546e-01
6.284017111507176345e-01
6.245532039256365131e-01
6.566122442833194350e-01
6.627549452537251362e-01
6.609889978411365163e-01
7.027986695817070029e-01
7.536689824612318178e-01
7.625266860363630883e-01
7.611646310383083369e-01
7.683159733442169737e-01
9.281285230944478215e-01
9.969757735502540186e-01
1.078528130503738858e+00
1.045396058606212319e+00
1.541816686701835026e+00
1.170216877185856319e+00
8.825816237217589677e-01
9.265886501934007535e-01
1.118245588959676295e+00
1.091276089251225434e+00
1.155235261098542132e+00
1.182076829656343753e+00
1.171253757925121652e+00
1.235808397839691430e+00
1.218183625054253039e+00
1.204487182593081185e+00
1.249947772385378686e+00
1.299762327704284015e+00
1.258352237025157860e+00
1.284026981431470871e+00
1.258897512672708219e+00
1.276675874167502389e+00
1.279178275064017489e+00
1.244912800278444642e+00
1.284731578281583575e+00
1.258707776767312714e+00
1.254803796219322809e+00
1.255975262203496534e+00
1.235137505323880891e+00
1.243749027666986917e+00
1.233090080647043285e+00
1.200878104042032213e+00
1.188245290599529769e+00
1.214739805707059750e+00
1.162861678929418385e+00
1.176890257663053330e+00
1.182711040513168221e+00
1.178066738490884946e+00
1.167823587296172860e+00
1.131476179811471416e+00
1.111986082783773311e+00
1.116565799327176478e+00
1.107534490926696646e+00
1.087117071174579008e+00
1.109216979326414831e+00
1.067492679146390566e+00
1.065695442110319302e+00
1.060582918206972147e+00
1.040914059552593862e+00
9.996150746139068621e-01
9.961497293669120401e-01
9.536940591167427650e-01
9.796366791679609332e-01
9.216449484724609231e-01
9.142662071891053399e-01
9.228804779450818785e-01
8.937448634250603208e-01
8.674276185632122660e-01
8.506723439223026206e-01
8.344290297788060640e-01
8.230482256865477853e-01
8.048001570300719054e-01
7.768050454855708331e-01
7.706130349610263996e-01
7.614604103814412994e-01
7.456817937362936188e-01
7.364260007093007543e-01
6.950615990336723726e-01
7.008134774798586708e-01
6.992912617983975121e-01
7.028528589464374532e-01
6.784519118545770944e-01
6.808953803390925819e-01
7.093705945566597393e-01
7.104710435471307539e-01
6.918096712449790520e-01
6.875271232774667896e-01
6.620831754673714986e-01
6.822621282501212248e-01
6.672666712090540297e-01
6.393571050925940247e-01
6.522142017897988309e-01
6.386298531900912456e-01
6.377004557515816296e-01
6.328699056389414102e-01
5.924598955302593506e-01
6.047199834780170313e-01
5.971157947817661293e-01
5.862349828284237896e-01
5.735201068805596547e-01
5.681354704238150699e-01
5.667067662721965160e-01
5.600436039293800183e-01
5.536732716002781274e-01
5.519817162865612303e-01
5.441105805316612809e-01
5.546325718951894412e-01
5.350116051946245399e-01
5.381180224046515637e-01
5.257192556863907740e-01
5.236399239673299455e-01
5.198117780715866276e-01
5.171402007117766875e-01
5.169486649443560955e-01
5.122991237741607584e-01
5.062038136137472222e-01
5.130721663557742396e-01
5.109714604350721334e-01
5.115073049744870426e-01
5.135456635300941208e-01
5.035237461378889723e-01
5.041359681440586993e-01
5.098875218983645041e-01
5.010482475189526053e-01
5.028513544815500502e-01
4.920220846374528390e-01
4.929102705832388853e-01
5.096545352072112678e-01
5.003847725926613421e-01
4.882709844141559508e-01
4.877877945915508051e-01
4.939092862029215159e-01
4.939911667290939334e-01
4.907912568349994675e-01
4.831977805201202458e-01
4.995963618442550436e-01
4.921952412930223897e-01
4.898963834644167736e-01
4.793035268286591211e-01
4.925853844487735334e-01
4.928337904642275391e-01
4.848461461188028343e-01
4.892056590665565530e-01
4.911889199635618430e-01
4.930793043344414706e-01
4.847916867489487913e-01
4.828737705890384646e-01
4.912296890490215340e-01
4.912961949727665534e-01
4.893176726530636400e-01
4.839071002480131445e-01
4.846192557091158482e-01
4.892536359905468313e-01
4.779166453499503198e-01
4.847986182340653372e-01
4.761371733297436459e-01
4.888891965699308506e-01
4.877655781543999147e-01
4.888386858583199657e-01
4.867862292551044523e-01
4.840141383522565399e-01
4.839327210803756607e-01
4.831238730992576946e-01
4.825367368222194253e-01
4.767175117660575334e-01
4.818235758693471538e-01
4.781197226557669655e-01
4.795957905766663476e-01
4.788821341576918744e-01
4.791415961448173833e-01
4.789798998023180321e-01
4.732046683920932972e-01
4.759768590793537202e-01
4.804140013783101404e-01
4.828581983979405856e-01
4.846469190610310229e-01
4.736859863261597692e-01
4.838069937780595242e-01
4.828605253779874040e-01
4.835975720029597191e-01
4.937755199409163409e-01
4.883864260733666307e-01
4.850469077764720804e-01
4.832788751285420070e-01
4.834723403717671175e-01
4.887921386912975619e-01
4.885504809877408983e-01
4.882224729557776977e-01
4.868564084616685550e-01
4.891181019420567933e-01
4.864462061510161917e-01
4.850844867320910914e-01
4.991709483436329586e-01
4.877344789799843983e-01
4.965594853140389286e-01
4.843950754611627829e-01
4.832702977540552225e-01
5.023844014712200989e-01
4.934951836680210868e-01
4.989825194052058266e-01
4.922003311874711962e-01
4.928917112079940210e-01
4.883039211336957508e-01
4.868145888897139062e-01
4.989893957145607462e-01
4.955752292974414108e-01
4.892512963046207197e-01
4.928359412259469829e-01
4.910028649096514486e-01
4.980797309543906759e-01
4.911240741366102447e-01
4.927515873550996073e-01
4.973843168102258794e-01
4.996128092878153182e-01
4.939509961157302897e-01
4.899823595535604537e-01
4.975496219681648236e-01
4.978623396965066172e-01
4.962131278116162503e-01
4.857263589410679150e-01
4.940601684496968571e-01
4.948832874659800929e-01
4.946114536120740368e-01
4.936574402142537288e-01
4.950644295814576878e-01
5.016583651723075521e-01
4.990199692315382407e-01
4.966733387701798286e-01
4.973718344833648608e-01
4.940895859246557942e-01
5.019227427169922207e-01
4.961826362497372966e-01
4.971178229699025342e-01
4.927965778069052227e-01
4.957422664360305320e-01
5.027538812737442075e-01
4.908007681685222501e-01
4.942890908001372208e-01
4.971829129661133884e-01
4.919879764391819621e-01
5.022537161604405664e-01
4.983615367243585115e-01
4.995304189716421872e-01
4.886480750242566118e-01
4.951254083554985086e-01
4.965775018705016475e-01
4.906541713489855905e-01
4.959643128704054327e-01
4.986482278327204476e-01
4.927354361361796498e-01
4.984962402038242701e-01
4.987770963736168905e-01
4.964113781454347341e-01
5.044641618901977154e-01
5.008521763155782125e-01
4.907691137517025126e-01
4.994124086347166980e-01
5.033865833362520803e-01
4.943448446623182613e-01
4.964316159870628131e-01
4.964171706643783488e-01
4.922058592504600649e-01
4.981380885935868807e-01
4.888636472554439005e-01
5.005519615862097371e-01
4.987560482358278646e-01
4.980547927950143006e-01
4.941418840502199150e-01
4.922209892283170851e-01
5.008376152696604189e-01
4.977016445140126644e-01
4.970239571428037295e-01
5.016261902328210676e-01
4.981238913752483732e-01
5.056498002602968223e-01
4.984522047949461188e-01
5.067335923907823059e-01
5.065613349420859945e-01
4.978214133133095909e-01
5.040228048192304522e-01
4.988520359687771966e-01
5.048333211450792835e-01
5.072727736666045040e-01
5.018757131333958510e-01
5.051980907603493831e-01
5.077309878119726783e-01
5.003818152859879076e-01
5.016279845467003229e-01
4.963309360409967064e-01
5.060372182081012138e-01
5.038949869349744759e-01
4.975007791609091234e-01
4.929515816585707810e-01
5.072081642041126326e-01
5.133112547126464920e-01
4.979401415109430684e-01
5.053031703281438691e-01
5.018314569168896844e-01
5.129926400538593612e-01
5.117390143021885995e-01
5.003865047444387981e-01
4.999307447693766004e-01
5.080240230283542546e-01
5.030825727589883778e-01
5.053951717842206648e-01
5.074205432137267602e-01
5.102861051885121402e-01
5.024144789570066383e-01
5.108905681985579372e-01
5.113277347964371167e-01
5.011777469968758947e-01
5.071248220829218667e-01
5.128986277149404360e-01
5.082348206466817953e-01
5.115797462603848267e-01
4.979010460162782148e-01
5.096707601625014572e-01
5.106985359285145520e-01
5.147705018458189619e-01
5.136664514291920947e-01
5.124421017597455830e-01
4.996540274427193618e-01
5.085140829472002411e-01
5.041473012570347745e-01
5.023931456383823324e-01
5.113460961360580814e-01
5.070556910304453435e-01
5.058353949021543450e-01
5.046260753431598411e-01
5.063716492793773893e-01
5.004208176081477166e-01
5.031952077208807772e-01
4.983471646252161658e-01
4.961363372247292181e-01
4.995947133006684582e-01
4.952026842231658232e-01
4.963738205404493176e-01
5.015751162034851607e-01
5.025178379101897796e-01
4.997067189076578875e-01
4.976091803523388091e-01
4.961026067260506101e-01
5.013438757258978917e-01
4.988833093309014699e-01
4.883970359911760095e-01
4.942822591673669552e-01
4.941169983257967524e-01
5.009217162272021628e-01
5.001858176735947126e-01
5.014790641137618632e-01
4.994014093720871017e-01
4.999871937054178872e-01
4.981599891639228450e-01
5.034399268959015572e-01
4.950223094875843000e-01
5.092726267777014648e-01
5.002654374508757051e-01
5.083059751191678632e-01
5.058878174627898794e-01
5.047483067665027301e-01
5.032523268208235478e-01
5.119613507848976841e-01
5.095800876714727812e-01
5.110093263463403312e-01
5.166083590025458694e-01
5.243823647176826253e-01
5.276371759935776229e-01
5.270824712393742395e-01
5.383769442411395767e-01
5.332296081356351358e-01
5.534597127703051456e-01
5.410310927081030119e-01
5.524822020634766462e-01
5.523778291549252817e-01
5.724085366789081197e-01
5.819005648412874931e-01
5.971433564450250309e-01
5.975919399676091759e-01
6.099372370519842157e-01
6.161665602428892941e-01
6.827748987762211064e-01
6.932163178682420046e-01
7.141717166501589942e-01
7.104694583843501610e-01
7.325697592916342593e-01
7.139291445298042715e-01
7.511109839662887255e-01
7.653861232883366617e-01
7.930178435514455559e-01
8.272786661920172868e-01
9.218772568814265211e-01
1.015396564571620086e+00
1.135106034975279954e+00
1.277276278714198021e+00
1.373202543078232640e+00
1.416777241590456260e+00
1.429903234916928279e+00
1.321846089890244214e+00
1.304519746716612971e+00
1.343248406442443477e+00
1.379761272395835681e+00
1.364237699722862018e+00
1.385342345935886454e+00
1.377756677717270284e+00
1.415572365229206930e+00
1.382349991230755526e+00
1.390890832224567442e+00
1.352838000721935829e+00
1.356322595123274244e+00
1.317785971094187714e+00
1.322729816928636337e+00
1.328842000335043405e+00
1.328357859791651663e+00
1.348366013609886727e+00
1.294111594986884217e+00
1.327719767470857404e+00
1.316809778907719330e+00
1.297543260719487890e+00
1.280536537527408480e+00
1.264318247872137757e+00
1.251781120885894660e+00
1.273613728855222282e+00
1.276758731919714007e+00
1.256861333806951420e+00
1.241848133555482514e+00
1.234964875758312264e+00
1.220619151036741679e+00
1.214232827092107891e+00
1.218806905785656314e+00
1.189857258216782343e+00
1.199842846769917815e+00
1.196298476244426867e+00
1.201173503583266688e+00
1.191604256747867074e+00
1.188271366430595055e+00
1.182615428524204093e+00
1.150863849376800419e+00
1.156579647847360004e+00
1.171767366706844671e+00
1.160226063845168909e+00
1.183146474795246705e+00
1.174086078509866127e+00
1.177905350102723236e+00
1.147729401022973938e+00
1.145529674675432208e+00
1.155662630255656964e+00
1.155665907257590774e+00
1.156704119248405549e+00
1.141895055572753392e+00
1.120619463301061547e+00
1.146577678709002068e+00
1.124587488168147686e+00
1.134656098218531195e+00
1.108892639738476404e+00
1.094248330062935981e+00
1.095373974088239777e+00
1.089970912333214192e+00
1.093646583263765626e+00
1.090083923989527692e+00
1.066624952378161906e+00
1.071870456256737825e+00
1.048972470229167175e+00
1.012293227708512600e+00
9.931621186354105957e-01
9.660184534983543569e-01
9.687112847177132835e-01
9.397068921391020790e-01
9.379503724927173991e-01
9.036822247029404620e-01
8.856501436536948768e-01
8.638265443190021875e-01
8.181455460841210447e-01
8.119229252624267090e-01
7.971209256761658812e-01
7.909081950467443667e-01
7.997590941704914025e-01
7.752948044485202805e-01
7.663764372865745633e-01
7.789915385358806565e-01
7.438558159577284279e-01
7.586802274868511553e-01
7.406366551306975410e-01
7.419243192107377594e-01
7.118998669277283309e-01
6.786102881577719126e-01
7.031043449099138032e-01
6.830349692897011993e-01
6.712874712679279821e-01
6.771079130321647765e-01
6.861267002235346135e-01
7.074583592451839653e-01
6.890174989710107223e-01
6.726180067279344810e-01
6.965738631355337107e-01
6.566825071933866109e-01
6.537941746644659879e-01
6.398843983536418589e-01
6.397717881336717483e-01
6.155530652666795222e-01
6.073000463584177222e-01
5.962801810225879517e-01
5.911470537157131888e-01
5.860811962097002281e-01
5.629260814826371195e-01
5.662320135959458822e-01
5.541776336619967935e-01
5.577234484378390533e-01
5.539442446091302763e-01
5.503652334621462749e-01
5.449366150997100311e-01
5.377293028090140981e-01
5.359273212068491610e-01
5.281029305887431358e-01
5.291654625324527794e-01
5.239260370732405914e-01
5.206358765780301212e-01
5.166336554070475318e-01
5.239862964845047877e-01
5.098105512533411821e-01
5.182040704160755240e-01
5.101807059089873420e-01
5.084732535013285482e-01
5.133431677160722462e-01
5.198828590918397330e-01
5.042258417554076333e-01
5.165786304545577634e-01
5.098531331099116493e-01
5.036342970866193314e-01
4.974758156214402205e-01
4.967174062255483857e-01
5.064494814195334982e-01
5.084429968592701909e-01
4.977782594633649582e-01
5.134080719564670936e-01
5.106442662427159718e-01
5.020295540336219275e-01
5.126173770613533520e-01
5.006330289130737077e-01
5.035773495603405037e-01
5.008681661238615357e-01
5.071290710683680203e-01
5.002508790890848323e-01
4.935615574799091521e-01
4.923231560758663528e-01
4.959782557407143022e-01
4.993583423901550855e-01
4.987096250728585978e-01
4.941244809157158691e-01
4.993489282935812956e-01
4.893708305622481158e-01
5.044627501608937026e-01
4.820698513389407580e-01
4.959670555917415347e-01
4.941372795381573924e-01
4.880542289937503941e-01
4.986879559127561090e-01
4.905429355266832658e-01
4.938232200607881595e-01
4.898496057971518658e-01
4.885921508375283273e-01
4.995652425472555946e-01
4.965882701525978771e-01
4.877529306229151373e-01
4.917542745238098756e-01
4.883490638685658025e-01
4.979103091177308760e-01
4.789829087035355482e-01
4.922886084227223180e-01
4.898810320382802619e-01
4.999868242050347633e-01
4.821888677639019072e-01
4.851946938726072744e-01
4.913968144443908170e-01
4.849759765506764797e-01
4.850481127219492539e-01
4.901544251260152030e-01
4.867904691567270237e-01
4.887944808256713403e-01
4.888969380834083944e-01
4.901519463068764182e-01
4.823460766359536911e-01
4.892852056660233484e-01
4.834297796151243998e-01
4.841774050938700835e-01
4.910628381614848270e-01
4.832246423680473524e-01
4.878769374368063794e-01
4.885258754611475074e-01
4.854674979867092954e-01
4.888354462743997320e-01
4.885562129215737515e-01
4.832997695577991304e-01
4.841134197994201305e-01
4.945592143259469609e-01
4.873120714617792948e-01
4.889263612367293899e-01
4.895330227773885823e-01
4.902310026971500867e-01
4.888710938832003805e-01
4.833800038996507453e-01
4.964553206296127286e-01
4.934933025076831958e-01
4.880845363474161647e-01
4.874599543462231899e-01
4.871691218599257800e-01
4.869847441358102214e-01
4.877926554615090726e-01
4.870429904477915906e-01
4.880495785394198816e-01
4.916835278680993238e-01
4.880807442792023387e-01
4.871824521759822169e-01
4.905747435708326387e-01
4.872272253647149665e-01
4.966951192494938327e-01
4.960676501067282640e-01
4.947031309737970894e-01
4.929137467890819524e-01
4.995046138978944672e-01
4.837928938344098206e-01
4.883845086146654246e-01
4.907758277535385627e-01
4.938356646495175029e-01
4.943957345871706210e-01
4.877347750135464510e-01
4.966887328878757391e-01
4.884465779573338162e-01
4.855069618239002405e-01
4.873475948774182998e-01
4.986408963360526858e-01
4.970879726635070162e-01
4.958625383486410243e-01
4.915215992457922511e-01
4.911471717018645045e-01
5.012551538396257111e-01
4.941807202743858096e-01
4.922781207077080445e-01
4.944504138120336956e-01
4.888323017806906479e-01
4.954878203890352162e-01
4.866755126084990057e-01
4.885816702882579965e-01
4.864027137028775760e-01
4.901620517311481851e-01
4.881092701093792119e-01
4.973603893475116999e-01
4.878815716096575605e-01
4.924432877776197537e-01
4.871398002326340904e-01
4.999776353252256000e-01
4.958169840433889752e-01
4.916068818726087031e-01
4.968945721317772901e-01
4.927516118759898145e-01
4.933751823324764585e-01
4.968766395694997340e-01
4.986834046423774258e-01
4.914843578150590031e-01
4.936776403968834992e-01
4.969868233671256852e-01
4.971661056834084103e-01
5.029269254340442696e-01
5.007039345005706021e-01
5.008384949328725799e-01
4.893379766932180464e-01
4.956975600895239253e-01
5.053245308400700075e-01
4.969072799580656064e-01
4.976018826906378201e-01
4.939169882806045964e-01
5.024943906195267207e-01
5.070393331379955404e-01
5.014826657869769777e-01
5.022642110674470084e-01
5.069185470598719379e-01
5.044890430888899768e-01
5.015032752114128023e-01
5.023885618610184345e-01
5.041621323192017057e-01
4.952624084283131500e-01
5.030589756310815952e-01
4.979868762113769942e-01
5.082749059994575713e-01
5.103738800830215361e-01
5.074341738971711591e-01
5.037418205659320858e-01
5.043547811380016954e-01
5.045579446787724631e-01
5.116000881776081588e-01
5.156334029397409147e-01
5.048576852365973533e-01
5.058901929296211186e-01
5.174148114775052321e-01
5.106766731660493663e-01
5.135226970949586800e-01
5.277453125652844523e-01
5.100743597821141284e-01
5.157407798771894702e-01
5.155109435939324580e-01
5.218109978077571931e-01
5.202120914699123189e-01
5.185276807233729635e-01
5.321111262082970361e-01
5.247809131881495670e-01
5.271844522296742497e-01
5.279730444934755962e-01
5.262882095234875379e-01
5.348668491326723506e-01
5.343816122335325325e-01
5.473478345557887259e-01
5.371411116406176189e-01
5.448191719202228889e-01
5.339668604308579480e-01
5.487446762772902886e-01
5.420411975470511567e-01
5.549668608567120964e-01
5.585272177018328899e-01
5.572291625503227319e-01
5.555467677230231383e-01
5.629840176503767557e-01
5.674485068746820682e-01
5.524669808059470277e-01
5.678365544908577922e-01
5.635112820461034566e-01
5.594397051007017341e-01
5.731520482988394782e-01
5.712584458978723356e-01
5.669047519749367270e-01
5.757596698402219770e-01
5.818275488041650956e-01
5.805324074458628747e-01
5.824658577620697164e-01
5.992708301691827000e-01
5.795174162447395139e-01
5.879890163343221010e-01
5.778183354043731068e-01
5.862099238066259543e-01
5.861720948210414894e-01
5.990072975694141766e-01
6.073504269524906407e-01
6.089114005813897057e-01
6.119177989354793734e-01
5.977584116585354934e-01
5.964303347847467185e-01
6.167639992920931347e-01
5.960029387030253423e-01
6.007403817620674547e-01
6.038161647072085580e-01
6.095174376747387601e-01
6.088337835816662880e-01
6.037285120351968404e-01
6.123116790642544327e-01
6.059632360439830556e-01
6.015835569254546211e-01
5.941606045759587618e-01
6.171465167232293991e-01
6.000556904946042769e-01
6.063935216124616279e-01
6.088521553696331079e-01
6.061345440311682875e-01
6.103375350646650377e-01
6.013043447538820585e-01
6.080714267398384942e-01
5.967273154791206125e-01
6.155050392436832718e-01
6.109662245855415064e-01
6.037103547523573477e-01
6.101622859515843933e-01
5.921439955533582822e-01
5.889106100098608909e-01
5.824085039831926602e-01
5.919148421111298797e-01
5.843428339057888943e-01
5.866598173754070666e-01
5.864686697439007723e-01
5.821235348279463206e-01
5.756307127651868472e-01
5.865123182466824847e-01
5.804013249591229995e-01
5.732548312619099029e-01
5.681657275653035910e-01
5.673375378611316133e-01
5.729155469571219905e-01
5.547695094207200084e-01
5.592510578856716430e-01
5.559440462819986717e-01
5.462016683691479635e-01
5.514890399996357218e-01
5.409371538972005400e-01
5.445534467255999100e-01
5.459285995558037508e-01
5.317280315472020513e-01
5.504480592123180971e-01
5.398418493308407839e-01
5.312759773598219049e-01
5.276880178195262339e-01
5.368894218365322102e-01
5.366559215592774379e-01
5.222408880347875204e-01
5.357107684386507307e-01
5.400945411605412305e-01
5.298800737705534614e-01
5.321596390106244634e-01
5.292850731936115105e-01
5.253181121729033620e-01
5.269275895714909952e-01
5.203640157927311716e-01
5.154043935961560852e-01
5.262428821527499467e-01
5.168984434392657201e-01
5.236963895921571410e-01
5.307136981930770103e-01
5.315713594061906022e-01
5.247085892297203014e-01
5.334032234649886961e-01
5.443824997154232959e-01
5.310989095209959210e-01
5.372171087371536702e-01
5.452239796413246298e-01
5.544752846221048248e-01
5.437824784009656076e-01
5.492445145691836617e-01
5.541048206480838623e-01
5.537960768197176531e-01
5.623972963040273498e-01
5.674402166526821834e-01
5.722776009904473327e-01
5.888037675754197453e-01
5.859557702895105136e-01
6.052119834480176319e-01
6.294659255375300022e-01
6.147486193318035808e-01
6.517822339380454633e-01
6.529621701804628753e-01
6.701456222246056083e-01
6.928443100912787811e-01
6.580088557523127157e-01
6.615066070355827277e-01
6.157024184635284669e-01
6.342171844836365091e-01
6.314805469159974205e-01
6.886255528005913451e-01
6.498365006978200631e-01
7.084449515743328485e-01
6.605445943661192310e-01
7.245278093117891727e-01
7.377873835050198226e-01
7.078930835667054389e-01
7.562136290475344191e-01
8.057875789931083776e-01
8.217012296181817055e-01
8.595627160170347114e-01
9.039234130617819218e-01
9.342288042793334135e-01
9.736184586106387817e-01
1.013790145961423583e+00
1.038429577223791922e+00
1.072595994055179247e+00
1.100403208230098517e+00
1.157235151705013232e+00
1.168127741779150908e+00
1.196795958737268961e+00
1.199452760816896113e+00
1.240580992597648979e+00
1.243190517678240514e+00
1.276690989026069811e+00
1.281382753218431869e+00
1.271975723672003511e+00
1.294527673697100312e+00
1.268729416419465572e+00
1.265788284684127074e+00
1.290467705599713799e+00
1.297027300746496969e+00
1.332848673538602924e+00
1.317023631301245556e+00
1.321225487722181846e+00
1.303765557685127474e+00
1.317217832252105980e+00
1.347519334254551060e+00
1.349750280479731002e+00
1.342301783200790410e+00
1.324964609250084191e+00
1.322295603697303923e+00
1.374512677677895978e+00
1.401722620092678673e+00
1.364842770695908980e+00
1.369039561402629612e+00
1.319391505718245039e+00
1.368244019120688382e+00
1.328632436092377578e+00
1.367090996987550655e+00
1.344322256496138568e+00
1.338340609995500419e+00
1.355964443218532933e+00
1.359085489816442616e+00
1.334143080677171911e+00
1.332258673663496928e+00
1.323352829271512654e+00
1.315985450959465952e+00
1.347335572496119127e+00
1.340277873456739544e+00
1.338087225712133899e+00
1.300230442013528886e+00
1.296423025398329987e+00
1.295109599903243369e+00
1.258811451498898393e+00
1.277948023303419500e+00
1.279694772390582491e+00
1.230683171681241861e+00
1.223172392232687589e+00
1.179432375468672412e+00
1.191225546979286065e+00
1.156856828403483251e+00
1.153143834522131428e+00
1.146811172613641405e+00
1.120529686439903250e+00
1.102998910527271725e+00
1.116673612754289779e+00
1.102684758509385521e+00
1.090259834044937204e+00
1.058027461962945281e+00
1.056257460768464940e+00
1.037510756800293921e+00
9.986964660549912942e-01
1.031845136925039874e+00
9.964564446283749044e-01
9.722594057516910082e-01
9.620188632001526186e-01
9.500759918645005353e-01
9.350276697159708439e-01
9.073122027698882208e-01
9.112340833757592851e-01
8.774187027297370989e-01
8.852919266901507767e-01
8.539852842330967198e-01
8.390201635369843869e-01
8.080638248560743087e-01
8.161183913232364917e-01
7.904004125455282859e-01
7.950354674953873380e-01
7.906943000505931574e-01
7.743780811455093227e-01
7.628520424717826209e-01
7.491884939030686308e-01
7.378456808566488112e-01
7.297825486738270806e-01
7.029838267295673848e-01
6.687055884934519634e-01
6.991031919025819663e-01
6.783321479394492926e-01
6.558481445893622475e-01
6.673043248006464978e-01
6.993364691483598961e-01
6.858392311075393044e-01
6.743459647182301619e-01
6.766088167153774258e-01
6.659456279304286630e-01
6.384803958529898793e-01
6.305634455989007625e-01
6.110828709564354311e-01
6.004278930947952730e-01
5.952816187393303871e-01
5.862505794955192862e-01
5.635600573002028657e-01
5.641064631390350081e-01
5.512136473884678978e-01
5.491973573317504576e-01
5.415688171370993675e-01
5.347442374012352229e-01
5.384376601897074011e-01
5.366807647004538939e-01
5.296652075283404537e-01
5.271447111912272998e-01
5.203115464093566178e-01
5.139971006580965618e-01
5.218645242851263077e-01
5.140191934985194333e-01
5.104047402698954627e-01
5.105070982538579827e-01
5.152339605608144968e-01
5.076944973199676303e-01
5.038765868840267004e-01
5.035671183449142996e-01
5.071567846976798855e-01
5.002618096381521440e-01
5.007600445227262664e-01
5.041137263517421196e-01
5.023190337150666984e-01
4.976263698041726302e-01
4.997042958705143478e-01
5.021293379867023399e-01
4.911962077762597190e-01
5.010104642551561627e-01
5.047624561364236762e-01
4.971810667028977448e-01
4.968804978785742454e-01
4.897011348215981608e-01
4.948705833696949719e-01
4.904420943797976884e-01
4.974900053989922410e-01
4.908790025911789479e-01
4.930352038750100974e-01
4.972784992387268010e-01
4.952520299335093079e-01
4.903699321984703041e-01
4.908263181931557528e-01
4.930788402974634055e-01
4.903583279976053144e-01
4.929398962772146287e-01
4.825484106712236709e-01
4.888707059378032960e-01
4.861574622696467896e-01
4.890649607972052948e-01
4.839757961650392737e-01
4.887372562212586868e-01
4.866988218413669243e-01
4.864117398053533492e-01
4.862924079372878405e-01
4.892574326768562298e-01
4.924926496377706187e-01
4.895300649287677719e-01
4.835176181201372159e-01
4.880330595044716779e-01
4.948767915506398496e-01
4.920297842481158868e-01
4.884784159859816288e-01
4.891415357751636717e-01
4.902927280503446283e-01
4.941191450630175730e-01
4.880338345083029550e-01
5.002716227923350578e-01
4.920869801560287526e-01
4.946573623359262206e-01
4.915780185903431132e-01
4.935797737193418078e-01
5.012017245042650337e-01
5.027914028678839298e-01
5.000565321078771497e-01
4.982454144393121398e-01
4.972521027917499170e-01
5.016219915246196148e-01
5.011739366775966875e-01
4.984009364619308990e-01
4.991069163412239496e-01
5.014369027968900161e-01
5.063323307672308315e-01
4.976485204514518590e-01
5.070413512956293278e-01
5.057143131048342788e-01
5.089919977158596787e-01
5.189209684223261565e-01
5.073273186924994738e-01
5.180239606546845899e-01
5.189908483201555178e-01
5.175980264757296112e-01
5.134105116749920761e-01
5.175277299967049327e-01
5.249598089448950233e-01
5.147349134858518749e-01
5.306626875101896346e-01
5.260653024743111583e-01
5.266932973371762916e-01
5.282586972130425274e-01
5.318369514840561862e-01
5.269897657512532252e-01
5.337697712138242956e-01
5.326829855711419093e-01
5.370993352086170791e-01
5.502528131845891846e-01
5.452988248420278516e-01
5.454746092458293560e-01
5.494183961830751972e-01
5.448738944543279894e-01
5.500630253723921559e-01
5.524392881467526939e-01
5.530021517054743985e-01
5.559670682241711903e-01
5.636753000510352773e-01
5.593256015362217948e-01
5.711026839627880713e-01
5.650023789195663948e-01
5.636942098165614867e-01
5.632199252329808115e-01
5.554880613495807307e-01
5.591227471390725068e-01
5.686865072341725780e-01
5.751094284265770851e-01
5.733588070318017538e-01
5.771180545835535858e-01
5.746100063582985085e-01
5.741134689589515450e-01
5.683827127544471836e-01
5.701231053492589185e-01
5.713570573625120774e-01
5.745983230131368469e-01
5.746417017652150072e-01
5.848063750516858672e-01
5.863453312862094702e-01
5.860780448942305432e-01
5.811353505389604823e-01
5.807188770238498332e-01
5.923391586062914937e-01
5.838862744431335683e-01
5.844569951997130586e-01
5.881761654339987544e-01
5.872723105684823919e-01
5.956899702328573021e-01
6.023605327975769530e-01
6.103930647433188916e-01
6.093244704208051754e-01
6.135834171557745798e-01
5.949979033803884931e-01
5.950469379500117340e-01
6.000488945380881844e-01
6.049173137957366553e-01
6.093610125313063675e-01
6.135703618751592314e-01
6.220574847306638011e-01
6.206401141735633509e-01
6.147677718233806043e-01
6.122070554488369121e-01
6.173580202512044535e-01
6.301859345812148572e-01
6.348010279447880988e-01
6.392290151982783497e-01
6.347496265214042088e-01
6.385141320556040334e-01
6.472408507170831493e-01
6.346128137894584409e-01
6.326205486198429595e-01
6.346580575360418752e-01
6.333453229141267071e-01
6.299120925292396311e-01
6.407767332507574576e-01
6.446055924803688608e-01
6.488691468722445066e-01
6.472124617470800256e-01
6.444268350960538072e-01
6.534344915968089973e-01
6.444996164646145109e-01
6.395031180274025617e-01
6.310550385930510098e-01
6.260052371621688261e-01
6.253037219825173798e-01
6.293812000492171599e-01
6.330842976313827419e-01
6.362241233979369914e-01
6.254722706022394219e-01
6.098976701111452625e-01
6.151438517796135041e-01
6.222436936579485156e-01
6.019645189881326353e-01
5.981225375973175939e-01
5.983304373935035558e-01
5.928132581836724757e-01
5.946643452256550333e-01
5.856198551431895938e-01
5.672788023953275749e-01
5.717355877268829323e-01
5.608581541591496356e-01
5.583106635152224051e-01
5.625162087484072426e-01
5.611168957241021715e-01
5.535434597675837898e-01
5.444544821885032304e-01
5.430098144093120638e-01
5.450970501402022661e-01
5.374143538846017920e-01
5.328701146139764866e-01
5.397216781025229171e-01
5.416689430528952576e-01
5.306946821769327194e-01
5.307618471031840812e-01
5.384270724476658554e-01
5.211617912832254840e-01
5.283165261106137489e-01
5.249589097076765576e-01
5.206193344584220117e-01
5.192358278052638942e-01
5.273098353090489576e-01
5.256966249494778864e-01
5.195787367779127752e-01
5.218970556247087833e-01
5.147356461181883391e-01
5.111754267224017934e-01
5.197320622666533607e-01
5.182684863235116346e-01
5.180995896573047377e-01
5.179145145736131495e-01
5.097586073374933413e-01
5.083250129741274659e-01
5.047476405803769106e-01
5.171003191885726880e-01
5.182416961037786818e-01
5.111913768337575936e-01
5.243485131431415702e-01
5.129637341019968044e-01
5.112853375752777207e-01
5.108904541398076038e-01
5.166143487010788071e-01
5.091549204713425869e-01
5.162456725544363190e-01
5.115223012719601892e-01
5.161596131352650385e-01
5.126079439219008993e-01
5.112407339269329221e-01
5.107747979195198518e-01
5.096643403138079176e-01
5.075927961293416057e-01
5.099580069835900620e-01
5.101587266167707524e-01
5.120646541315863054e-01
5.161836942003852347e-01
5.157443883260708350e-01
5.208909280398144048e-01
5.213382602011623623e-01
5.109211765040699849e-01
5.170406544430109497e-01
5.150483970926621469e-01
5.148304913682436590e-01
5.159761776046639659e-01
5.133844244536167611e-01
5.142258367189972423e-01
5.204913031573324966e-01
5.165822119355611974e-01
5.204997265470558965e-01
5.220842626154522659e-01
5.218764967972973068e-01
5.266352430534854134e-01
5.218363870492874756e-01
5.168659821532666232e-01
5.171874394594639934e-01
5.200613140007721569e-01
5.221922035296003850e-01
5.284744118344972819e-01
5.246475080841774830e-01
5.302221941346185741e-01
5.306764825537789720e-01
5.213030990747277160e-01
5.282884619787984182e-01
5.280702316927624596e-01
5.268007149673040734e-01
5.323945751487656475e-01
5.358762334988673715e-01
5.419108256019558034e-01
5.444556345465954017e-01
5.352854948174000649e-01
5.405650953663571068e-01
5.376568425392087569e-01
5.325032205364981230e-01
5.341655316713669333e-01
5.444335454772870619e-01
5.393032408489184526e-01
5.457207844512632633e-01
5.456376485219585071e-01
5.486415337516064028e-01
5.476254728446519060e-01
5.504868992775254766e-01
5.507966352664608323e-01
5.544770954651315753e-01
5.678221650605271842e-01
5.530935336081076459e-01
5.531083133002492325e-01
5.736292478406700424e-01
5.618954284226467255e-01
5.733198577663929374e-01
5.768573643004012430e-01
5.813658590772462498e-01
5.839493638346352489e-01
5.872581452741941765e-01
6.054875101391055114e-01
5.995665881678958753e-01
6.161471377460402410e-01
6.190499042524683082e-01
6.201434138294907861e-01
6.334731728221359992e-01
6.418210732717130051e-01
6.655886812255942253e-01
6.573433561306377682e-01
6.702569801279919526e-01
7.005475498987181471e-01
7.165195884671946569e-01
7.106736672494450291e-01
6.989159658533341535e-01
7.098410332698964487e-01
7.118871560313713154e-01
7.281032169141525845e-01
7.492004671689393991e-01
7.768482704923942439e-01
7.628065649859183672e-01
7.922891732561562206e-01
8.425753754552977037e-01
8.691919507772750686e-01
8.912020320785178917e-01
8.797992360688372537e-01
9.188838320865797549e-01
9.545805135946817677e-01
9.673131431149541992e-01
1.008806134741376370e+00
1.017980873909186235e+00
1.042274740686308654e+00
1.085979471831435283e+00
1.123601349441999409e+00
1.138335730159590664e+00
1.169466580352457985e+00
1.199000980074471867e+00
1.213474120793385680e+00
1.226501087510586840e+00
1.286680881067005178e+00
1.243395797430719707e+00
1.275002437919050324e+00
1.286549932605465685e+00
1.285853515771145039e+00
1.300234176929037089e+00
1.315566782217649999e+00
1.302734548439365758e+00
1.316972150348239001e+00
1.294814083546604433e+00
1.327013466506585360e+00
1.315440691711356802e+00
1.334403954191033081e+00
1.337993437961644272e+00
1.321086103269126344e+00
1.318399933539692315e+00
1.321031156430960252e+00
1.304254012730800216e+00
1.297614567008326780e+00
1.325771752610963583e+00
1.298068662991767930e+00
1.298759634687081332e+00
1.312075842027617512e+00
1.296295713855043052e+00
1.294518448621131412e+00
1.313246389380186674e+00
1.281679691531351528e+00
1.293941557129580922e+00
1.296807288462106467e+00
1.291481707707046178e+00
1.294704894076798896e+00
1.294217938719713024e+00
1.291409029391788810e+00
1.302536516159258806e+00
1.269561987974338280e+00
1.263669478459709561e+00
1.290376477869729088e+00
1.249375039873567905e+00
1.240757808061108136e+00
1.244292567207643030e+00
1.229184410842800501e+00
1.232952450443305370e+00
1.247733828429157255e+00
1.202931449264646568e+00
1.201428090079117217e+00
1.209568597176899907e+00
1.207659248803039320e+00
1.181296812079424496e+00
1.145707650565114477e+00
1.157026074723890074e+00
1.151315943026870237e+00
1.144482451344912999e+00
1.113643500559830635e+00
1.107300926006874908e+00
1.089951507138293030e+00
1.084582790550284725e+00
1.056742197992800891e+00
1.068651067451976910e+00
1.057250351294761082e+00
1.025264255548980596e+00
1.024363957298079164e+00
1.027323807204626682e+00
