5.354771890485180208e+00
5.766189424131178853e+00
5.766189424131178853e+00
5.903119866582615671e+00
6.177398222346619505e+00
5.629050246249180489e+00
4.943354356839174457e+00
2.647003057570204732e+01
4.244371813521198078e+01
5.629050246249180489e+00
5.903119866582615671e+00
5.697515467474898898e+00
4.806215178957172540e+00
5.217632712603178291e+00
4.943354356839174457e+00
6.657280977218340112e+00
8.645485953361509601e+00
1.296443074720699862e+01
6.726110841695118836e+01
1.066810032148108718e+02
3.092632328286011045e+01
3.949574764932536652e+01
5.204158196807696868e+01
6.143384140183425757e+01
7.946399042328249607e+01
1.017448277527810916e+02
1.155931711582658750e+02
1.366399646222570254e+02
1.771567641077421627e+02
1.770196249298601572e+02
1.948441695522006967e+02
2.111606006887003559e+02
2.219925083870728031e+02
2.417367927643307723e+02
2.540083487273184062e+02
2.688851315992029072e+02
2.885607420198045929e+02
3.036431292907968214e+02
3.941374529167500782e+02
3.435429068435282147e+02
3.673318576588677047e+02
3.841966367714647959e+02
3.951656836477192201e+02
4.029811556389793736e+02
4.083285398992245518e+02
4.131960414045980770e+02
4.096997229426140166e+02
4.194347259533609531e+02
4.456917644997153616e+02
4.386304536190909857e+02
4.278670111419442605e+02
4.316376079596923319e+02
4.341056956907071935e+02
4.383561752633270316e+02
4.408242629943418933e+02
4.406186585952341375e+02
4.410298673934495923e+02
4.422639112589570232e+02
4.575519029290570074e+02
4.482967826731816672e+02
4.379447577296809868e+02
4.354082047774404032e+02
4.366422486429477772e+02
4.361623658880761241e+02
4.401385671049318375e+02
4.358196223110863912e+02
4.437722334802285218e+02
4.412354717925572913e+02
5.069810790934275815e+02
4.443892554129822656e+02
4.489138046059354110e+02
4.454174861439513506e+02
4.454859513651771294e+02
4.481598522307302801e+02
4.432236767687004999e+02
4.467199952306845603e+02
4.395902191288344625e+02
4.572091593520672177e+02
4.951207319286555162e+02
4.711946419354340492e+02
4.794215314603400770e+02
4.706462939593366173e+02
4.758565390416998184e+02
4.816838060568167066e+02
4.837404762541856371e+02
4.932012009091686195e+02
4.958064278180655720e+02
4.977946327942087237e+02
5.219950011431941448e+02
5.520226365072965109e+02
5.122599981324470946e+02
5.148650163059134002e+02
5.237089277635732287e+02
5.274108506246650450e+02
5.276164550237726871e+02
5.195953786334049482e+02
5.430417946071852384e+02
5.484576440886562523e+02
5.880833520210541110e+02
5.658709799127813085e+02
5.643626576915098667e+02
5.700529942641753678e+02
5.763601440341640227e+02
5.806106236067837472e+02
5.882202824635056686e+02
5.900713482617668433e+02
6.031657392920463963e+02
6.006289776043752227e+02
6.574624169617906091e+02
6.425169601332497678e+02
6.592448088033954718e+02
6.215388406259149860e+02
6.252407634870066886e+02
6.288742211268727260e+02
5.875347953095260891e+02
6.168084782984234380e+02
6.460819525518901401e+02
6.484813663262486898e+02
6.695281597902398971e+02
6.635637535972408614e+02
6.661005152849121487e+02
6.668544676601172796e+02
6.707622036557473848e+02
6.728188738531162016e+02
6.922890886100408352e+02
7.273898298786243686e+02
6.823482724647554960e+02
6.832395727532731371e+02
7.402099425531400811e+02
8.047215059885029405e+02
6.956482678941428048e+02
6.992817255340088423e+02
7.031894615296389475e+02
6.983219600242654224e+02
6.784405364691255045e+02
6.741215916752798876e+02
7.151182739156367916e+02
7.140898344492370597e+02
7.515904069630404365e+02
7.323260053406542056e+02
7.245789985706198877e+02
7.231393503060046442e+02
7.242362549936300411e+02
7.271842254795167264e+02
8.768431457514487875e+02
6.693912293477884532e+02
7.295836392538752762e+02
7.304062655857367190e+02
8.318013796021492681e+02
7.393873162212785246e+02
7.426780302841549428e+02
7.407582905292374562e+02
7.417182647744114092e+02
7.464486271019029573e+02
7.415124516398732339e+02
7.461743487461390032e+02
7.504248283187587276e+02
7.522072201603635904e+02
8.054072018779129394e+02
8.614178061680363498e+02
7.533727988046452992e+02
7.546753078913784520e+02
7.557037473577782976e+02
7.498764803426613526e+02
7.203971929546562478e+02
7.229337459068968883e+02
7.653016111906432570e+02
7.599542269303980220e+02
7.932725763573768063e+02
7.910103017609001199e+02
7.886108879865415702e+02
7.648217284357715471e+02
7.657130287242893019e+02
7.666727942340326081e+02
9.670636084924991565e+02
7.128559993191602189e+02
7.626279190605206395e+02
7.705118562730065150e+02
8.243973251445351025e+02
7.740768486916467737e+02
7.750366142013903072e+02
7.760650536677899254e+02
7.775047019324050552e+02
7.804526724182917405e+02
7.668783986331403639e+02
7.683867208544118057e+02
7.846344780342551530e+02
7.862799394334086855e+02
8.441416095217931570e+02
8.656682857406560743e+02
7.873081701643777706e+02
7.897077926741669671e+02
7.905988842272540751e+02
7.928613675591612946e+02
7.358223238026382660e+02
7.451459092797392714e+02
7.858685218997626407e+02
7.839489908802758009e+02
8.265911345197860101e+02
8.095890074938763519e+02
8.040360188345234747e+02
8.017050702813905900e+02
8.030762533247800548e+02
8.053385279212566275e+02
7.946437594007661573e+02
7.012012565534957957e+02
8.210379371250025997e+02
8.097948206284147545e+02
8.900060020029541192e+02
8.119199560470092365e+02
8.268654128755501915e+02
8.107545861381581744e+02
8.107545861381581744e+02
8.122629083594296162e+02
7.836062473032859543e+02
7.562520953338756726e+02
7.719515045376216449e+02
8.153478092877676318e+02
8.556590043741451836e+02
8.424961481226397382e+02
8.198725672161514240e+02
8.170617359081468294e+02
8.171988750860288064e+02
8.203524499710231339e+02
7.210826801086358273e+02
8.028019749690159870e+02
8.193242192400539352e+02
8.230948160578020634e+02
8.402338735261630518e+02
8.613493409468104574e+02
8.281679219622831170e+02
8.189812669276337829e+02
8.182957797736542034e+02
8.187756625285260270e+02
7.816865075483685814e+02
6.719962475212547588e+02
8.420849393244243402e+02
8.215864938365306216e+02
8.715642267124293312e+02
8.200781716152590661e+02
8.265911345197860101e+02
8.170617359081468294e+02
8.158963659992956536e+02
8.149366004895521201e+02
7.725000612491495531e+02
7.596114833534082891e+02
7.848402911687935557e+02
8.156905528647573647e+02
8.554533999750374278e+02
8.345437456889280838e+02
8.157592268214136766e+02
8.145936481771319677e+02
8.146623221337881660e+02
8.164447139753930287e+02
7.418551952168629668e+02
7.801097201058714745e+02
8.054756670991387182e+02
8.122629083594296162e+02
8.430447048341677601e+02
8.416735217907782953e+02
8.142509046001421211e+02
8.137710218452704112e+02
8.132226738691730361e+02
8.161019703984032958e+02
7.972489863096631098e+02
7.120331642518681292e+02
9.083791033368225953e+02
8.172673403072544716e+02
9.010435141004342086e+02
8.167874575523828753e+02
8.302245921596521612e+02
8.169932706869210506e+02
8.180901753745465612e+02
8.180215014178902493e+02
7.819607859041326492e+02
7.563207692905319846e+02
7.711288782057602020e+02
8.216549590577562867e+02
8.608007842352825492e+02
8.533282645564427185e+02
8.223406549471662856e+02
8.221348418126279967e+02
8.233004204569097055e+02
8.263168561640220560e+02
7.543325643143887191e+02
7.871025657652700147e+02
8.139081610231525019e+02
8.165818531532751194e+02
8.507915028687714312e+02
8.387942252615480356e+02
8.300874529817700704e+02
8.283050611401652077e+02
8.283735263613908728e+02
8.299503138038882071e+02
8.732094793761521032e+02
7.452830484576212484e+02
9.400522001000784940e+02
8.263168561640220560e+02
9.259295783388297423e+02
8.344750717322718856e+02
8.320756579579132222e+02
8.309100793136315133e+02
8.307731488711800694e+02
8.328298190685491136e+02
8.220663765914022179e+02
8.717698311115369734e+02
7.757907753120258576e+02
8.270710172746577200e+02
8.814363689010583585e+02
9.172914800157082027e+02
8.294019658277907183e+02
8.293332918711344064e+02
8.296075702268983605e+02
8.277565044286372995e+02
7.937524591122485162e+02
7.886793532077672353e+02
8.623091064565541046e+02
8.272766216737654759e+02
8.907599543781592502e+02
8.665595860291737154e+02
8.781456548381819402e+02
8.246029295436428583e+02
8.235060248560174614e+02
8.244657903657609950e+02
6.640436363521126850e+02
7.711288782057602020e+02
8.805450686125406037e+02
8.287849438950369176e+02
8.459926753200544454e+02
8.546307736431758713e+02
8.264539953419041467e+02
8.178843622400082722e+02
8.170617359081468294e+02
8.163762487541673636e+02
7.832635037262963351e+02
6.848848254169960228e+02
8.106859121815018625e+02
8.182273145524285383e+02
8.647771941875688526e+02
8.180215014178902493e+02
8.242601859666532391e+02
8.131539999125167242e+02
8.108230513593838396e+02
8.121942344027733043e+02
7.836747125245117331e+02
7.541954251365067421e+02
7.661242375225046999e+02
8.128797215567527701e+02
8.451698402527623557e+02
8.339951889774001756e+02
8.114400732921376402e+02
8.096576814505327775e+02
8.093834030947687097e+02
8.102060294266301526e+02
7.509047110736304376e+02
7.483681581213897971e+02
7.986199606176219277e+02
8.052700627000309623e+02
8.392741080164196319e+02
8.343379325543900222e+02
8.284422003180472984e+02
8.085607767629072669e+02
8.082864984071431991e+02
8.069839893204100463e+02
9.060481547836898244e+02
7.331486316725155348e+02
7.871025657652700147e+02
8.098632858496404197e+02
8.307731488711800694e+02
8.220663765914022179e+02
8.209694719037768209e+02
8.084236375850251761e+02
8.098632858496404197e+02
8.091777986956609539e+02
7.854573131015472427e+02
9.435485185620625543e+02
7.724313872924933548e+02
8.065041065655383363e+02
8.501744809360178579e+02
8.333781670446463750e+02
8.082864984071431991e+02
8.096576814505327775e+02
8.084236375850251761e+02
8.095890074938763519e+02
7.977973342857605985e+02
7.799041157067637187e+02
8.323499363136771763e+02
8.088350551186712210e+02
8.758831715062748344e+02
8.330354234676567557e+02
8.629945936105334567e+02
8.097261466717584426e+02
8.096576814505327775e+02
8.097948206284147545e+02
6.458076741961261860e+02
7.466542315010105995e+02
8.508601768254278568e+02
8.134282782682807920e+02
8.343379325543900222e+02
8.626518500335436102e+02
8.183642449948799822e+02
8.084236375850251761e+02
8.084236375850251761e+02
8.070524545416358251e+02
7.752422186004979494e+02
6.903693488551232349e+02
7.670840030322481198e+02
8.101375642054043738e+02
8.485976934935206373e+02
8.084236375850251761e+02
8.213808894374228657e+02
8.071211284982920233e+02
8.062982934310000473e+02
8.060926890318922915e+02
7.966319643769094228e+02
7.650960067915355012e+02
8.032133925026620318e+02
8.071895937195178021e+02
8.491462502050486592e+02
8.247400687215249491e+02
8.230948160578020634e+02
8.057499454549026723e+02
8.049273191230411157e+02
8.028019749690159870e+02
6.660318413282558367e+02
7.644103109021255023e+02
8.829446911223298002e+02
8.117828168691272595e+02
8.311843576693955811e+02
8.344750717322718856e+02
8.137025566240447461e+02
8.046530407672771616e+02
8.047215059885029405e+02
8.041044840557491398e+02
7.815495771059171375e+02
9.296317099353520916e+02
7.493279236311333307e+02
8.011567223052931013e+02
8.504487592917818120e+02
8.486663674501770629e+02
8.044474363681695195e+02
8.032818577238878106e+02
8.045159015893951846e+02
8.045159015893951846e+02
7.859371958564189526e+02
7.709232738066524462e+02
8.845214785648269071e+02
8.063669673876563593e+02
8.725239922221726374e+02
8.419478001465422494e+02
8.467468364306901094e+02
8.060242238106666264e+02
8.057499454549026723e+02
8.049273191230411157e+02
9.166744580829545157e+02
7.273213646573987035e+02
8.031447185460057199e+02
8.044474363681695195e+02
8.676564907167992260e+02
8.170617359081468294e+02
8.079437548301535799e+02
8.069839893204100463e+02
8.082180331859175340e+02
8.087663811620150227e+02
7.864170786112906626e+02
7.733913615376673079e+02
7.228650719502405764e+02
8.126741171576450142e+02
8.593611359706673056e+02
8.570988613741907329e+02
8.088350551186712210e+02
8.096576814505327775e+02
8.094520770514250216e+02
8.101375642054043738e+02
7.478198101452924220e+02
7.516588721842662153e+02
8.025963705699082311e+02
7.960149424441556221e+02
8.357091155977793733e+02
8.270025520534320549e+02
8.162391095762852729e+02
8.107545861381581744e+02
8.106859121815018625e+02
8.117828168691272595e+02
8.114400732921376402e+02
7.236192330608763541e+02
9.195537546121847754e+02
8.109601905372658166e+02
9.166744580829545157e+02
8.126056519364192354e+02
8.169245967302648523e+02
8.147994613116701430e+02
8.117143516479015943e+02
8.137025566240447461e+02
7.794926981731176738e+02
7.754480317350362384e+02
7.071656627464947178e+02
8.198725672161514240e+02
8.743750580204339258e+02
9.043342281633106268e+02
8.161019703984032958e+02
8.145936481771319677e+02
8.145251829559061889e+02
8.137025566240447461e+02
7.565948389108654055e+02
7.314347050521364508e+02
7.762706580668976812e+02
8.112344688930298844e+02
8.529168470227966736e+02
8.296762441835546724e+02
8.236431640338994384e+02
8.175416186630185393e+02
8.171988750860288064e+02
8.155534136868752739e+02
1.020537659830381813e+03
7.284182693450241004e+02
7.997855392619037502e+02
8.163075747975110517e+02
8.745121971983157891e+02
8.288534091162626964e+02
8.181586405957722263e+02
8.184329189515361804e+02
8.171304098648030276e+02
8.193242192400539352e+02
8.130855346912910591e+02
8.123313735806552813e+02
7.241677897724043760e+02
8.200097063940334010e+02
8.748549407753056357e+02
9.290146880025982910e+02
8.184329189515361804e+02
8.182957797736542034e+02
8.182957797736542034e+02
8.147307873550139448e+02
7.593372049976443350e+02
7.489851800541435978e+02
7.903932798281464329e+02
8.189128017064080041e+02
8.553849347538115353e+02
8.558648175086832453e+02
8.494205285608126133e+02
8.213122154807665538e+02
8.209010066825511558e+02
8.200097063940334010e+02
1.020606333787038352e+03
7.396613858416120593e+02
7.803155332404097635e+02
8.206951935480128668e+02
8.563447002635551826e+02
8.236431640338994384e+02
8.244657903657609950e+02
8.234375596347917963e+02
8.224091201683920644e+02
8.228205377020379956e+02
8.110973297151479073e+02
8.588812532157955957e+02
7.414439864186474551e+02
8.211066110816589116e+02
8.733466185540341939e+02
9.320311237097107551e+02
8.228205377020379956e+02
8.219979113701765527e+02
8.233004204569097055e+02
8.201468455719153781e+02
7.602285052861619761e+02
7.431579130390265391e+02
7.882679356741213041e+02
8.179530361966645842e+02
8.609379234131646399e+02
8.331725626455387328e+02
8.292648266499086276e+02
8.235746988126738870e+02
8.235746988126738870e+02
8.239859076108892850e+02
8.472951844067873708e+02
7.318461225857824957e+02
8.727982705779365915e+02
8.224777941250482627e+02
9.216790987662100179e+02
8.278251783852934977e+02
8.453756533873006447e+02
8.233004204569097055e+02
8.243973251445351025e+02
8.235060248560174614e+02
7.866226830103984184e+02
7.565263736896396267e+02
7.448718396594057367e+02
8.249456731206325912e+02
8.549735172201654905e+02
8.404394779252708076e+02
8.272081564525398107e+02
8.233688856781354843e+02
8.234375596347917963e+02
8.251514862551709939e+02
7.127188601412782418e+02
7.912159061600078758e+02
8.663539816300660732e+02
8.320069840012570239e+02
8.390685036173119897e+02
8.755404279292851015e+02
8.453756533873006447e+02
8.233688856781354843e+02
8.236431640338994384e+02
8.227518637453817973e+02
7.785329326633742539e+02
7.418551952168629668e+02
7.895706534962849901e+02
8.233688856781354843e+02
8.557961435520270470e+02
8.289220830729190084e+02
8.263855301206782542e+02
8.219979113701765527e+02
8.220663765914022179e+02
8.225462593462740415e+02
8.085607767629072669e+02
7.935468547131407604e+02
1.017315619724162048e+03
8.210379371250025997e+02
8.770487501505565433e+02
8.520255467342790325e+02
8.885661450029083426e+02
8.195298236391616911e+02
8.196669628170437818e+02
8.191184061055157599e+02
8.580586268839341528e+02
7.367136240911560208e+02
7.666041202773764098e+02
8.192555452833977370e+02
8.608694581919388611e+02
8.214493546586486445e+02
8.220663765914022179e+02
8.170617359081468294e+02
8.158963659992956536e+02
8.176787578409005164e+02
7.978660082424167967e+02
7.936839938910227374e+02
7.141585084058933717e+02
8.167189923311570965e+02
8.762945890399206519e+02
9.229816078529431707e+02
8.142509046001421211e+02
8.133598130470550132e+02
8.130168607346347471e+02
8.102060294266301526e+02
7.575548131560393585e+02
7.407582905292374562e+02
7.712660173836421791e+02
8.086292419841329320e+02
8.374230422181585709e+02
8.342007933765079315e+02
8.215864938365306216e+02
8.098632858496404197e+02
8.097261466717584426e+02
8.084921028062509549e+02
9.571914663038701292e+02
7.356167194035305101e+02
8.614178061680363498e+02
8.061613629885487171e+02
8.839729218532987716e+02
8.102747033832863508e+02
8.189128017064080041e+02
8.074638720752818699e+02
8.060242238106666264e+02
8.062982934310000473e+02
7.975917298866528427e+02
8.616920845238003039e+02
7.293093608981113221e+02
8.043102971902875424e+02
8.494205285608126133e+02
9.162630405493084709e+02
8.051329235221488716e+02
8.046530407672771616e+02
8.034876708584259859e+02
8.038304144354157188e+02
7.561149561559936956e+02
7.651644720127612800e+02
8.577843485281701987e+02
8.036932752575337418e+02
8.533967297776683836e+02
8.372859030402764802e+02
8.616920845238003039e+02
8.021849530362623000e+02
8.005397003725394143e+02
8.015679311035086130e+02
8.161019703984032958e+02
7.295151740326494973e+02
7.514532677851584594e+02
8.024592313920262541e+02
8.324870754915592670e+02
8.109601905372658166e+02
8.060926890318922915e+02
8.008137699928728352e+02
8.008824439495291472e+02
8.024592313920262541e+02
7.919700672706436535e+02
7.879251920971315712e+02
6.998302822455368641e+02
8.046530407672771616e+02
8.514771987581814301e+02
8.934336465082817540e+02
8.038988796566414976e+02
8.022536269929186119e+02
8.020478138583802092e+02
8.023907661708005890e+02
7.445975613036417826e+02
7.463799531452466454e+02
7.721573176721598202e+02
7.895706534962849901e+02
8.165133879320493406e+02
8.245344643224171932e+02
8.124685127585372584e+02
8.032133925026620318e+02
8.032818577238878106e+02
8.049273191230411157e+02
8.134967434895064571e+02
7.195058926661386067e+02
9.091332644474583731e+02
8.030075793681237428e+02
8.821218560550377106e+02
8.078066156522716028e+02
8.281679219622831170e+02
8.032818577238878106e+02
8.053385279212566275e+02
8.058184106761283374e+02
7.554294690020142298e+02
7.570062564445114504e+02
7.313662398309107857e+02
8.062982934310000473e+02
8.205580543701308898e+02
8.218607721922945757e+02
8.132226738691730361e+02
8.069153153637538480e+02
8.060242238106666264e+02
8.075323372965075350e+02
7.055204100827718321e+02
7.906675581839105007e+02
9.039228106296645819e+02
8.139766262443781670e+02
8.127427911143013262e+02
8.441416095217931570e+02
8.213122154807665538e+02
8.067783849213024041e+02
8.070524545416358251e+02
8.073951981186255580e+02
7.548124470692605428e+02
6.776179101372639479e+02
7.776418411102870323e+02
8.093149378735429309e+02
8.311843576693955811e+02
8.202839847497973551e+02
8.151422048886598759e+02
8.096576814505327775e+02
8.108230513593838396e+02
8.110973297151479073e+02
7.933412503140330045e+02
7.967004295981350879e+02
9.124239785103347913e+02
8.128112563355269913e+02
8.597725535043133505e+02
8.496261329599203691e+02
8.802023250355507571e+02
8.134967434895064571e+02
8.132911390903988149e+02
8.133598130470550132e+02
6.816627853107760302e+02
7.553610037807884510e+02
7.792870937740099180e+02
8.192555452833977370e+02
8.235746988126738870e+02
8.467468364306901094e+02
8.279623175631754748e+02
8.158963659992956536e+02
8.162391095762852729e+02
8.174044794851365623e+02
8.093834030947687097e+02
9.278491093583166958e+02
7.376047156442431287e+02
8.167189923311570965e+02
8.472267191855618194e+02
9.317568453539468010e+02
8.185013841727619592e+02
8.182957797736542034e+02
8.183642449948799822e+02
8.160335051771776307e+02
7.498764803426613526e+02
7.678381641428837838e+02
7.900505362511567000e+02
8.113716080709118614e+02
8.258369734091503460e+02
8.350920936650255726e+02
8.291276874720267642e+02
8.185013841727619592e+02
8.180901753745465612e+02
8.174731534417928742e+02
8.004025611946574372e+02
7.121018382085244411e+02
9.382011343018173193e+02
8.188441277497516921e+02
8.844528046081707089e+02
8.178158970187824934e+02
8.400967343482811884e+02
8.170617359081468294e+02
8.159648312205213188e+02
8.161704356196290746e+02
7.803839984616354286e+02
7.968375687760170649e+02
7.991000521079241707e+02
8.160335051771776307e+02
8.445530270554392018e+02
8.406452910598090966e+02
8.477066019404334156e+02
8.139081610231525019e+02
8.158963659992956536e+02
8.150050657107778989e+02
6.694596945690141183e+02
8.089721942965531980e+02
8.195298236391616911e+02
8.191184061055157599e+02
8.355719764198972825e+02
8.519570815130533674e+02
8.329669582464309769e+02
8.147307873550139448e+02
8.136338826673884341e+02
8.131539999125167242e+02
7.855257783227729078e+02
7.953292465547456231e+02
8.132226738691730361e+02
8.108230513593838396e+02
8.507915028687714312e+02
8.408508954589168525e+02
8.139081610231525019e+02
8.135654174461627690e+02
8.141137654222601441e+02
8.134282782682807920e+02
7.959462684874994238e+02
8.618292237016823947e+02
8.279623175631754748e+02
8.150050657107778989e+02
8.703301828469217298e+02
8.552477955759296719e+02
8.850013613196986171e+02
8.147994613116701430e+02
8.158963659992956536e+02
8.156220876435316995e+02
8.152106701098856547e+02
7.666041202773764098e+02
8.158276920426393417e+02
8.186385233506439363e+02
8.366688811075227932e+02
8.318013796021492681e+02
8.290592222508008717e+02
8.181586405957722263e+02
8.187756625285260270e+02
8.186385233506439363e+02
8.012938614831750783e+02
8.304301965587599170e+02
8.186385233506439363e+02
8.147307873550139448e+02
8.584698356821495508e+02
8.700559044911577757e+02
8.197354280382693332e+02
8.196669628170437818e+02
8.196669628170437818e+02
8.180901753745465612e+02
7.740768486916467737e+02
8.401654083049373867e+02
8.246029295436428583e+02
8.200781716152590661e+02
8.759518454629310327e+02
8.662168424521840961e+02
8.533282645564427185e+02
8.198041019949257588e+02
8.210379371250025997e+02
8.191184061055157599e+02
1.013750627305521562e+03
7.639991021039101042e+02
8.130168607346347471e+02
8.167189923311570965e+02
9.089961252695763960e+02
8.207638675046691787e+02
8.244657903657609950e+02
8.198041019949257588e+02
8.204895891489051110e+02
8.197354280382693332e+02
7.849087563900192208e+02
8.307731488711800694e+02
8.191870800621719582e+02
8.236431640338994384e+02
8.646400550096868756e+02
8.686849301831989578e+02
8.188441277497516921e+02
8.196669628170437818e+02
8.181586405957722263e+02
8.202153107931411569e+02
7.488480408762615070e+02
9.102301691350838837e+02
8.124685127585372584e+02
8.119199560470092365e+02
8.345437456889280838e+02
8.446214922766648669e+02
8.199410324373770891e+02
8.150735309320036777e+02
8.169932706869210506e+02
8.160335051771776307e+02
7.848402911687935557e+02
7.428836346832625850e+02
8.223406549471662856e+02
8.204895891489051110e+02
8.527112426236890315e+02
8.171988750860288064e+02
8.331038886888824209e+02
8.158963659992956536e+02
8.161019703984032958e+02
8.148679265328959218e+02
7.955350596892839121e+02
8.167874575523828753e+02
8.127427911143013262e+02
8.148679265328959218e+02
8.456499317430645988e+02
8.323499363136771763e+02
8.237803032117815292e+02
8.157592268214136766e+02
8.147307873550139448e+02
8.162391095762852729e+02
6.966764986251120035e+02
8.420849393244243402e+02
8.192555452833977370e+02
8.240545815675454833e+02
8.272766216737654759e+02
8.530539862006787644e+02
8.287849438950369176e+02
8.145936481771319677e+02
8.148679265328959218e+02
8.143880437780242119e+02
7.687294644314015386e+02
7.646161240366637912e+02
8.160335051771776307e+02
8.127427911143013262e+02
8.416735217907782953e+02
8.341323281552822664e+02
8.161019703984032958e+02
8.158276920426393417e+02
8.160335051771776307e+02
8.161704356196290746e+02
8.035561360796517647e+02
9.102301691350838837e+02
8.241230467887711484e+02
8.173360142639107835e+02
8.601152970813031970e+02
8.422905437235320960e+02
8.771858893284384067e+02
8.170617359081468294e+02
8.171304098648030276e+02
8.173360142639107835e+02
6.591076696255134948e+02
8.174044794851365623e+02
8.230261421011457514e+02
8.259056473658066579e+02
8.234375596347917963e+02
8.799280466797868030e+02
8.325555407127849321e+02
8.184329189515361804e+02
8.187756625285260270e+02
8.182957797736542034e+02
7.657814939455148533e+02
7.303378003645110539e+02
8.203524499710231339e+02
8.225462593462740415e+02
8.398911299491734326e+02
8.220663765914022179e+02
8.410564998580244946e+02
8.182957797736542034e+02
8.185700581294182712e+02
8.187071973073002482e+02
8.034876708584259859e+02
8.881549362046928309e+02
8.210379371250025997e+02
8.187756625285260270e+02
8.458555361421723546e+02
8.370802986411688380e+02
8.604580406582928163e+02
8.183642449948799822e+02
8.184329189515361804e+02
8.185013841727619592e+02
6.637695667317792640e+02
8.023220922141442770e+02
8.240545815675454833e+02
8.217236330144125986e+02
8.254942298321606131e+02
8.583326965042676875e+02
8.281679219622831170e+02
8.185013841727619592e+02
8.174731534417928742e+02
8.171304098648030276e+02
7.946437594007661573e+02
8.939822032198098896e+02
8.174731534417928742e+02
8.143195785567984331e+02
8.477066019404334156e+02
8.998781441915831465e+02
8.164447139753930287e+02
8.173360142639107835e+02
8.171304098648030276e+02
8.167189923311570965e+02
7.675638857871198297e+02
7.975230559299965307e+02
8.225462593462740415e+02
8.167189923311570965e+02
8.479806715607670640e+02
8.727982705779365915e+02
8.509286420466535219e+02
8.161704356196290746e+02
8.160335051771776307e+02
8.155534136868752739e+02
1.011145400396624723e+03
7.615310143728952426e+02
8.104118425611684415e+02
8.143880437780242119e+02
8.760203106841566978e+02
8.215864938365306216e+02
8.226149333029302397e+02
8.161019703984032958e+02
8.156905528647573647e+02
8.158963659992956536e+02
7.840174561015014660e+02
8.741007796646698580e+02
8.164447139753930287e+02
8.187756625285260270e+02
8.492147154262743243e+02
9.159887621935445168e+02
8.164447139753930287e+02
8.158963659992956536e+02
8.170617359081468294e+02
8.154849484656497225e+02
7.493965975877895289e+02
7.903248146069207678e+02
8.127427911143013262e+02
8.045845755460514965e+02
8.250143470772889032e+02
8.246716035002992840e+02
8.252886254330528573e+02
8.171988750860288064e+02
8.171304098648030276e+02
8.173360142639107835e+02
8.150735309320036777e+02
7.169006657572417680e+02
8.205580543701308898e+02
8.165133879320493406e+02
8.992611222588294595e+02
8.219979113701765527e+02
8.289905482941446735e+02
8.171304098648030276e+02
8.161704356196290746e+02
8.172673403072544716e+02
7.574861391993831603e+02
7.770932843987591241e+02
8.147994613116701430e+02
8.207638675046691787e+02
8.457183969642902639e+02
8.496261329599203691e+02
8.180215014178902493e+02
8.183642449948799822e+02
8.169932706869210506e+02
8.174044794851365623e+02
7.518644765833738575e+02
8.265224605631298118e+02
8.112344688930298844e+02
8.034189969017697877e+02
8.268654128755501915e+02
8.429760308775114481e+02
8.177472230621261815e+02
8.156905528647573647e+02
8.169932706869210506e+02
8.144565089992498770e+02
8.139081610231525019e+02
7.155296914492828364e+02
8.188441277497516921e+02
8.147307873550139448e+02
8.889775625365543874e+02
8.182273145524285383e+02
8.392054340597634337e+02
8.158276920426393417e+02
8.147994613116701430e+02
8.157592268214136766e+02
7.619424319065411737e+02
7.881310052316698602e+02
8.146623221337881660e+02
8.187071973073002482e+02
8.380400641509121442e+02
8.754032887514030108e+02
8.165818531532751194e+02
8.159648312205213188e+02
8.140453002010344790e+02
8.145936481771319677e+02
7.477511361886361101e+02
7.804526724182917405e+02
8.110973297151479073e+02
8.071211284982920233e+02
8.248087426781811473e+02
8.264539953419041467e+02
8.322812623570209780e+02
8.136338826673884341e+02
8.121257691815476392e+02
8.132226738691730361e+02
9.713140880651188809e+02
7.646161240366637912e+02
8.051329235221488716e+02
8.095890074938763519e+02
8.536710081334323377e+02
8.188441277497516921e+02
8.122629083594296162e+02
8.107545861381581744e+02
8.106859121815018625e+02
8.108230513593838396e+02
7.883366096307776161e+02
8.502431548926741698e+02
8.114400732921376402e+02
8.115772124700196173e+02
8.483236238731872163e+02
9.144806487077036081e+02
8.100004250275223967e+02
8.095890074938763519e+02
8.095890074938763519e+02
8.080808940080355569e+02
7.511103154727381934e+02
7.791499545961279409e+02
8.152793440665419666e+02
8.088350551186712210e+02
8.379715989296864791e+02
8.527797078449146966e+02
8.418106609686603861e+02
8.097948206284147545e+02
8.082180331859175340e+02
8.093149378735429309e+02
1.015121810348911026e+03
7.653700764118689222e+02
8.017737442380469020e+02
8.071211284982920233e+02
8.374230422181585709e+02
8.171304098648030276e+02
8.132911390903988149e+02
8.083551723637996247e+02
8.085607767629072669e+02
8.097948206284147545e+02
8.020478138583802092e+02
9.562314920586961762e+02
8.104803077823941067e+02
8.081493592292612220e+02
8.351607676216818845e+02
9.225701903192971258e+02
8.097948206284147545e+02
8.095205422726506868e+02
8.096576814505327775e+02
8.090406595177789768e+02
7.586517178436647555e+02
7.984143562185141718e+02
8.154164832444239437e+02
8.098632858496404197e+02
8.452385142094185539e+02
8.477066019404334156e+02
8.973413825039118592e+02
8.110288644939221285e+02
8.109601905372658166e+02
8.105489817390504186e+02
8.067097109646460922e+02
7.647530544791152352e+02
8.108917253160401515e+02
8.144565089992498770e+02
8.193926844612797140e+02
8.320756579579132222e+02
8.169245967302648523e+02
8.123313735806552813e+02
8.124685127585372584e+02
8.119886300036656621e+02
7.770248191775334590e+02
8.863038704064317699e+02
8.132226738691730361e+02
8.113029341142556632e+02
8.326240059340108246e+02
8.272766216737654759e+02
8.179530361966645842e+02
8.146623221337881660e+02
8.148679265328959218e+02
8.162391095762852729e+02
8.069153153637538480e+02
8.090406595177789768e+02
8.049957843442668945e+02
8.159648312205213188e+02
8.395483863721836997e+02
8.393425732376452970e+02
8.204211239276793322e+02
8.174731534417928742e+02
8.158963659992956536e+02
8.175416186630185393e+02
7.485052972992717741e+02
8.209694719037768209e+02
8.109601905372658166e+02
8.015679311035086130e+02
8.268654128755501915e+02
8.282363871835090094e+02
8.254255558755043012e+02
8.184329189515361804e+02
8.171988750860288064e+02
8.185013841727619592e+02
9.743989889934570101e+02
7.650273328348793029e+02
8.115772124700196173e+02
8.156905528647573647e+02
8.463354188970440646e+02
8.283050611401652077e+02
8.267282736976681008e+02
8.182957797736542034e+02
8.198041019949257588e+02
8.198041019949257588e+02
8.111660036718041056e+02
1.037745391255399454e+03
8.187071973073002482e+02
8.142509046001421211e+02
8.365317419296408161e+02
8.675193515389171353e+02
8.183642449948799822e+02
8.183642449948799822e+02
8.196669628170437818e+02
8.193926844612797140e+02
7.906675581839105007e+02
8.167874575523828753e+02
8.322812623570209780e+02
8.201468455719153781e+02
8.556590043741451836e+02
8.545620996865196730e+02
9.113955390439349458e+02
8.196669628170437818e+02
8.196669628170437818e+02
8.183642449948799822e+02
6.976364728702859566e+02
7.710604129845344232e+02
8.243973251445351025e+02
8.229576768799199726e+02
8.249456731206325912e+02
8.541508908883042750e+02
8.333097018234208235e+02
8.172673403072544716e+02
8.183642449948799822e+02
8.193926844612797140e+02
7.901190014723824788e+02
7.655072155897508992e+02
8.195298236391616911e+02
8.199410324373770891e+02
8.416735217907782953e+02
8.250143470772889032e+02
8.271394824958834988e+02
8.184329189515361804e+02
8.174044794851365623e+02
8.187756625285260270e+02
8.548363780422836271e+02
8.127427911143013262e+02
8.077381504310458240e+02
8.172673403072544716e+02
8.370116246845125261e+02
8.337209106216362215e+02
8.246716035002992840e+02
8.156220876435316995e+02
8.174044794851365623e+02
8.163762487541673636e+02
7.483681581213897971e+02
8.320069840012570239e+02
8.097261466717584426e+02
8.009509091707548123e+02
8.194611496825053791e+02
8.364632767084150373e+02
8.299503138038882071e+02
8.161019703984032958e+02
8.158963659992956536e+02
8.158276920426393417e+02
1.029518710465923732e+03
7.620108971277668388e+02
8.094520770514250216e+02
8.132911390903988149e+02
8.508601768254278568e+02
8.182957797736542034e+02
8.200097063940334010e+02
8.161019703984032958e+02
8.160335051771776307e+02
8.160335051771776307e+02
8.147307873550139448e+02
9.815974390519633062e+02
8.166503183745007846e+02
8.125369779797630372e+02
8.373545769969327921e+02
8.855497092957961058e+02
8.167189923311570965e+02
8.157592268214136766e+02
8.145936481771319677e+02
8.147994613116701430e+02
8.132911390903988149e+02
8.144565089992498770e+02
8.235060248560174614e+02
8.148679265328959218e+02
8.527797078449146966e+02
8.397539907712913418e+02
8.551106563980475812e+02
8.143880437780242119e+02
8.145251829559061889e+02
8.148679265328959218e+02
6.766581446275205280e+02
8.078066156522716028e+02
8.199410324373770891e+02
8.234375596347917963e+02
8.220663765914022179e+02
8.766373326169104985e+02
8.389998296606556778e+02
8.133598130470550132e+02
8.160335051771776307e+02
8.144565089992498770e+02
7.794242329518920087e+02
6.869414956143649533e+02
8.176787578409005164e+02
8.177472230621261815e+02
8.411251738146808066e+02
8.200781716152590661e+02
8.246716035002992840e+02
8.145936481771319677e+02
8.136338826673884341e+02
8.149366004895521201e+02
9.003580269464548564e+02
8.289220830729190084e+02
8.182957797736542034e+02
8.161704356196290746e+02
8.368060202854048839e+02
8.499688765369102157e+02
8.509286420466535219e+02
8.144565089992498770e+02
8.147994613116701430e+02
8.159648312205213188e+02
6.922204146533845233e+02
8.104118425611684415e+02
8.198725672161514240e+02
8.231632812790278422e+02
8.168561315090390735e+02
8.518884075563969418e+02
8.392741080164196319e+02
8.155534136868752739e+02
8.158276920426393417e+02
8.158276920426393417e+02
7.659870983446226091e+02
6.582163693369957400e+02
8.228890029232637744e+02
8.193242192400539352e+02
8.592926707494416405e+02
8.200097063940334010e+02
8.373545769969327921e+02
8.170617359081468294e+02
8.156905528647573647e+02
8.172673403072544716e+02
7.644789848587817005e+02
7.842232692360397550e+02
8.157592268214136766e+02
8.208323327258948439e+02
8.405766171031528984e+02
8.497632721378024598e+02
8.180215014178902493e+02
8.171304098648030276e+02
8.182273145524285383e+02
8.174731534417928742e+02
7.618737579498848618e+02
7.960834076653814009e+02
8.128797215567527701e+02
8.046530407672771616e+02
8.361205331314254181e+02
8.349549544871435955e+02
8.268654128755501915e+02
8.185013841727619592e+02
8.182957797736542034e+02
8.168561315090390735e+02
8.313901708039338700e+02
7.605025749064953970e+02
8.132226738691730361e+02
8.146623221337881660e+02
8.822589952329198013e+02
8.291963614286829625e+02
8.248772078994070398e+02
8.197354280382693332e+02
8.183642449948799822e+02
8.184329189515361804e+02
8.447586314545469577e+02
8.788311419921614061e+02
8.188441277497516921e+02
8.186385233506439363e+02
8.536023341767761394e+02
9.327166108636901072e+02
8.199410324373770891e+02
8.182957797736542034e+02
8.193926844612797140e+02
8.189128017064080041e+02
7.992369825503757284e+02
8.026648357911340099e+02
8.235746988126738870e+02
8.187071973073002482e+02
8.507230376475458797e+02
8.730725489337007730e+02
9.107100518899555937e+02
8.185013841727619592e+02
8.182957797736542034e+02
8.181586405957722263e+02
7.485052972992717741e+02
7.659870983446226091e+02
8.213122154807665538e+02
8.230261421011457514e+02
8.241917207454274603e+02
8.361889983526510832e+02
8.355035111986716174e+02
8.184329189515361804e+02
8.185700581294182712e+02
8.193926844612797140e+02
7.964948251990274457e+02
7.878567268759057924e+02
8.202839847497973551e+02
8.215180286153048428e+02
8.432503092332754022e+02
8.241917207454274603e+02
8.368060202854048839e+02
8.182273145524285383e+02
8.185013841727619592e+02
8.199410324373770891e+02
8.788311419921614061e+02
7.890907707414132801e+02
7.957406640883916680e+02
8.172673403072544716e+02
8.418791261898860512e+02
8.324184015349030688e+02
8.228205377020379956e+02
8.198041019949257588e+02
8.147994613116701430e+02
8.200781716152590661e+02
8.062298282097743822e+02
8.189812669276337829e+02
8.136338826673884341e+02
8.158963659992956536e+02
8.258369734091503460e+02
8.536023341767761394e+02
8.239174423896633925e+02
8.190499408842899811e+02
8.181586405957722263e+02
8.185700581294182712e+02
8.259741125870324367e+02
6.885869570135184858e+02
8.251514862551709939e+02
8.204895891489051110e+02
8.704673220248038206e+02
8.208323327258948439e+02
8.451698402527623557e+02
8.180901753745465612e+02
8.182273145524285383e+02
8.196669628170437818e+02
8.001969567955496814e+02
7.825778078368863362e+02
8.081493592292612220e+02
8.196669628170437818e+02
8.308416140924059619e+02
8.492147154262743243e+02
8.215180286153048428e+02
8.182273145524285383e+02
8.183642449948799822e+02
8.188441277497516921e+02
7.935468547131407604e+02
8.199410324373770891e+02
8.161704356196290746e+02
8.208323327258948439e+02
8.223406549471662856e+02
8.396853168146351436e+02
8.256998342312682553e+02
8.184329189515361804e+02
8.194611496825053791e+02
8.185013841727619592e+02
8.298131746260061163e+02
6.933859932976662321e+02
8.241917207454274603e+02
8.197354280382693332e+02
8.782827940160639173e+02
8.217236330144125986e+02
8.389998296606556778e+02
8.183642449948799822e+02
8.173360142639107835e+02
8.182957797736542034e+02
8.189128017064080041e+02
7.951236421556378673e+02
8.185700581294182712e+02
8.227518637453817973e+02
8.562075610856730918e+02
8.736208969097981480e+02
8.187071973073002482e+02
8.197354280382693332e+02
8.182273145524285383e+02
8.180901753745465612e+02
8.195298236391616911e+02
7.810010203943891156e+02
8.195298236391616911e+02
8.130168607346347471e+02
8.299503138038882071e+02
8.553849347538115353e+02
8.385884121270096330e+02
8.175416186630185393e+02
8.184329189515361804e+02
8.195298236391616911e+02
8.229576768799199726e+02
7.666041202773764098e+02
8.131539999125167242e+02
8.171988750860288064e+02
8.541508908883042750e+02
8.238487684330071943e+02
8.222035157692843086e+02
8.197354280382693332e+02
8.185013841727619592e+02
8.185700581294182712e+02
8.218607721922945757e+02
9.705599269544832168e+02
8.191870800621719582e+02
8.158963659992956536e+02
8.408508954589168525e+02
9.139320919961756999e+02
8.208323327258948439e+02
8.182957797736542034e+02
8.171988750860288064e+02
8.184329189515361804e+02
8.296762441835546724e+02
8.156905528647573647e+02
8.280994567410574518e+02
8.188441277497516921e+02
8.473636496280132633e+02
8.340638629340563739e+02
8.867152879400778147e+02
8.182957797736542034e+02
8.171988750860288064e+02
8.159648312205213188e+02
8.110288644939221285e+02
7.915586497369976087e+02
8.228205377020379956e+02
8.238487684330071943e+02
8.206267283267870880e+02
8.706729264239115764e+02
8.315957752030415122e+02
8.188441277497516921e+02
8.161019703984032958e+02
8.157592268214136766e+02
8.098632858496404197e+02
8.620348281007900368e+02
8.153478092877676318e+02
8.125369779797630372e+02
8.342694673331641297e+02
8.284422003180472984e+02
8.213808894374228657e+02
8.158276920426393417e+02
8.145936481771319677e+02
8.151422048886598759e+02
8.172673403072544716e+02
8.214493546586486445e+02
8.175416186630185393e+02
8.136338826673884341e+02
8.418106609686603861e+02
8.387255513048917237e+02
8.322812623570209780e+02
8.119199560470092365e+02
8.119886300036656621e+02
8.119886300036656621e+02
8.121942344027733043e+02
8.128112563355269913e+02
8.134282782682807920e+02
8.183642449948799822e+02
8.142509046001421211e+02
8.601837623025287485e+02
8.324870754915592670e+02
8.156220876435316995e+02
8.108230513593838396e+02
8.108230513593838396e+02
8.152793440665419666e+02
6.743271960743876434e+02
8.169932706869210506e+02
8.123313735806552813e+02
8.720441094673010411e+02
8.137710218452704112e+02
8.326926798906670228e+02
8.108230513593838396e+02
8.087663811620150227e+02
8.108230513593838396e+02
8.156905528647573647e+02
8.064354326088820244e+02
8.113029341142556632e+02
8.134967434895064571e+02
8.405766171031528984e+02
9.231187470308250340e+02
8.117143516479015943e+02
8.108230513593838396e+02
8.107545861381581744e+02
8.102060294266301526e+02
8.156220876435316995e+02
7.936839938910227374e+02
8.165133879320493406e+02
8.123313735806552813e+02
8.515456639794073226e+02
8.422905437235320960e+02
9.031001842978031391e+02
8.108917253160401515e+02
8.121257691815476392e+02
8.121942344027733043e+02
8.093149378735429309e+02
7.863484046546344644e+02
8.173360142639107835e+02
8.201468455719153781e+02
8.201468455719153781e+02
8.808193469683045578e+02
8.331038886888824209e+02
8.214493546586486445e+02
8.160335051771776307e+02
8.145936481771319677e+02
8.129483955134089683e+02
6.756297051611207962e+02
8.187071973073002482e+02
8.192555452833977370e+02
8.466096972528080187e+02
8.180901753745465612e+02
8.439360051226854011e+02
8.156905528647573647e+02
8.172673403072544716e+02
8.173360142639107835e+02
8.114400732921376402e+02
7.857313827218806637e+02
8.012251875265188801e+02
8.193242192400539352e+02
8.379029249730302809e+02
8.535338689555504743e+02
8.219979113701765527e+02
8.182957797736542034e+02
8.182957797736542034e+02
8.200781716152590661e+02
8.187756625285260270e+02
8.331725626455387328e+02
8.134282782682807920e+02
8.059555498540103144e+02
8.206951935480128668e+02
8.352976980641333284e+02
8.318013796021492681e+02
8.202153107931411569e+02
8.195298236391616911e+02
8.198041019949257588e+02
8.311158924481699160e+02
7.493965975877895289e+02
8.174044794851365623e+02
8.169245967302648523e+02
8.821905300116939088e+02
8.250143470772889032e+02
8.243973251445351025e+02
8.196669628170437818e+02
8.195982888603873562e+02
8.197354280382693332e+02
8.235746988126738870e+02
9.485531592453180565e+02
8.203524499710231339e+02
8.175416186630185393e+02
8.454441186085263098e+02
8.875379142719391439e+02
8.217920982356382638e+02
8.195982888603873562e+02
8.196669628170437818e+02
8.198041019949257588e+02
8.242601859666532391e+02
8.174044794851365623e+02
8.252886254330528573e+02
8.200097063940334010e+02
8.543564952874119172e+02
8.431131700553935389e+02
8.337209106216362215e+02
8.194611496825053791e+02
8.198041019949257588e+02
8.200781716152590661e+02
8.199410324373770891e+02
8.178843622400082722e+02
8.145251829559061889e+02
8.058870846327846493e+02
8.295391050056726954e+02
8.399595951703990977e+02
8.324184015349030688e+02
8.200097063940334010e+02
8.198725672161514240e+02
8.183642449948799822e+02
8.264539953419041467e+02
7.653700764118689222e+02
8.138396958019267231e+02
8.167189923311570965e+02
8.612806669901542591e+02
8.312530316260517793e+02
8.239174423896633925e+02
8.195298236391616911e+02
8.198725672161514240e+02
8.197354280382693332e+02
8.178843622400082722e+02
1.045835141602423391e+03
8.200097063940334010e+02
8.155534136868752739e+02
8.347493500880358397e+02
8.672450731831531812e+02
8.241917207454274603e+02
8.196669628170437818e+02
8.196669628170437818e+02
8.197354280382693332e+02
8.241230467887711484e+02
8.285106655392729635e+02
8.267967389188937659e+02
8.187756625285260270e+02
8.522313598688173215e+02
8.435245875890393563e+02
8.992611222588294595e+02
8.197354280382693332e+02
8.183642449948799822e+02
8.184329189515361804e+02
8.163075747975110517e+02
8.056128062770206952e+02
8.220663765914022179e+02
8.271394824958834988e+02
8.233004204569097055e+02
8.672450731831531812e+02
8.337895845782924198e+02
8.358462547756612366e+02
8.194611496825053791e+02
8.184329189515361804e+02
8.238487684330071943e+02
6.876956567250007311e+02
8.248772078994070398e+02
8.202153107931411569e+02
8.888404233586722967e+02
8.224777941250482627e+02
8.356406503765535945e+02
8.182273145524285383e+02
8.177472230621261815e+02
8.169932706869210506e+02
8.232317465002533936e+02
8.603895754370671511e+02
8.188441277497516921e+02
8.167874575523828753e+02
8.570301874175345347e+02
9.324425412433567999e+02
8.200781716152590661e+02
8.183642449948799822e+02
8.183642449948799822e+02
8.182957797736542034e+02
8.237118379905557504e+02
8.145251829559061889e+02
8.287849438950369176e+02
8.177472230621261815e+02
8.576472093502883354e+02
8.542880300661861384e+02
9.109841215102889009e+02
8.187071973073002482e+02
8.158963659992956536e+02
8.185013841727619592e+02
8.141824393789164560e+02
8.004710264158831023e+02
8.224777941250482627e+02
8.254255558755043012e+02
8.186385233506439363e+02
8.748549407753056357e+02
8.398911299491734326e+02
8.372174378190508151e+02
8.157592268214136766e+02
8.171988750860288064e+02
8.197354280382693332e+02
6.641123103087688833e+02
8.247400687215249491e+02
8.182273145524285383e+02
8.677936298946813167e+02
8.195298236391616911e+02
8.593611359706673056e+02
8.161019703984032958e+02
8.150050657107778989e+02
8.185700581294182712e+02
8.174731534417928742e+02
8.041731580124055654e+02
8.173360142639107835e+02
8.190499408842899811e+02
8.561388871290167799e+02
9.175657583714721568e+02
8.161019703984032958e+02
8.158963659992956536e+02
8.159648312205213188e+02
8.153478092877676318e+02
8.200781716152590661e+02
8.011567223052931013e+02
8.250828122985145683e+02
8.161704356196290746e+02
8.555220739316936260e+02
8.498317373590281250e+02
9.039228106296645819e+02
8.156220876435316995e+02
8.157592268214136766e+02
8.147994613116701430e+02
8.152106701098856547e+02
8.085607767629072669e+02
8.176787578409005164e+02
8.217920982356382638e+02
8.271394824958834988e+02
8.556590043741451836e+02
8.198041019949257588e+02
8.212437502595408887e+02
8.158276920426393417e+02
8.159648312205213188e+02
8.240545815675454833e+02
7.376047156442431287e+02
8.150735309320036777e+02
8.124685127585372584e+02
8.883605406038005867e+02
8.265224605631298118e+02
8.226833985241560185e+02
8.156905528647573647e+02
8.159648312205213188e+02
8.158276920426393417e+02
8.194611496825053791e+02
9.517754080869686959e+02
8.167189923311570965e+02
8.139766262443781670e+02
8.468153016519157745e+02
9.275063657813268492e+02
8.175416186630185393e+02
8.159648312205213188e+02
8.172673403072544716e+02
8.179530361966645842e+02
8.222719809905099737e+02
8.110973297151479073e+02
8.295391050056726954e+02
8.173360142639107835e+02
8.483236238731872163e+02
8.465410232961518204e+02
9.096131472023300830e+02
8.169932706869210506e+02
8.185013841727619592e+02
8.185700581294182712e+02
8.172673403072544716e+02
8.084921028062509549e+02
8.219979113701765527e+02
8.291276874720267642e+02
8.232317465002533936e+02
8.619663628795642580e+02
8.311158924481699160e+02
8.460611405412801105e+02
8.195982888603873562e+02
8.196669628170437818e+02
8.228205377020379956e+02
6.647293322415226839e+02
8.262483909427963908e+02
8.232317465002533936e+02
8.600466231246468851e+02
8.200781716152590661e+02
8.536023341767761394e+02
8.242601859666532391e+02
8.196669628170437818e+02
8.196669628170437818e+02
8.156905528647573647e+02
7.841545952793835568e+02
8.127427911143013262e+02
8.241917207454274603e+02
8.491462502050486592e+02
8.597725535043133505e+02
8.216549590577562867e+02
8.197354280382693332e+02
8.207638675046691787e+02
8.211066110816589116e+02
8.211750763028845768e+02
7.826464817935426481e+02
8.176102926196748513e+02
8.134282782682807920e+02
8.363261375305331740e+02
8.439360051226854011e+02
8.433874484111574930e+02
8.212437502595408887e+02
8.208323327258948439e+02
8.207638675046691787e+02
8.245344643224171932e+02
7.690722080083912715e+02
8.150735309320036777e+02
8.206267283267870880e+02
8.455812577864084005e+02
8.409880346367989432e+02
8.288534091162626964e+02
8.221348418126279967e+02
8.213122154807665538e+02
8.222719809905099737e+02
8.206267283267870880e+02
1.031986589461508174e+03
8.211066110816589116e+02
8.164447139753930287e+02
8.389313644394298990e+02
8.756775671071670786e+02
8.233688856781354843e+02
8.217920982356382638e+02
8.210379371250025997e+02
8.194611496825053791e+02
8.248087426781811473e+02
8.174731534417928742e+02
8.333097018234208235e+02
8.202839847497973551e+02
8.604580406582928163e+02
8.561388871290167799e+02
8.945992251525636902e+02
8.195982888603873562e+02
8.209010066825511558e+02
8.211750763028845768e+02
8.204895891489051110e+02
8.157592268214136766e+02
8.200781716152590661e+02
8.236431640338994384e+02
8.263168561640220560e+02
8.446899574978906458e+02
8.294704310490162698e+02
8.291963614286829625e+02
8.194611496825053791e+02
8.197354280382693332e+02
8.233688856781354843e+02
7.132672081173756169e+02
8.248087426781811473e+02
8.196669628170437818e+02
9.006320965667882774e+02
8.315271012463853140e+02
8.324870754915592670e+02
8.196669628170437818e+02
8.186385233506439363e+02
8.194611496825053791e+02
8.213808894374228657e+02
7.977973342857605985e+02
8.206951935480128668e+02
8.248772078994070398e+02
8.553162607971553371e+02
8.887032841807904333e+02
8.195298236391616911e+02
8.207638675046691787e+02
8.195298236391616911e+02
8.171304098648030276e+02
8.185013841727619592e+02
7.758592405332516364e+02
8.230261421011457514e+02
8.180215014178902493e+02
8.390685036173119897e+02
8.534651949988942761e+02
8.565503046626628247e+02
8.174731534417928742e+02
8.184329189515361804e+02
8.168561315090390735e+02
8.225462593462740415e+02
7.622165015268745947e+02
8.095205422726506868e+02
8.159648312205213188e+02
8.446899574978906458e+02
8.363946027517588391e+02
8.322812623570209780e+02
8.191184061055157599e+02
8.172673403072544716e+02
8.183642449948799822e+02
8.220663765914022179e+02
9.057738764279258703e+02
8.189128017064080041e+02
8.178158970187824934e+02
8.531911253785607414e+02
9.004951661243367198e+02
8.186385233506439363e+02
8.228205377020379956e+02
8.187756625285260270e+02
8.155534136868752739e+02
8.174731534417928742e+02
7.706489954508884921e+02
8.229576768799199726e+02
8.174044794851365623e+02
8.380400641509121442e+02
8.532595905997865202e+02
8.514085248015252319e+02
8.174731534417928742e+02
8.171988750860288064e+02
8.156905528647573647e+02
8.187071973073002482e+02
7.524814985161275445e+02
8.049273191230411157e+02
8.148679265328959218e+02
8.557961435520270470e+02
8.307044749145238711e+02
8.199410324373770891e+02
8.165133879320493406e+02
8.156905528647573647e+02
8.160335051771776307e+02
8.189128017064080041e+02
9.039228106296645819e+02
8.195982888603873562e+02
8.134282782682807920e+02
8.476379279837772174e+02
9.054311328509360237e+02
8.174731534417928742e+02
8.158963659992956536e+02
8.147307873550139448e+02
8.154164832444239437e+02
8.191870800621719582e+02
7.923128108476332727e+02
8.234375596347917963e+02
8.145251829559061889e+02
8.478437411183155064e+02
8.599781579034211063e+02
8.802707902567766496e+02
8.162391095762852729e+02
8.159648312205213188e+02
8.144565089992498770e+02
8.073267328973997792e+02
7.619424319065411737e+02
8.025963705699082311e+02
8.147994613116701430e+02
8.294704310490162698e+02
8.408508954589168525e+02
8.361889983526510832e+02
8.172673403072544716e+02
8.151422048886598759e+02
8.133598130470550132e+02
8.114400732921376402e+02
1.035551581880148660e+03
8.158963659992956536e+02
8.086292419841329320e+02
8.286478047171550543e+02
8.403023387473889443e+02
8.156905528647573647e+02
8.181586405957722263e+02
8.144565089992498770e+02
8.150050657107778989e+02
8.163075747975110517e+02
8.041044840557491398e+02
8.158963659992956536e+02
8.150050657107778989e+02
8.336524454004103291e+02
8.398911299491734326e+02
8.285106655392729635e+02
8.145251829559061889e+02
8.145936481771319677e+02
8.158963659992956536e+02
8.150050657107778989e+02
8.104803077823941067e+02
8.131539999125167242e+02
8.177472230621261815e+02
8.284422003180472984e+02
8.468837668731415533e+02
8.217236330144125986e+02
8.237118379905557504e+02
8.157592268214136766e+02
8.145251829559061889e+02
8.195298236391616911e+02
7.195058926661386067e+02
9.379270646814840120e+02
8.137710218452704112e+02
8.925425549551946460e+02
8.321441231791391147e+02
8.345437456889280838e+02
8.159648312205213188e+02
8.154164832444239437e+02
8.171304098648030276e+02
8.214493546586486445e+02
8.270710172746577200e+02
7.726372004270316438e+02
8.172673403072544716e+02
8.518884075563969418e+02
9.121497001545706098e+02
8.191184061055157599e+02
8.197354280382693332e+02
8.184329189515361804e+02
8.178158970187824934e+02
8.228205377020379956e+02
8.023220922141442770e+02
8.372174378190508151e+02
8.187071973073002482e+02
8.494205285608126133e+02
8.714270875345472405e+02
9.361444641044485024e+02
8.182957797736542034e+02
8.193926844612797140e+02
8.185700581294182712e+02
8.159648312205213188e+02
7.881994704528955253e+02
8.560704219077910011e+02
8.273452956304219015e+02
8.208323327258948439e+02
8.612122017689285940e+02
8.540822169316478494e+02
8.730038749770443474e+02
8.185013841727619592e+02
8.193926844612797140e+02
8.182957797736542034e+02
6.706250644778654078e+02
8.217920982356382638e+02
8.242601859666532391e+02
8.462667449403877526e+02
8.320069840012570239e+02
8.525054294891506288e+02
8.225462593462740415e+02
8.185013841727619592e+02
8.198041019949257588e+02
8.158963659992956536e+02
7.726372004270316438e+02
7.435691218372420508e+02
