7.537646779129260344e-02
7.609709639136720549e-02
7.682597453875819604e-02
7.753349175750409716e-02
7.821623902925829708e-02
7.892878265847440289e-02
7.960889539383959879e-02
8.028897726460890172e-02
8.097094230257349812e-02
8.164972850627290335e-02
8.228309304732479845e-02
8.291634607239989352e-02
8.354114183457539422e-02
8.416834097391530378e-02
8.480827092608439477e-02
8.543539281483389369e-02
8.605354246939249385e-02
8.665148106528300365e-02
8.726035038871619853e-02
8.785109896105300353e-02
8.843548552391010398e-02
8.903751458838429778e-02
8.961885857193750693e-02
9.019502842256990616e-02
9.073736314011540682e-02
9.128986294805470358e-02
9.185247834914500586e-02
9.237841041797979769e-02
9.289648788753350483e-02
9.344010230439900311e-02
9.396477698955860158e-02
9.448720164252770448e-02
9.497652022924750470e-02
9.547309614551149903e-02
9.597818701350040171e-02
9.648010166589950087e-02
9.697338323281469441e-02
9.746502155129140033e-02
9.794894770767810510e-02
9.840898928159380610e-02
9.886947975799030564e-02
9.933727905101269462e-02
9.978765691151300632e-02
1.002526779051852029e-01
1.006776843439484009e-01
1.011186087357372060e-01
1.015315887138265039e-01
1.019256874388183992e-01
1.023174972025427953e-01
1.027200266126068046e-01
1.031065173919260003e-01
1.034647608294999993e-01
1.038220601712736973e-01
1.041798203257886940e-01
1.045244510298461021e-01
1.048494177386306986e-01
1.051755478072105982e-01
1.054964916038585998e-01
1.058001852862328063e-01
1.060970997530353982e-01
1.064171145461554058e-01
1.067206096698379986e-01
1.070121458414566018e-01
1.073035165281954056e-01
1.075808318559662996e-01
1.078390751400913061e-01
1.081248835045768991e-01
1.083697394737019037e-01
1.086176589599509024e-01
1.088841117678377990e-01
1.091142384749314020e-01
1.093555284173610975e-01
1.096278892673674954e-01
1.098975022961068970e-01
1.100761030228509935e-01
1.102415775706973994e-01
1.104146270845401956e-01
1.105792072814811983e-01
1.107575804764266009e-01
1.109345533861789967e-01
1.111059267972668990e-01
1.112838232982670955e-01
1.114464593281204036e-01
1.116202173351143051e-01
1.117773877783043990e-01
1.119383897237628961e-01
1.120896506785656055e-01
1.122108676542109967e-01
1.123252854314906041e-01
1.124331866500924981e-01
1.125307122054587938e-01
1.126149742401501008e-01
1.126961975453675963e-01
1.127910253901948934e-01
1.128783723716828002e-01
1.129535479682130944e-01
1.130229329801385046e-01
1.130942211036937012e-01
1.131565991378846031e-01
1.132084629537498943e-01
1.132691159689951932e-01
1.133317792353058934e-01
1.133958265463985982e-01
1.134496523305735943e-01
1.134766523131624932e-01
1.135026596685946021e-01
1.135200360356169030e-01
1.135348328762017939e-01
1.135497095711645033e-01
1.135620711640698000e-01
1.135592809759029959e-01
1.135483731640214988e-01
1.135320011108355981e-01
1.135100317433122008e-01
1.134843355205523985e-01
1.134571413240216958e-01
1.134282048246260943e-01
1.133955617064801025e-01
1.133662188003242977e-01
1.133403836549720933e-01
1.133044558682175934e-01
1.132681631618192991e-01
1.132186790379746955e-01
1.131611271587714962e-01
1.131117008834642002e-01
1.130578884494333053e-01
1.129937161524123962e-01
1.129259054675205015e-01
1.128622939260798957e-01
1.127807995701033961e-01
1.126898381985184938e-01
1.126066821782344962e-01
1.125159985877450947e-01
1.124231368177183998e-01
1.123251467785991997e-01
1.122256267679311997e-01
1.121261401600347068e-01
1.120210066067350990e-01
1.119298200464323018e-01
1.118202430374315021e-01
1.117216797010470025e-01
1.116023606140327945e-01
1.114960259066102022e-01
1.113897771661117031e-01
1.112880242316493934e-01
1.111945969678184987e-01
1.110877774301289034e-01
1.109849373704536041e-01
1.108734048980957038e-01
1.107584509250478938e-01
1.106377099511585971e-01
1.105083804200840958e-01
1.103794203938090052e-01
1.102491546180135035e-01
1.101060343460810997e-01
1.099612096686714002e-01
1.098147701560304029e-01
1.096610980064986057e-01
1.095116815522891029e-01
1.093504441300991031e-01
1.091948398492710998e-01
1.090344782611790964e-01
1.088721312254490037e-01
1.087128606015090038e-01
1.085486856940718059e-01
1.083861181922019939e-01
1.082252224170836968e-01
1.080543591701813022e-01
1.078845715682977963e-01
1.077143530598498045e-01
1.075431127627305000e-01
1.073690346374348986e-01
1.071890679002345942e-01
1.070233216577639035e-01
1.068391449545984945e-01
1.066622168089750022e-01
1.064848862474040980e-01
1.063071532221795956e-01
1.061236559062601059e-01
1.059396909884497973e-01
1.057646426224556069e-01
1.055838017983543042e-01
1.054029011680202993e-01
1.052203732685876025e-01
1.050352328687750997e-01
1.048565220114325985e-01
1.046749840731520942e-01
1.044913083776572993e-01
1.043076839121662991e-01
1.041247937104338023e-01
1.039428668743009043e-01
1.037570608427551971e-01
1.035765361655033023e-01
1.033889669234867026e-01
1.032025638183827060e-01
1.030160996650767019e-01
1.028305486416855041e-01
1.026403567237988007e-01
1.024572783279551064e-01
1.022686463640078980e-01
1.020897931528595981e-01
1.019020750984216961e-01
1.017150377687931068e-01
1.015332665495464054e-01
1.013506558540905045e-01
1.011720030988749047e-01
1.009922434177857042e-01
1.008132344967412053e-01
1.006381749456757985e-01
1.004553457851502934e-01
1.002880452011546963e-01
1.001150155974188938e-01
9.994279207606479587e-02
9.977713028103139814e-02
9.961353944398559923e-02
9.944982770570730268e-02
9.928976775539380406e-02
9.913580297882650105e-02
9.897951472003770068e-02
9.882701865178930567e-02
9.867807585192429898e-02
9.853237785280259675e-02
9.838232537312789627e-02
9.824447695525269364e-02
9.810243129888919500e-02
9.796491886492139645e-02
9.783194841508560669e-02
9.770226358930719779e-02
9.757124211643800060e-02
9.744400629877489339e-02
9.731622360579579578e-02
9.719161283514719807e-02
9.706960118649669844e-02
9.694930766363520080e-02
9.683032356378229455e-02
9.671830859461380547e-02
9.660492800282320658e-02
9.649174437117730152e-02
9.638484685555059883e-02
9.627908292429289416e-02
9.617407577906469940e-02
9.606790107918010413e-02
9.597078194850000576e-02
9.587788709545090604e-02
9.577763467899909344e-02
9.568996912442029323e-02
9.560488753818059682e-02
9.551958630843790377e-02
9.543956471465610270e-02
9.535670116823849463e-02
9.528679434457179576e-02
9.521479393013029813e-02
9.514505704209839931e-02
9.507599091643670342e-02
9.501256452100100003e-02
9.495583169504359655e-02
9.489480242741789306e-02
9.484069943692899352e-02
9.479151946256660077e-02
9.473820092336930621e-02
9.469331819049550680e-02
9.465429394821009423e-02
9.461301893125699525e-02
9.457641622811679971e-02
9.453810531144500595e-02
9.450705592600940064e-02
9.447585232014850398e-02
9.444523323636989931e-02
9.441864641306370320e-02
9.439407734389759774e-02
9.437569668200899986e-02
9.435612416816850645e-02
9.434131903787630613e-02
9.432895731013270224e-02
9.431585621987390033e-02
9.430754558683389355e-02
9.429794739600309839e-02
9.429478889862140389e-02
9.429640198357590319e-02
9.429613084844830351e-02
9.429544961495629762e-02
9.430045604881269472e-02
9.431305775830499394e-02
9.432683829581389734e-02
9.433796686706219514e-02
9.435461125561450668e-02
9.437111132290700033e-02
9.439546688741670688e-02
9.441639289165959514e-02
9.444241114692579486e-02
9.446549490632639989e-02
9.449688211151770212e-02
9.453451488053779550e-02
9.456768962470929463e-02
9.460886665660210582e-02
9.465234496447909318e-02
9.469159958313469461e-02
9.473694491928599803e-02
9.478793277856120691e-02
9.483187666561229689e-02
9.488802311325850170e-02
9.494495052181199657e-02
9.499708165251100067e-02
9.505776319892750292e-02
9.511519840353410693e-02
9.518228116963810270e-02
9.524651986364850165e-02
9.531218960528389794e-02
9.538193192222929606e-02
9.545110316051770571e-02
9.552232509268819560e-02
9.559241986909469690e-02
9.566879992025699442e-02
9.574816576051439765e-02
9.582364460068290568e-02
9.590339003636269566e-02
9.597871115853159885e-02
9.606375955907249520e-02
9.614735737631610601e-02
9.622959959438659450e-02
9.631354679712750277e-02
9.640096199401479438e-02
9.648842397651130609e-02
9.657471341697640432e-02
9.666587933008190248e-02
9.675359270690550573e-02
9.684508167648679666e-02
9.693580969260549851e-02
9.702647241675130263e-02
9.711765950751240217e-02
9.721108402612779753e-02
9.730355155461140049e-02
9.739602787474929690e-02
9.749208277720550209e-02
9.758365989855459499e-02
9.767977518569509465e-02
9.777558047017280429e-02
9.786676494212080690e-02
9.796276866051630006e-02
9.805711264653639569e-02
9.815498539143620305e-02
9.824496700816459649e-02
9.834157763984489875e-02
9.843700784871109444e-02
9.853144153775879321e-02
9.862407278910180486e-02
9.872033744535299582e-02
9.881437334517470528e-02
9.890532796409499949e-02
9.899672656886150668e-02
9.909009594882399463e-02
9.918286759968809874e-02
9.927285445599949576e-02
9.936070887345919977e-02
9.944914629369989989e-02
9.954085583038850549e-02
9.962774135365840000e-02
9.971738347151040682e-02
9.980296294216850495e-02
9.988928808257610537e-02
9.997396746097139686e-02
1.000599313140858038e-01
1.001465053138003991e-01
1.002292135983459953e-01
1.003128442004555948e-01
1.003977589615567961e-01
1.004747182325311933e-01
1.005571802812099957e-01
1.006320170396467067e-01
1.007117491259572062e-01
1.007884137388029983e-01
1.008639575867791988e-01
1.009367761833970950e-01
1.010071786375287967e-01
1.010796782940226041e-01
1.011501837183322039e-01
1.012193883953069057e-01
1.012888615024132993e-01
1.013592491977939047e-01
1.014263619998597987e-01
1.014933454177810029e-01
1.015574293159251934e-01
1.016158547777255977e-01
1.016783218679137013e-01
1.017403290574037944e-01
1.018016785789950945e-01
1.018564283744023968e-01
1.019131368124553960e-01
1.019710986942368031e-01
1.020227508729577987e-01
1.020803767934708034e-01
1.021290657733450041e-01
1.021821417052120040e-01
1.022292013912342035e-01
1.022748996540780997e-01
1.023233830631725960e-01
1.023667929389083936e-01
1.024111822883889966e-01
1.024530506017855003e-01
1.024931157637152951e-01
1.025321194016772935e-01
1.025709348675118981e-01
1.026136080269185041e-01
1.026515948671188061e-01
1.026904965424161043e-01
1.027293984706559998e-01
1.027730838365288057e-01
1.028130301024576948e-01
1.028514393086679968e-01
1.028931121998602066e-01
1.029260001039695033e-01
1.029686745603658055e-01
1.030016185612565999e-01
1.030363388433408051e-01
1.030685388049086965e-01
1.030919142869977934e-01
1.031162216478191951e-01
1.031304199216794976e-01
1.031465595873188035e-01
1.031558999031245011e-01
1.031631129516070028e-01
1.031684701535036941e-01
1.031650704732252066e-01
1.031635512167680957e-01
1.031544380193157029e-01
1.031493778147802992e-01
1.031406336121419021e-01
1.031240976477107024e-01
1.031129669527174053e-01
1.030942002079861947e-01
1.030783551506035955e-01
1.030593587991013999e-01
1.030399383472434954e-01
1.030165192573407051e-01
1.029945764526054020e-01
1.029677733088775055e-01
1.029406050487274987e-01
1.029103602785871041e-01
1.028839075713843948e-01
1.028471615209499007e-01
1.028148713718495949e-01
1.027810836677805068e-01
1.027394112980111046e-01
1.026992922983411965e-01
1.026589183058674998e-01
1.026159168254859033e-01
1.025725703654726956e-01
1.025278572341904032e-01
1.024788707139111937e-01
1.024328046275845977e-01
1.023838086228629068e-01
1.023298330185194033e-01
1.022772611930839043e-01
1.022256711613512975e-01
1.021711863934909037e-01
1.021163048709790022e-01
1.020604518507556013e-01
1.019991180840865014e-01
1.019382240857260036e-01
1.018714851632715052e-01
1.018132466158263028e-01
1.017440552721893959e-01
1.016767300078597058e-01
1.016099237408372991e-01
1.015407545928733030e-01
1.014656531269498979e-01
1.013911435138944023e-01
1.013198935706682985e-01
1.012482446626802035e-01
1.011672681710430038e-01
1.010984936735388057e-01
1.010161365173563031e-01
1.009387164263031988e-01
1.008663609121217969e-01
1.007902054541354037e-01
1.007084016182250019e-01
1.006289124861184936e-01
1.005491247430062018e-01
1.004698889530828004e-01
1.003875724876154979e-01
1.003140927348050992e-01
1.002367060770718993e-01
1.001587725789850059e-01
1.000812154582605001e-01
1.000006699792466980e-01
9.992351377705779858e-02
9.984624795957519616e-02
9.977114966789039918e-02
9.969508181768489685e-02
9.962039809570359672e-02
9.954641807022579503e-02
9.947351558437710073e-02
9.939830804564030176e-02
9.932593505748639473e-02
9.925549118061430254e-02
9.918419324805090309e-02
9.911391654764009629e-02
9.904182434299850513e-02
9.897328343477780621e-02
9.890548854047939709e-02
9.883512240275940663e-02
9.876598186847269922e-02
9.870014191365029943e-02
9.863529910607579665e-02
9.856806197869509567e-02
9.850809440254139349e-02
9.844395901926490666e-02
9.837852131208049689e-02
9.832164369739809784e-02
9.825860176172100668e-02
9.819926402476659988e-02
9.814657868834519849e-02
9.808578905348599997e-02
9.803322405965149422e-02
9.797789730777099748e-02
9.792368092465419949e-02
9.787413038262049447e-02
9.782275077735209934e-02
9.777081512616360437e-02
9.772626788781230145e-02
9.767734356164280152e-02
9.763289398011319731e-02
9.758847029239289816e-02
9.754415642095279337e-02
9.750106799444389905e-02
9.746153126748090256e-02
9.742145988759219610e-02
9.738549748038580200e-02
9.734939829645129772e-02
9.731100497972050567e-02
9.727856976270420064e-02
9.724489350594130166e-02
9.721550875957660209e-02
9.718441949692430137e-02
9.715786987175530076e-02
9.713002293498020079e-02
9.710324457455329905e-02
9.707694054610520318e-02
9.706055130362220562e-02
9.703559420119349521e-02
9.702042078436820538e-02
9.700211382247760084e-02
9.698778763714720197e-02
9.696797638983309375e-02
9.695605302476610621e-02
9.694858384090579428e-02
9.694136204522700584e-02
9.693515091690839414e-02
9.692895704794990408e-02
9.692204788477160049e-02
9.692457872918870676e-02
9.692352011261079481e-02
9.692325156356100535e-02
9.693272092127790118e-02
9.693436859290580077e-02
9.694072183877809612e-02
9.695395507254279954e-02
9.696564144824840192e-02
9.697569042021929320e-02
9.698901512406840619e-02
9.700880491365089509e-02
9.702643428447750573e-02
9.704731802358410042e-02
9.706589109049580666e-02
9.708818552080519804e-02
9.711614358354909993e-02
9.714194363369130225e-02
9.716833105948109728e-02
9.719774487507100436e-02
9.722943012159590559e-02
9.726528072870900543e-02
9.729834617002529329e-02
9.733189929240479432e-02
9.736628194817960325e-02
9.740085183270409674e-02
9.744306429922290624e-02
9.748402864585399563e-02
9.752597700551039750e-02
9.756803980374190166e-02
9.760910246644630139e-02
9.765422000359079424e-02
9.769974499888700592e-02
9.774749747648489584e-02
9.779486027082430477e-02
9.784574767324860645e-02
9.789420548139460276e-02
9.794767460385800373e-02
9.799583460544049329e-02
9.805117451751670099e-02
9.810496022918130388e-02
9.816101729883530691e-02
9.821655439833409940e-02
9.827167824324779810e-02
9.832919685290439360e-02
9.838521796671040320e-02
9.844492684463999888e-02
9.850488923029029897e-02
9.856596983739029927e-02
9.862508343411459377e-02
9.868442813910019429e-02
9.874732769130920018e-02
9.880956287951790651e-02
9.887414487476789415e-02
9.893756711733579789e-02
9.899786912678119888e-02
9.906809002463770608e-02
9.913239602973740461e-02
9.919860346082409741e-02
9.926345000858449730e-02
9.933084184658200200e-02
9.939587213484160633e-02
9.946237443689949498e-02
9.952761884161889783e-02
9.959654746991020158e-02
9.966236780256540473e-02
9.972931795151519785e-02
9.979731150856689659e-02
9.986423906581530507e-02
9.992994245496279737e-02
9.999808963076670110e-02
1.000657180824481018e-01
1.001297109128661961e-01
1.001969850847028026e-01
1.002632959991620054e-01
1.003268292663710010e-01
1.003911076200457025e-01
1.004545836859111058e-01
1.005175551408215989e-01
1.005780785939263955e-01
1.006362229008767040e-01
1.006977279962307931e-01
1.007534574139845041e-01
1.008092080646473959e-01
1.008634440417591066e-01
1.009178435232774979e-01
1.009664216003473974e-01
1.010130739551120954e-01
1.010660566478353978e-01
1.011143958930471043e-01
1.011651904041618033e-01
1.012102968680446968e-01
1.012614771338647968e-01
1.013118561401895046e-01
1.013671710507503959e-01
1.014195010614076936e-01
1.014637335881501956e-01
1.015451997848346027e-01
1.016490659620646053e-01
1.017158242525493944e-01
1.017892831215362059e-01
1.018677633109393993e-01
1.019541511976310988e-01
1.020373060014986982e-01
1.021243993087607022e-01
1.022120351848232050e-01
1.022932622600605940e-01
1.023663860124686964e-01
1.024435465965427977e-01
1.025168118601070960e-01
1.025837009075370038e-01
1.026474143059141059e-01
1.026983910396587069e-01
1.027517933245428033e-01
1.027937020039293020e-01
1.028298304055799001e-01
1.028607587690819059e-01
1.028827107134537011e-01
1.029058706316327981e-01
1.029215423546930019e-01
1.029395890229213989e-01
1.029532935452708992e-01
1.029665038362738011e-01
1.029778116130307952e-01
1.029853757589793001e-01
1.029906546452993982e-01
1.029947331642283997e-01
1.029985160623802937e-01
1.029973358973903935e-01
1.029975352535469069e-01
1.029987878044144045e-01
1.029928843317795967e-01
1.029862644152576001e-01
1.029844039411570017e-01
1.029837801315020007e-01
1.029780307680981943e-01
1.029727586818478952e-01
1.029654162890786956e-01
1.029578639375071936e-01
1.029466329953579035e-01
1.029394012898467992e-01
1.029284499620441024e-01
1.029160216811501050e-01
1.029018194098427069e-01
1.028891600275330942e-01
1.028713016256154050e-01
1.028638776535534954e-01
1.028478207124648020e-01
1.028345706670257959e-01
1.028178496282843996e-01
1.028031368182564936e-01
1.027791461948126955e-01
1.027591532075391029e-01
1.027386889762914035e-01
1.027147882542466945e-01
1.026914149942271953e-01
1.026631471343335961e-01
1.026423707919404960e-01
1.026211596479549015e-01
1.025980254409877973e-01
1.025819578619732997e-01
1.025603446479199932e-01
1.025390466125739031e-01
1.025262373597455035e-01
1.025052396200484967e-01
1.024934648802457993e-01
1.024787147889907046e-01
1.024530660154236023e-01
1.024464746006000931e-01
1.024276646314255940e-01
1.024192201439721034e-01
1.023999492268071049e-01
1.023955117113976993e-01
1.023819161910480002e-01
1.023727277040070993e-01
1.023578889364168965e-01
1.023456062460390004e-01
1.023325108054227023e-01
1.023182029151069039e-01
1.022994257971111959e-01
1.022878713934625983e-01
1.022678446513907990e-01
1.022478022492506050e-01
1.022277886784244000e-01
1.022062520184379986e-01
1.021847099649358936e-01
1.021594819395326981e-01
1.021295594169236987e-01
1.021024040344881978e-01
1.020717228969956064e-01
1.020421986817363069e-01
1.020122883081867049e-01
1.019801315206625009e-01
1.019476257018156057e-01
1.019123311563421008e-01
1.018800670184780016e-01
1.018424583695010932e-01
1.018069729005177948e-01
1.017689349105698055e-01
1.017359540112967031e-01
1.016971810922220054e-01
1.016599796160960051e-01
1.016202214535522064e-01
1.015794160802381968e-01
1.015384091909366931e-01
1.014986559306630953e-01
1.014569254887942029e-01
1.014176573575461954e-01
1.013760952104972995e-01
1.013331669732163987e-01
1.012925281370186947e-01
1.012506154677361991e-01
1.012085340831925945e-01
1.011644922119227935e-01
1.011240858048832042e-01
1.010790305288942065e-01
1.010368178105456038e-01
1.009940481257751016e-01
1.009528206330559952e-01
1.009129551553585996e-01
1.008649513163363959e-01
1.008270033248215986e-01
1.007839593636584014e-01
1.007413232815505960e-01
1.006960275965222001e-01
1.006532285679399980e-01
1.006122564895943067e-01
1.005679588302741956e-01
1.005241660544450022e-01
1.004765070234995977e-01
1.004384032779512964e-01
1.003962978274118012e-01
1.003533983155222020e-01
1.003099791220557063e-01
1.002672693643368029e-01
1.002267184329505983e-01
1.001852429064707950e-01
1.001421224104054042e-01
1.000978422175099053e-01
1.000559193273529018e-01
1.000161118887716999e-01
9.996977388445420221e-02
9.993365541482369940e-02
9.988925554094399417e-02
9.984798796440490232e-02
9.980797673796300284e-02
9.977155416982949609e-02
9.972668442052169679e-02
9.969107146597160074e-02
9.964961539810900104e-02
9.960825273998480389e-02
9.957462315115060691e-02
9.953599910316460186e-02
9.950049589117780646e-02
9.946010868075430555e-02
9.942880309320839549e-02
9.939398786388839446e-02
9.935969404898349622e-02
9.932356601935420082e-02
9.929014293698959492e-02
9.925715778011910684e-02
9.922368175885219743e-02
9.918904170852159419e-02
9.915975060996209955e-02
9.912580610894559940e-02
9.909694101109479958e-02
9.906883608267820496e-02
9.903551385455840184e-02
9.901300503000290409e-02
9.898201731746510135e-02
9.895458178817209682e-02
9.892865378067650095e-02
9.890582363527200549e-02
9.887662638589600483e-02
9.885503994502499447e-02
9.882988423705499348e-02
9.880964120951339635e-02
9.877718273676250327e-02
9.876548506730439825e-02
9.874374915435399358e-02
9.872276832805799984e-02
9.870192338520619724e-02
9.868446025387529741e-02
9.866619257440240043e-02
9.864562448449719356e-02
9.862873207696719324e-02
9.861818803573520198e-02
9.860216835880629416e-02
9.858970436175290564e-02
9.857318249717850200e-02
9.856264652193150178e-02
9.854651986294009347e-02
9.853521717588289985e-02
9.852273291408859823e-02
9.851354433834459690e-02
9.850013934626569712e-02
9.848747310587389892e-02
9.847921971937879937e-02
9.846716161202509476e-02
9.846015926005259600e-02
9.844999873311299776e-02
9.844445967883340420e-02
9.843123240579949862e-02
9.842415708245730310e-02
9.841616065391650681e-02
9.840852332370879363e-02
9.840057150749019488e-02
9.839439433186099315e-02
9.838687985515259804e-02
9.837953720680589487e-02
9.837125843077709764e-02
9.835977185718719484e-02
9.835190311593020041e-02
9.834785618075450597e-02
9.833965276681480572e-02
9.833263329097270689e-02
9.832556506366629812e-02
9.831538094150879536e-02
9.831198569524879360e-02
9.830270698562780518e-02
9.829412563825319638e-02
9.828918375323010548e-02
9.828240266340129705e-02
9.827452897986549418e-02
9.826910917713900517e-02
9.825699587577410576e-02
9.825132428434449339e-02
9.824431176359850471e-02
9.823772016514879801e-02
9.822997843339159596e-02
9.822197284275870077e-02
9.821004121247800533e-02
9.820751278575590160e-02
9.819417423853860072e-02
9.818762775828400458e-02
9.818122031222069335e-02
9.817391142182900488e-02
9.816015652048110107e-02
9.815304194759129353e-02
9.814491199817260147e-02
9.813770909230580541e-02
9.812718578520410184e-02
9.811623141825499828e-02
9.811357734584109924e-02
9.810292512327589698e-02
9.809196559289450057e-02
9.808704226728680309e-02
9.807384396772950153e-02
9.806919277518949540e-02
9.806228396621380350e-02
9.805203596371470098e-02
9.804468951125069887e-02
9.804245367366209996e-02
9.803328089299609416e-02
9.802603540571719343e-02
9.801962194762990632e-02
9.801484929670750690e-02
9.800843401194089810e-02
9.800637856784920332e-02
9.800109738751150434e-02
9.799937539402800435e-02
9.799247076916829668e-02
9.798934990666059719e-02
9.798867165680549829e-02
9.798141986816930049e-02
9.798046521214469340e-02
9.797551932668910335e-02
9.797947428034589623e-02
9.797695760671060183e-02
9.797739644894079558e-02
9.797833817374969334e-02
9.797993583964230424e-02
9.797695200597579535e-02
9.798438880848979460e-02
9.798617768147140084e-02
9.798789293515250409e-02
9.799454596645999771e-02
9.799839820169439775e-02
9.799915721232099752e-02
9.800258361876519608e-02
9.800987432348809425e-02
9.801963309503650135e-02
9.802353633400399946e-02
9.803215589815660047e-02
9.804009320731120469e-02
9.804739159745240462e-02
9.805938310445040662e-02
9.806615182960959354e-02
9.807725253023509560e-02
9.808029551309070670e-02
9.809717189627889522e-02
9.810872778413780304e-02
9.811740520399639398e-02
9.813634764315870562e-02
9.814445735306570606e-02
9.815821605673319405e-02
9.817009720350880486e-02
9.818552779904249350e-02
9.820060444987850634e-02
9.821445304202849891e-02
9.822877383425840381e-02
9.824541512593859549e-02
9.826114168689900619e-02
9.827252773180859824e-02
9.829133394690600656e-02
9.830815443814650001e-02
9.832865383552640004e-02
9.834756590943789789e-02
9.836522934003720520e-02
9.837941094934959940e-02
9.839752350989069973e-02
9.841823250907920373e-02
9.844124514845989382e-02
9.846101769461990116e-02
9.848420195171800340e-02
9.850458473690459904e-02
9.852708912758109672e-02
9.854944923050240613e-02
9.857223240274949616e-02
9.859656477409249609e-02
9.862144710776729606e-02
9.864580605624589937e-02
9.867026517326099588e-02
9.869584242369530691e-02
9.872410701857420312e-02
9.874747114100169976e-02
9.877562307343649983e-02
9.880414477906750148e-02
9.883321542790229897e-02
9.886295738156740398e-02
9.889070885334970418e-02
9.892063549654189769e-02
9.895041758842759716e-02
9.898291130495019685e-02
9.901506700427629981e-02
9.904398821097749883e-02
9.907987095755330098e-02
9.911130306207910357e-02
9.914526648872409864e-02
9.918339735226409937e-02
9.921607602647980473e-02
9.925539379175370158e-02
9.929355879597590029e-02
9.933430515830529717e-02
9.937219380498719945e-02
9.940925973405340121e-02
9.944755578187350342e-02
9.949055451767729874e-02
9.953519578854630456e-02
9.957649939583600174e-02
9.961818586501999806e-02
9.966504115609270409e-02
9.970606931106780479e-02
9.974962717982970017e-02
9.979610079528250521e-02
9.984175731107949869e-02
9.988984848850189502e-02
9.993303989167300061e-02
9.998037840287979372e-02
1.000213231982457068e-01
1.000693524910868937e-01
1.001131820018028029e-01
1.001582153182909996e-01
1.002056599092753936e-01
1.002556488042496002e-01
1.002952869271581948e-01
1.003499071643972063e-01
1.003930147896559960e-01
1.004504455112077976e-01
1.005031148250616069e-01
1.005584066234774948e-01
1.006076342193644030e-01
1.006674752055799066e-01
1.007218424616154046e-01
1.007842243160634033e-01
1.008435558675581933e-01
1.009130008095919934e-01
1.009852372088212019e-01
1.010580016648408019e-01
1.011265034955746017e-01
1.011900074978670933e-01
1.012646301477997945e-01
1.013405195613703014e-01
1.014143915707040045e-01
1.014846226762731035e-01
1.015481614223810031e-01
1.016109215879442973e-01
1.016614306191136047e-01
1.017140934138220931e-01
1.017555293645498043e-01
1.017931890154191027e-01
1.018278485755430007e-01
1.018542873573067969e-01
1.018698407749738938e-01
1.018883486607311956e-01
1.019012702471907006e-01
1.019102476800397977e-01
1.019181560907155976e-01
1.019217176745833009e-01
1.019258335384183034e-01
1.019252371101528054e-01
1.019272154663019986e-01
1.019279397840558016e-01
1.019288540098637064e-01
1.019301381589143018e-01
1.019302446442296034e-01
1.019352112943380934e-01
1.019349886215279999e-01
1.019325508293325994e-01
1.019338613304808933e-01
1.019350307574754949e-01
1.019342942026423976e-01
1.019382324582986943e-01
1.019360241127210964e-01
1.019349553864117019e-01
1.019364670648967020e-01
1.019328055968169999e-01
1.019294701787856056e-01
1.019262832361645943e-01
1.019220457211915953e-01
1.019183199218320068e-01
1.019184381979483939e-01
1.019151364886402011e-01
1.019143742060265034e-01
1.019122747477777952e-01
1.019128299648467961e-01
1.019094249712224065e-01
1.019091569965187016e-01
1.019131754749908053e-01
1.019120562911503963e-01
1.019143229469819945e-01
1.019120887158790068e-01
1.019149496519441978e-01
1.019139842473651969e-01
1.019104181277206977e-01
1.019097046357133052e-01
1.019044323024922011e-01
1.019044782995079945e-01
1.019063162764849012e-01
1.019013811327754981e-01
1.018956757702052934e-01
1.018974732400259042e-01
1.018903719551603054e-01
1.018794087476875970e-01
1.018793610423652934e-01
1.018648797954375962e-01
1.018581264812821047e-01
1.018469538553267023e-01
1.018324219577179945e-01
1.018162061004238977e-01
1.018036367304581968e-01
1.017819252528734952e-01
1.017683806725405010e-01
1.017479077098810969e-01
1.017331450844432966e-01
1.017143933672755018e-01
1.016968664570221947e-01
1.016729730500897932e-01
1.016621965274653039e-01
1.016444593255265011e-01
1.016261929070648995e-01
1.016126168386431022e-01
1.015985804056335068e-01
1.015847573199687992e-01
1.015700178344904059e-01
1.015541996318150009e-01
1.015451749900105061e-01
1.015276969995844991e-01
1.015162698186918011e-01
1.014997622041844960e-01
1.014789757642417939e-01
1.014637752563933987e-01
1.014428928696873011e-01
1.014283099932535986e-01
1.014151526031521061e-01
1.013871365876997943e-01
1.013715653616347051e-01
1.013528639095288009e-01
1.013355668752780048e-01
1.013267739960538039e-01
1.013130654334623015e-01
1.012970303557205048e-01
1.012814787557800994e-01
1.012678937772674009e-01
1.012508245123111966e-01
1.012342484477253973e-01
1.012162528978945986e-01
1.011984137199572059e-01
1.011823830249369977e-01
1.011592280003005967e-01
1.011413561102061931e-01
1.011189955917977945e-01
1.010968657818723943e-01
1.010741755593185937e-01
1.010549024981299004e-01
1.010307749774018021e-01
1.010113818942167951e-01
1.009901360426395944e-01
1.009680460494896959e-01
1.009431975841511980e-01
1.009234254608288028e-01
1.009020126046188959e-01
1.008813816833717958e-01
1.008615999962212961e-01
1.008383747060331015e-01
1.008181638576828021e-01
1.007954703869374941e-01
1.007757882516034931e-01
1.007516400364449061e-01
1.007364855139886994e-01
1.007105275191658017e-01
1.006922513941292952e-01
1.006685693686407007e-01
1.006496121103628016e-01
1.006295289648636015e-01
1.006067013727966059e-01
1.005854812006973936e-01
1.005646934352245059e-01
1.005410268171483962e-01
1.005219575418647010e-01
1.004987076987645944e-01
1.004774788199287033e-01
1.004543118117425943e-01
1.004354234029196935e-01
1.004119392793200033e-01
1.003887546738898018e-01
1.003665567590067975e-01
1.003463407194493950e-01
1.003243079362932944e-01
1.003030019494722952e-01
1.002799009278696057e-01
1.002610819278200033e-01
1.002371300579557034e-01
1.002152778563280972e-01
1.001938777361777999e-01
1.001722572553691987e-01
1.001511261337012931e-01
1.001297826377938044e-01
1.001078750210094986e-01
1.000879895629975952e-01
1.000665794355996979e-01
1.000483202854494935e-01
1.000280287531589013e-01
1.000098969274842015e-01
9.998975308727689471e-02
9.997267945420219848e-02
9.995378129763410335e-02
9.993736737175540341e-02
9.991789015283779329e-02
9.990306005318619342e-02
9.988534880476079847e-02
9.987463487176470589e-02
9.985702074095829939e-02
9.984480454739740052e-02
9.982844747329730484e-02
9.981570373521410355e-02
9.980539069358640436e-02
9.979215986157659313e-02
9.978013502889880593e-02
9.976945793155260478e-02
9.975784475473430113e-02
9.975066498567769502e-02
9.973700623812209454e-02
9.972914867211160606e-02
9.972026389959000314e-02
9.971295627088300195e-02
9.970654137093110103e-02
9.970020685423459927e-02
9.969120051619589917e-02
9.968294923979099942e-02
9.967621490601899503e-02
9.967436738706950128e-02
9.966897392921189591e-02
9.966426412902930354e-02
9.965855589992270169e-02
9.965301243697299860e-02
9.964978739313980205e-02
9.964467960886490283e-02
9.964068962359939885e-02
9.963927496590480049e-02
9.963621100316440160e-02
9.963443068593109964e-02
9.962854899490840299e-02
9.962605987878510316e-02
9.962568550864360495e-02
9.961941372629989910e-02
9.961711674348590340e-02
9.961501263173259957e-02
9.960973974775870488e-02
9.960985840704229821e-02
9.960602818873570685e-02
9.960556820622730456e-02
9.960178626110589850e-02
9.960094102909360092e-02
9.959474690915749717e-02
9.959345802742629317e-02
9.958953163447549495e-02
9.958662847197620460e-02
9.958193922562519340e-02
9.957809188024140112e-02
9.957615123485930031e-02
9.957209026858519774e-02
9.956847407392729887e-02
9.956449948484259738e-02
9.955862101019000154e-02
9.955675282146139726e-02
9.955204318972840638e-02
9.954465200674579572e-02
9.953920550370609632e-02
9.953713022796190080e-02
9.952938881242749669e-02
9.952532836512480163e-02
9.951995080187940601e-02
9.951494149905029674e-02
9.950800870089579475e-02
9.949966249194240608e-02
9.949525033010420128e-02
9.949006431900199454e-02
9.948249026870520373e-02
9.947414885099699344e-02
9.946870034613700118e-02
9.946511100983769504e-02
9.945653577377319698e-02
9.945193410160969860e-02
9.943998391876429643e-02
9.943586075737209651e-02
9.943060525852870368e-02
9.942483407266360096e-02
9.941805552340469976e-02
9.940991298906780294e-02
9.939962680604409739e-02
9.939325764789820605e-02
9.938705249531730457e-02
9.937912286581759846e-02
9.937065502239460224e-02
9.936225151781050147e-02
9.935708296289659514e-02
9.934694951867580059e-02
9.934379030447279546e-02
9.933463157713730285e-02
9.932660076247949721e-02
9.932275595258140133e-02
9.931688562692890521e-02
9.931245068997179848e-02
9.930363586356169558e-02
9.929249266364180426e-02
9.928951984369159545e-02
9.928747241339999641e-02
9.928299143718889719e-02
9.928101562853730577e-02
9.927312864341089615e-02
9.926991406966099996e-02
9.926179992506589667e-02
9.926089570530530204e-02
9.925847106916009521e-02
9.925758712611029710e-02
9.925692029205809841e-02
9.925564729678749976e-02
9.925576784699320643e-02
9.925437894169239494e-02
9.925468797392360265e-02
9.925730325838630352e-02
9.926067074581509941e-02
9.925991274519309349e-02
9.926472676909549320e-02
9.926926965391559554e-02
9.927246716360679790e-02
9.927564534491209458e-02
9.928221556026020633e-02
9.928963473195009937e-02
9.929644839038399839e-02
9.930386167773780359e-02
9.930916029027389569e-02
9.931854700285359938e-02
9.932499703593479501e-02
9.933582241547379843e-02
9.934694102579159913e-02
9.935517176534129635e-02
9.936741676388580191e-02
9.937469062752080085e-02
9.938616011601959788e-02
9.940533364337310329e-02
9.941610503682220268e-02
9.942729561874209809e-02
9.944002351927540284e-02
9.945138464548859691e-02
9.946849716228789440e-02
9.948121648655509908e-02
9.949760093517640014e-02
9.951188595561889783e-02
9.952489127360999999e-02
9.954093113697279338e-02
9.955392381026860471e-02
9.957139902082609573e-02
9.958325486099099677e-02
9.960046742492489891e-02
9.961553997588459830e-02
9.963303586041570570e-02
9.964477108484469381e-02
9.966391974980649826e-02
9.967497720724190213e-02
9.968902185318520570e-02
9.970139276706040110e-02
9.971835457467119468e-02
9.972985849210530551e-02
9.974183806269970587e-02
9.975815478496749544e-02
9.976768143409940615e-02
9.977549243431839410e-02
9.978864862281990045e-02
9.979877302405129602e-02
9.980494404328779656e-02
9.981717419566869809e-02
9.982096399859860525e-02
9.983044461315150608e-02
9.983830226699499932e-02
9.984495661254100263e-02
9.985112940708630591e-02
9.985685837401560294e-02
9.986316974329939589e-02
9.986877701340929336e-02
9.987045250082060566e-02
9.987306539789959914e-02
9.988577416901280037e-02
9.989064744705640486e-02
9.989756379567230060e-02
9.990412802138870507e-02
9.990907511357929871e-02
9.991488357707489776e-02
9.991725379015739539e-02
9.991876986988890152e-02
9.992144370842589995e-02
9.992588539084369670e-02
9.992573927278899926e-02
9.992884196298569555e-02
9.992838562576629446e-02
9.993205982083680494e-02
9.993312042275409590e-02
9.993663856005359503e-02
9.993994614449749903e-02
9.993619843389159318e-02
9.993702360898359949e-02
9.993454426891300313e-02
9.993401040955940395e-02
9.993155868800650266e-02
9.993263867542739876e-02
9.992472769587940062e-02
9.992292067701670499e-02
9.991820238346380001e-02
9.991616547862100517e-02
9.990911176988019615e-02
9.990685011970450169e-02
9.989901577988280490e-02
9.989232958911969940e-02
9.987910370770340662e-02
9.985780190871360040e-02
9.986040186457599555e-02
9.984043472971709798e-02
9.983433695243999761e-02
9.982293171210339378e-02
9.981107580186189543e-02
9.980250240963009500e-02
9.979079587553969788e-02
9.977829288436700084e-02
9.976661777983800161e-02
9.975564635947170578e-02
9.974577502887349567e-02
9.973131533091829370e-02
9.972023720468789487e-02
9.970936754747319886e-02
9.969804058302869643e-02
9.968738806417770659e-02
9.967562288237090395e-02
9.966596555448080375e-02
9.965488506679570646e-02
9.964327613196119482e-02
9.963278832497790560e-02
9.962098719896800292e-02
9.961199798669449768e-02
9.960311190351489596e-02
9.959510300550179773e-02
9.958728416428609675e-02
9.957932253923840182e-02
9.957029526001540121e-02
9.956061039428540371e-02
9.955450215748509746e-02
9.954947909555439400e-02
9.954648545625699452e-02
9.954227188480170574e-02
9.953786500500419465e-02
9.953309090756619348e-02
9.953106694640240226e-02
9.953182482993029601e-02
9.952889985127590100e-02
9.952993311427159318e-02
9.952957754827000680e-02
9.953125302438549371e-02
9.953155566009680433e-02
9.953578826194570128e-02
9.953752311412220055e-02
9.954399834747469644e-02
9.955153171509499577e-02
9.955722935592989375e-02
9.956490463631580135e-02
9.957195878576960424e-02
9.958377839262380626e-02
9.959119096326840559e-02
9.960678033326710035e-02
9.961614527650219930e-02
9.962917526768959309e-02
9.964356616025379920e-02
9.965623037053569777e-02
9.967060515291109590e-02
9.968745532884959459e-02
9.970055028495600213e-02
9.971491033377849478e-02
9.972935981929459404e-02
9.974208021565710014e-02
9.975839145735419800e-02
9.977881515007160085e-02
9.979659218418859834e-02
9.982239388442899763e-02
9.985286456761979790e-02
9.988960780369279813e-02
9.995745651570279999e-02
9.998533521868539775e-02
1.000120937256778059e-01
1.000424563674943979e-01
1.000700485830804953e-01
1.000978210799331053e-01
1.001247644957690003e-01
1.001533029828794996e-01
1.001842898871063009e-01
1.002080663780561959e-01
1.002397478798985053e-01
1.002665578561165033e-01
1.002937327344076007e-01
1.003229405873981989e-01
1.003524692276186042e-01
1.003759994643201037e-01
1.004054182718673027e-01
1.004337397815145000e-01
1.004606903486000985e-01
1.004860236716813016e-01
1.005113945926656982e-01
1.005371382779934042e-01
1.005632020950345956e-01
1.005896110587791020e-01
1.006169802220221038e-01
1.006448716098683055e-01
1.006739224290511964e-01
1.007031899408289966e-01
1.007317085671251972e-01
1.007585596518038029e-01
1.007876336055098937e-01
1.008156024458403965e-01
1.008411090419597950e-01
1.008681801658032062e-01
1.008921743276311039e-01
1.009196123966824010e-01
1.009458283410629015e-01
1.009737172536834954e-01
1.009994535498200952e-01
1.010257612815873979e-01
1.010496227316698969e-01
1.010787706922983975e-01
1.011104176237723057e-01
1.011379300040811946e-01
1.011655694724386961e-01
1.011951316420774960e-01
1.012217195666692965e-01
1.012482484846454062e-01
1.012710214292931038e-01
1.012875575595156979e-01
1.013085404326086042e-01
1.013219776881889023e-01
1.013404752033048029e-01
1.013499967790851969e-01
1.013613136850751023e-01
1.013706014559155044e-01
1.013811750039086967e-01
1.013880849252273009e-01
1.013963918443914064e-01
1.014029617372042003e-01
1.014052121219271990e-01
1.014118789487581940e-01
1.014131450655191002e-01
1.014139286271523999e-01
1.014137054538019056e-01
1.014135546914840952e-01
1.014140600183364993e-01
1.014106254635784021e-01
1.014022434152331009e-01
1.013983102066426945e-01
1.013935782673038022e-01
1.013841428612328038e-01
1.013768709774063026e-01
1.013718989551369992e-01
1.013660351627578976e-01
1.013598128639530971e-01
1.013532960780594988e-01
1.013462860491152057e-01
1.013396395496934943e-01
1.013328293335930969e-01
1.013288908279798006e-01
1.013202687003360025e-01
1.013129428474869032e-01
1.013047583381083971e-01
1.012972064536690059e-01
1.012866083506333004e-01
1.012796647222762025e-01
1.012701709813744050e-01
1.012610469524865969e-01
1.012467617863767044e-01
1.012308362539968976e-01
1.012149848454293039e-01
1.011979550769543934e-01
1.011880350649008026e-01
1.011704756063197957e-01
1.011599640313411014e-01
1.011413257467839999e-01
1.011319664699014964e-01
1.011152206040956958e-01
1.010999625378944944e-01
1.010806779317760945e-01
1.010639680033088017e-01
1.010484966948343027e-01
1.010299427195936045e-01
1.010100176667271948e-01
1.009919018919973044e-01
1.009713719973018980e-01
1.009536978556005993e-01
1.009330419350916025e-01
1.009152030699151936e-01
1.008959265555487983e-01
1.008759397967528976e-01
1.008548498851817021e-01
1.008283363130144938e-01
1.008101856132149060e-01
1.007903522090805998e-01
1.007772804367509933e-01
1.007577833184240962e-01
1.007475154632128944e-01
1.007322728169361969e-01
1.007129611875167974e-01
1.006961897866544969e-01
1.006791856459150064e-01
1.006580527919470058e-01
1.006425838818540003e-01
1.006161073552975932e-01
1.005927862152972974e-01
1.005715320969987059e-01
1.005480749769016996e-01
1.005237052314175011e-01
1.005040303143913960e-01
1.004763898958483948e-01
1.004533978498731994e-01
1.004266896325518993e-01
1.004054162926465987e-01
1.003768811861416033e-01
1.003544554423247970e-01
1.003308829048040057e-01
1.003055046882184997e-01
1.002804962440329989e-01
1.002564793788392056e-01
1.002299324100156958e-01
1.002071808790187951e-01
1.001826833348427037e-01
1.001593652145942037e-01
1.001344936418143983e-01
1.001109544623852016e-01
1.000868771124546058e-01
1.000635071339305016e-01
1.000438221432018021e-01
1.000199684182730003e-01
9.999634813696199609e-02
9.997636758075509333e-02
9.995370055735200432e-02
9.992956719846030067e-02
9.991092510606700006e-02
9.988776462846370163e-02
9.987409903272169431e-02
9.985167862672829353e-02
9.983466330355829366e-02
9.981411570402340394e-02
9.979920231897189409e-02
9.978083133177499675e-02
9.976713099488900005e-02
9.974915846031780220e-02
9.973470450650799568e-02
9.972128391309340034e-02
9.970741763470550301e-02
9.969570782410630549e-02
9.968350990340979489e-02
9.967271495090790356e-02
9.966174845902470159e-02
9.965250766787210612e-02
9.964374936818390371e-02
9.963410499626809691e-02
9.962697161795890100e-02
9.961700627633969518e-02
9.961083535809109324e-02
9.960655081022490309e-02
9.960114255396200489e-02
9.959676664103529753e-02
9.959299739540880547e-02
9.959130761918340291e-02
9.958676258505720635e-02
9.958392603669180554e-02
9.958290315112590385e-02
9.958376657054660019e-02
9.958215764544990634e-02
9.958304609031720656e-02
9.958384229097040630e-02
9.958511218851889835e-02
9.958627805609410188e-02
9.959173529965199834e-02
9.959219943576079481e-02
9.959498728293859904e-02
9.959673183473960467e-02
9.960187133054579367e-02
9.960748554967409352e-02
9.961022463631359625e-02
9.961997127823149500e-02
9.962346851430090022e-02
9.962933290189339430e-02
9.963668771170909599e-02
9.964262977777330055e-02
9.965184842116420194e-02
9.965740938397689430e-02
9.966573376477780299e-02
9.967511667192660574e-02
9.968186068459740368e-02
9.968893011094499823e-02
9.969852633978010248e-02
9.970588377708010375e-02
9.971824169797049997e-02
9.972253474156819730e-02
9.973201475142159933e-02
9.974090914183479650e-02
9.974982384470769403e-02
9.975633528537379557e-02
9.976326196653730050e-02
9.977498013114889652e-02
9.978312346341790262e-02
9.979206564265639956e-02
9.979803470972770096e-02
9.980719530702079900e-02
9.981666642170219927e-02
9.982147188423079465e-02
9.982942235444050572e-02
9.983825657045619639e-02
9.984351778482590534e-02
9.984894907809699349e-02
9.985417630657990318e-02
9.986143632992000585e-02
9.986713870326140163e-02
9.987354946188679861e-02
9.987922749113689602e-02
9.988541722188920557e-02
9.989214478567899624e-02
9.989571767881909314e-02
9.989891238267549489e-02
9.990349197885919907e-02
9.990391736423649693e-02
9.990978511475380464e-02
9.991249725089780542e-02
9.991654946874610477e-02
9.992264030719280599e-02
9.992339556645629672e-02
9.992509601709939626e-02
9.993085039968720162e-02
9.993264560015920062e-02
9.993379872186210211e-02
9.993792753784899729e-02
9.993870137127089381e-02
9.994256769063139534e-02
9.994192810870800026e-02
9.994546431516769525e-02
9.994762385043720609e-02
9.994911695344489699e-02
9.995096005071719969e-02
9.995252851744100553e-02
9.995541256632879679e-02
9.995722270809929977e-02
9.996047761981489976e-02
9.996241428412039332e-02
9.996519487282559679e-02
9.997049184010360634e-02
9.996957510637309585e-02
9.997221886326859708e-02
9.997364689643380153e-02
9.997687121515000386e-02
9.997870541676430467e-02
9.998053942348719692e-02
9.998123928477070654e-02
9.998834428076999736e-02
9.999172327095799673e-02
9.999374759244729349e-02
9.999559773246240180e-02
9.999817616037499912e-02
1.000005870145818931e-01
1.000062337826665981e-01
1.000078604783811997e-01
1.000125346034789059e-01
1.000133472841907012e-01
1.000175258328906969e-01
1.000199084269366018e-01
1.000226436123977936e-01
1.000254353470400037e-01
1.000259086067516040e-01
1.000276936521863058e-01
1.000303425481764014e-01
1.000352965710564063e-01
1.000392900710154048e-01
1.000366659819497961e-01
1.000417698995556964e-01
1.000428680196442932e-01
1.000426639512904947e-01
1.000440279018685041e-01
1.000446620511546980e-01
1.000455169756811064e-01
1.000452928094199001e-01
1.000448968011588974e-01
1.000426005180944933e-01
1.000406134063785979e-01
1.000365149187284058e-01
1.000381380049249064e-01
1.000310527061065019e-01
1.000285499721047938e-01
1.000267245102147012e-01
1.000233869533733028e-01
1.000147973744508062e-01
1.000114186230161989e-01
1.000033269363728022e-01
9.999816328815350208e-02
9.999525776552739553e-02
9.998482756847100472e-02
9.997573757464750521e-02
9.996792769757699426e-02
9.995770693391070605e-02
9.995246331577610499e-02
9.994270401303829987e-02
9.993180633520279410e-02
9.992282583108119676e-02
9.991136138388720389e-02
9.990240917671719401e-02
9.989182419100099686e-02
9.987892003415810294e-02
9.987077164469569668e-02
9.986190915228250475e-02
9.984964623583590659e-02
9.983958077604050685e-02
9.983266989444500306e-02
9.982002543595940025e-02
9.981241553821419699e-02
9.980339570324789356e-02
9.979214035275429939e-02
9.978327544220580436e-02
9.977589135370089346e-02
9.976659808884549840e-02
9.975772241193919809e-02
9.975066724769099391e-02
9.974433501361550103e-02
9.973729178511139826e-02
9.972598799095909461e-02
9.972281803605209660e-02
9.971689159044989925e-02
9.971032304470950347e-02
9.970502988297630376e-02
9.970078782427059527e-02
9.969158766662690463e-02
9.968644219676940643e-02
9.968445403409209593e-02
9.967885114204519392e-02
9.967585620264660107e-02
9.967420865502869820e-02
9.966978445019039623e-02
9.966412937578239539e-02
9.966168110161610638e-02
9.965540366082810408e-02
9.965780231491000452e-02
9.965424259038090093e-02
9.965506188762769668e-02
9.965150671419130413e-02
9.965350294167500678e-02
9.965199951588349370e-02
9.965008586159700144e-02
9.965064841191820233e-02
9.965211538356709420e-02
9.965121307136259876e-02
9.965054283935000090e-02
9.965242012237540692e-02
9.965212955479220425e-02
9.965253709617580280e-02
9.965300492963780066e-02
9.965395397992909965e-02
9.965585205790999934e-02
9.965982065126320621e-02
9.965997724591289797e-02
9.966070008534029523e-02
9.966399963208390222e-02
9.966383850155920154e-02
9.967068600669949652e-02
9.967120536274200193e-02
9.967279228488619414e-02
9.967259699647490478e-02
9.967401313725220147e-02
9.967765367666639453e-02
9.967935007218919896e-02
9.968111547288080465e-02
9.968512212109720272e-02
9.968605310635900163e-02
9.968832258034289462e-02
9.969249386249580402e-02
9.969570047051770634e-02
9.970242194126960333e-02
9.970003051822870499e-02
9.970430415157389981e-02
9.970703079283620152e-02
9.971048319695420548e-02
9.971130888961320105e-02
9.971493413980049569e-02
9.971915156027649774e-02
9.972361318939690356e-02
9.972640200425279822e-02
9.973083823014959604e-02
9.973481733162489760e-02
9.973624909251109505e-02
9.973964104679540477e-02
9.974290056796260295e-02
9.974800579448210580e-02
9.975292588629200430e-02
9.975869796236690179e-02
9.976314302877520301e-02
9.976724903263280153e-02
9.977340236908480153e-02
9.977574850306999976e-02
9.978343110349009726e-02
9.978874634990260450e-02
9.979548179126619678e-02
9.980285414255710141e-02
9.980894171750689936e-02
9.981788260880650188e-02
9.982528486254850508e-02
9.983286674204359945e-02
9.984442152162729955e-02
9.985093246107019926e-02
9.986117215501859323e-02
9.987312724127289654e-02
9.988154503613909385e-02
9.989262465460209406e-02
9.990441024238209955e-02
9.991599496637719457e-02
9.992772072876039691e-02
9.993940710124950277e-02
9.995104179075460504e-02
9.996399764763459761e-02
9.997773968328610428e-02
9.999369893907629481e-02
1.000044495870404948e-01
1.000203027546733014e-01
1.000337111973985948e-01
1.000510881640957056e-01
1.000673829372217966e-01
1.000834321656630943e-01
1.000981928532097970e-01
1.001180518110330042e-01
1.001417541508149017e-01
1.001690284195192043e-01
1.001933134846545032e-01
1.002140951015537962e-01
1.002392010840428005e-01
1.002613787828151998e-01
1.002881204077823996e-01
1.003119748104694953e-01
1.003353851288389942e-01
1.003562604607152048e-01
1.003781604783395981e-01
1.004080450695590959e-01
1.004273576112216931e-01
1.004469683049094980e-01
1.004678903352742986e-01
1.004881303557769029e-01
1.005118310035753998e-01
1.005340971336646932e-01
1.005536235818123986e-01
1.005727088375275996e-01
1.005922674146066953e-01
1.006101423965681946e-01
1.006259465461697977e-01
1.006468817867121057e-01
1.006651210575130045e-01
1.006792787804351996e-01
1.007005182320016012e-01
1.007161957465708968e-01
1.007339344453529045e-01
1.007511899694113061e-01
1.007670785851698947e-01
1.007833661458556046e-01
1.008011184862790954e-01
1.008169793830197974e-01
1.008342780716716958e-01
1.008472907145687020e-01
1.008657177639152996e-01
1.008806577978575009e-01
1.008983406669956007e-01
1.009125735150844944e-01
1.009310044648041998e-01
1.009412542156759018e-01
1.009571850653230018e-01
1.009712781059720066e-01
1.009818783823931976e-01
1.009992903486883059e-01
1.010141837885848992e-01
1.010291030107099003e-01
1.010424424255715048e-01
1.010528152327472978e-01
1.010627134584328041e-01
1.010752321258660963e-01
1.010848486344081004e-01
1.010935366421972931e-01
1.011045506923232001e-01
1.011140415093074035e-01
1.011216595856695016e-01
1.011282632369343987e-01
1.011322383425504040e-01
1.011393185532902944e-01
1.011445859025716931e-01
1.011485646340020972e-01
1.011549173529595058e-01
1.011553956817407979e-01
1.011552920356634938e-01
1.011558901360014029e-01
1.011560690514635985e-01
1.011563475405154039e-01
1.011576514809996996e-01
1.011540769309162979e-01
1.011520833679496051e-01
1.011501737397817041e-01
1.011487125788558955e-01
1.011459023677042934e-01
1.011425243768405979e-01
1.011371161460919016e-01
1.011334386013948983e-01
1.011278641045846027e-01
1.011226483754276984e-01
1.011132381876798936e-01
1.011084041687169005e-01
1.011053122457512971e-01
1.010958732881258038e-01
1.010878606219269976e-01
