1.172670234643710785e+00
1.193628188451794081e+00
1.292822371528105529e+00
1.280579259288236127e+00
1.272368535671585921e+00
1.267395039842458937e+00
1.356959281537423179e+00
1.248520387107403318e+00
1.379089404174564271e+00
1.465124596251921485e+00
1.244135567528704467e+00
1.327949935045666274e+00
1.271306570548357273e+00
1.233256646921738309e+00
1.308965335249660855e+00
1.191815346652353558e+00
1.200519798631195068e+00
1.098162904833297038e+00
1.332092890085862624e+00
1.255018805938008519e+00
1.045546112554082807e+00
1.330127850213316920e+00
1.476747901579043454e+00
1.412258638301993274e+00
1.095676818675247688e+00
1.131833712115019930e+00
1.427764904468795670e+00
1.250431433026234718e+00
1.065939104370900115e+00
1.363933106121939742e+00
1.187829053734278828e+00
1.230495246205101090e+00
1.093341679697505509e+00
1.327307200042917801e+00
1.344428686182190358e+00
1.248483724391164618e+00
1.118457106610143637e+00
1.457572922920738590e+00
1.469703651562656033e+00
1.272742869549026379e+00
1.303369552334466164e+00
1.535004814993423450e+00
1.492871816670027441e+00
1.434846270684180247e+00
1.528558217505833650e+00
1.536232510887665770e+00
1.506193576660979971e+00
1.565331332836092271e+00
1.416427422902406752e+00
1.564662264426889715e+00
1.528948457514255566e+00
1.534363125870970679e+00
1.436170900775004089e+00
1.530594822820517509e+00
1.433135847221312043e+00
1.537141340197935246e+00
1.381273500781325048e+00
1.566115390148518305e+00
1.540715873397235258e+00
1.272114078464370968e+00
1.385502684314098287e+00
1.461640004957478700e+00
1.401636997400729001e+00
1.275521456836065326e+00
1.532866388478371755e+00
1.189197575395287476e+00
1.350927131854340324e+00
1.477357080259503075e+00
1.388150224596116811e+00
1.324277464483846645e+00
1.325295185689173483e+00
1.364543365340688430e+00
1.464029973864918732e+00
1.390862581324652680e+00
1.286764347790114282e+00
1.319436473976336899e+00
1.504636789022265164e+00
1.338650908704658971e+00
1.400983702143772547e+00
1.409482998860655201e+00
1.458421473702566695e+00
1.493323242169159570e+00
1.435985621738686824e+00
1.387523762884124601e+00
1.447929903127342710e+00
1.358659095222352287e+00
1.564488414262119154e+00
1.437299835946066251e+00
1.388435997295650370e+00
1.495674069954246566e+00
1.546838086499726872e+00
1.408823827597311729e+00
1.365436769799903916e+00
1.464233830690649052e+00
1.399369810813730020e+00
1.377951418985552179e+00
1.392933301300842697e+00
1.433963201494639961e+00
1.386551162773796753e+00
1.495602413274136122e+00
1.393916499877724258e+00
1.422843633573315225e+00
1.424651157542071722e+00
1.436639362711704893e+00
1.433945029360605972e+00
1.440932209365668903e+00
1.454544883484911733e+00
1.478008009364252251e+00
1.500239796084883004e+00
1.445960575665560022e+00
1.488813934312192222e+00
1.474300605743724235e+00
1.494536395895541547e+00
1.526080731719147154e+00
1.558173202239726995e+00
1.504639872235929987e+00
1.489333701153161105e+00
1.441505982760349136e+00
1.380955616986276224e+00
1.339997975977015088e+00
1.318443687174741807e+00
1.271823628436266729e+00
1.220399456889101231e+00
1.170891178311018965e+00
1.113694124868228386e+00
1.075981478048871454e+00
1.046160151707014041e+00
1.029962916175318322e+00
9.771779090427565873e-01
1.001881989418444086e+00
9.570017034145147372e-01
9.185920725686189670e-01
9.214336807928328321e-01
9.099925372251818079e-01
8.871771467043054749e-01
8.861411496433150292e-01
8.826290546253142688e-01
8.665338181012361973e-01
8.648182375351721740e-01
8.554500851899885516e-01
8.345414061186665622e-01
8.453741489252271091e-01
8.069149904209256263e-01
8.049981555201630723e-01
7.825325037589313526e-01
7.575419850277701483e-01
7.559110776148479927e-01
7.374298701718161597e-01
7.387174784170198460e-01
7.319462015636969410e-01
7.160269226199358350e-01
7.146346457063162960e-01
7.120069135849538267e-01
6.838574103241251700e-01
6.979348421812154868e-01
6.922155094900118710e-01
6.581270824488443250e-01
6.690245167677646432e-01
6.275494379372311693e-01
6.578248089814970889e-01
6.365773006524467759e-01
6.355213184059305132e-01
6.244826900764882671e-01
6.188505911867303588e-01
6.207666252584889133e-01
6.113734046413463741e-01
5.976495100580160313e-01
6.118588602920328468e-01
6.094029291336093834e-01
6.047290384649542938e-01
5.946487202187827892e-01
5.956205381714378966e-01
6.305925606282242191e-01
5.811717924664174806e-01
6.047006841443501868e-01
5.968317116505914566e-01
5.833111382536311229e-01
5.846873419740993283e-01
5.874920230772834318e-01
5.840441821839104097e-01
5.843035501517446217e-01
5.836208155346405135e-01
5.734805083516616442e-01
5.799213743090569917e-01
5.871436799814250262e-01
5.849774387603842163e-01
5.836806302054964313e-01
5.761102834203287726e-01
5.761299683668938965e-01
5.575111424623920842e-01
5.684895119304289590e-01
5.560902357209409619e-01
5.540902284998163729e-01
5.523913130279581862e-01
5.495897294261824495e-01
5.483389589930076635e-01
5.467469609044673939e-01
5.478683403423236786e-01
5.399611939929496174e-01
5.476785594260620282e-01
5.245463776801674305e-01
5.375512340312371684e-01
5.412949340038967216e-01
5.424393164509425658e-01
5.381391884717545704e-01
5.236581467463519157e-01
5.392576127243764450e-01
5.398771237831074821e-01
5.317106392257565650e-01
5.530618893937330194e-01
5.401621893903545413e-01
5.266778743880611291e-01
5.490359410587080102e-01
5.460876762316915212e-01
5.418368361992885740e-01
5.447857657977078771e-01
5.463292184289405551e-01
5.437978429491109322e-01
5.477911486548860953e-01
5.498925324021268768e-01
5.482936292391369371e-01
5.446194959464443208e-01
5.504350627539089658e-01
5.476436476639310325e-01
5.527429801117110797e-01
5.517671061532570809e-01
5.458785145580783427e-01
5.496912976514687355e-01
5.451441537271775051e-01
5.436132880006061541e-01
5.593475903523241755e-01
5.497870466989434046e-01
5.514003603352002347e-01
5.467570158714611939e-01
5.532029109736404937e-01
5.499964792317457718e-01
5.505733049918291044e-01
5.506130067764252178e-01
5.550688206046731077e-01
5.527904742634890400e-01
5.543479795420201972e-01
5.709060222272306362e-01
5.677547020083633100e-01
5.563842672720809013e-01
5.783741519891909544e-01
5.670213003588289169e-01
5.677957140459353180e-01
5.629214173570433744e-01
5.603935182127989245e-01
5.733798223086380430e-01
5.681929188648326967e-01
5.689388228847144235e-01
5.891673973960311894e-01
5.842830777167958844e-01
5.890435096153421313e-01
5.694504743715594897e-01
5.789971016866827247e-01
5.797201152379303224e-01
5.781666985726106045e-01
5.840636739346710682e-01
5.908514588120432620e-01
5.777047597719831007e-01
5.950660857841628681e-01
5.834696865504565011e-01
6.067364606334720856e-01
5.844075082987245651e-01
5.855672757335872447e-01
5.831929968059891278e-01
5.930566623931986525e-01
5.917095267342020737e-01
5.915380156290866998e-01
6.107051800065734781e-01
5.970123331151686585e-01
6.002611000202724423e-01
6.000869388114165037e-01
6.173252963371265167e-01
6.292479785405250547e-01
6.108959183111787317e-01
6.126137917519766107e-01
6.073342023706966852e-01
6.444283767243209615e-01
6.404791206903520662e-01
6.066539572769851230e-01
6.127714001124081600e-01
6.140410517633329013e-01
6.105451136372082033e-01
6.323760398714679543e-01
6.035392015953737754e-01
6.074162976901948952e-01
6.303872290317568128e-01
6.416574137982405945e-01
6.383790216267660744e-01
6.135458685262766831e-01
6.218663634131869067e-01
6.212501424050461685e-01
6.098229795797961428e-01
6.143018720212546357e-01
6.198926184359745406e-01
6.022411833086347421e-01
6.203263339962183931e-01
5.970428475898633680e-01
5.891508088467437565e-01
5.939217661069157161e-01
6.019462388565844924e-01
5.988969133169067538e-01
5.903961714160678165e-01
5.990642605259369757e-01
5.846439894826962469e-01
5.871589902506323400e-01
5.891995328751801209e-01
5.950361317228931579e-01
6.070122090219034483e-01
5.949531046110645427e-01
5.843580215417047974e-01
5.894651327482591796e-01
5.852126444303326069e-01
6.073429601626549879e-01
5.979333337697079198e-01
5.857354463225316055e-01
5.911109082164198725e-01
6.122147246506451923e-01
6.175535199228411321e-01
6.051571238011345111e-01
5.906053206758679064e-01
5.809413376482633895e-01
5.851915410069145063e-01
5.736569937007965914e-01
5.717725223836186421e-01
5.729980453093411752e-01
5.806596597254126690e-01
5.835460183796991052e-01
5.739258160996402180e-01
5.697327933214334506e-01
5.722669933639202844e-01
5.672140139095522837e-01
5.687216342221881327e-01
5.707684259571972341e-01
5.730493163922396604e-01
5.729434951322951441e-01
5.684220378006047403e-01
5.679144634605092223e-01
5.752170945093626475e-01
5.756009052258134195e-01
5.747502223718415904e-01
5.697740771959942663e-01
5.794645230655687262e-01
5.767399540613464826e-01
5.730808229738184600e-01
5.846508588638612558e-01
5.727119872978529980e-01
5.717084030863098798e-01
5.712984709494745017e-01
5.668734551524069465e-01
5.773128260517970123e-01
5.755312349566972241e-01
5.664774051611279893e-01
5.658445022466499497e-01
5.593690886173123822e-01
5.669961521585119568e-01
5.751706358170944888e-01
5.552059171286440886e-01
5.831743994428201239e-01
5.635443365956214201e-01
5.821073051594253256e-01
5.723311356666015426e-01
5.639323948660517338e-01
5.881153516389671099e-01
5.667961459592892881e-01
5.975050019502435861e-01
5.736136568039552630e-01
5.686963154901879536e-01
5.650825192007009612e-01
5.630331525704699303e-01
5.864421815688507511e-01
5.909492596848223700e-01
5.859191870823518000e-01
5.943811430241479066e-01
5.975283675564415642e-01
5.859258367403802348e-01
5.751200851651904200e-01
5.842664304217213278e-01
5.906592218941457695e-01
6.046293971527426647e-01
5.989059925524582439e-01
5.981816361169337570e-01
5.889055386238675194e-01
6.040725535045426975e-01
5.887572771847561226e-01
5.945211764155173828e-01
5.968614449758179452e-01
5.929456302396628464e-01
6.065928049063343819e-01
5.952652879896732641e-01
5.964016092343409348e-01
6.039247852161158114e-01
5.971641740920313746e-01
6.017042634111271493e-01
5.946909813203491435e-01
6.013833017947151083e-01
6.015355674821780685e-01
6.054919194742486299e-01
6.046976867037177072e-01
6.162857831225544425e-01
6.196963098938594872e-01
6.270248522058879947e-01
6.339309125287712066e-01
6.319122668878722759e-01
6.333154331880949117e-01
6.204628231638557034e-01
6.331034010274971813e-01
6.706254859002822588e-01
6.390072182607658968e-01
6.685511124116790826e-01
6.568042312764424961e-01
6.583221756013384329e-01
6.928372546893503126e-01
7.051742376832781378e-01
7.288414794046025325e-01
7.345422040316806900e-01
7.477771366316402490e-01
7.486666395108846350e-01
7.446027119435000285e-01
7.508205738543092256e-01
7.405815039361224317e-01
7.506960824595760862e-01
7.291213245403617149e-01
7.242248135738834636e-01
7.307424552138607199e-01
7.063268340912920440e-01
7.075583732601239406e-01
6.997098031709041432e-01
6.831542860239966375e-01
6.696075634064150295e-01
6.678091931597290865e-01
6.509619430540651841e-01
6.655341395440975694e-01
6.367419405934517940e-01
6.411861642872322964e-01
6.148326066054793371e-01
6.288737359338351096e-01
6.089457603124301954e-01
5.883482580452815691e-01
6.000574979541402065e-01
6.136997970158386551e-01
6.021985246666232694e-01
5.861899217315459376e-01
5.850504196997546869e-01
5.874279076619438600e-01
5.931214673892577505e-01
5.820762580611328341e-01
5.752446716862433806e-01
5.893686236987197846e-01
5.880259501186290150e-01
5.858479479945100099e-01
5.901252404555924480e-01
5.803269254082542572e-01
5.828299481836621831e-01
5.864044374924456404e-01
5.829045674708251967e-01
5.976285863455703673e-01
5.770905022386236816e-01
5.905875738648002082e-01
5.904266580597130609e-01
5.918097392100239995e-01
5.867103032654412686e-01
5.960179953406135045e-01
6.038919405119492767e-01
5.881817347461588685e-01
5.863135564757711027e-01
5.994243719796484848e-01
5.840214326343616813e-01
6.004044785941515805e-01
5.923328899218022192e-01
5.922847009970743093e-01
5.866609248740878302e-01
5.913828464477693947e-01
5.843375349252278861e-01
5.946330937487422919e-01
5.927058051253654147e-01
5.985798740436163445e-01
5.861196620627815435e-01
5.856044321130077224e-01
5.822802295733678912e-01
5.864079162307823667e-01
5.909385021329131016e-01
5.852580334606444223e-01
5.803646175530127183e-01
5.742876586908463032e-01
5.675104103978013681e-01
5.701173371145172863e-01
5.667022413018568683e-01
5.639453245595515973e-01
5.668929699686588997e-01
5.589376506996502902e-01
5.555604479819613584e-01
5.547725983684715922e-01
5.529112206815813835e-01
5.608802193167845562e-01
5.543294813197512383e-01
5.418457402756651220e-01
5.508193654420582286e-01
5.514978132671302102e-01
5.450686599154376255e-01
5.426148481618207065e-01
5.487728816560559775e-01
5.450362966926147745e-01
5.501653089225577720e-01
5.483542109102869100e-01
5.435129851140705348e-01
5.473778307060630510e-01
5.505567126934356459e-01
5.384687288943711403e-01
5.478465053319558908e-01
5.432253572162111244e-01
5.453870057197313104e-01
5.432358423414014315e-01
5.381705084669562433e-01
5.453911894062175580e-01
5.500679547248412682e-01
5.413826294118507798e-01
5.431756147875621554e-01
5.398755874182566972e-01
5.401076990375854869e-01
5.415202457409050707e-01
5.421543258450121083e-01
5.459037562645301378e-01
5.425159466068898428e-01
5.424511043872262128e-01
5.387164839772727865e-01
5.448630857643577130e-01
5.427338630472899883e-01
5.413612074758828996e-01
5.460505500129688716e-01
5.485029116299369178e-01
5.477876722623190586e-01
5.426469741678167091e-01
5.516567202894875344e-01
5.582619240405805039e-01
5.487591617257260301e-01
5.605212127263066169e-01
5.524990069776813950e-01
5.675143955821084774e-01
5.651835925421684337e-01
5.696609217791285262e-01
5.728266109887076851e-01
5.617802541390040094e-01
5.648816065834311173e-01
5.680034584924494867e-01
5.668321780271131649e-01
5.749820798348496131e-01
5.696625580797943789e-01
5.784840525765942987e-01
5.779240140561555661e-01
5.570593166484660852e-01
5.701722505089765747e-01
5.766033979119967734e-01
5.611371162857226036e-01
5.764487867067172866e-01
5.689274848873328017e-01
5.783682956146045662e-01
5.645946274677038357e-01
5.689443429389220430e-01
5.622297904089912368e-01
5.758863997780581112e-01
5.730843865014562111e-01
5.730352003893819379e-01
5.667796515662057999e-01
5.731297892374354053e-01
5.757307489812124590e-01
5.673838670842628051e-01
5.531000440077911140e-01
5.497361132871322331e-01
5.534096074435622681e-01
5.667035625494349915e-01
5.748942974873567646e-01
5.635385203285985245e-01
5.702759981300834502e-01
5.625337112149072505e-01
5.613937426944880515e-01
5.707212437019630880e-01
5.652387949850719018e-01
5.645053992235156137e-01
5.598210324608107191e-01
5.708885781273561610e-01
5.640443429280002086e-01
5.705609692137720845e-01
5.648757317545767265e-01
5.651460876662175448e-01
5.643839076946379762e-01
5.683443668022749584e-01
5.589695146902394773e-01
5.651287818708022881e-01
5.646477750295815223e-01
5.722624330762142719e-01
5.695315494736057360e-01
5.695119700177362354e-01
5.614604847601178950e-01
5.646333801416059117e-01
5.724775413947400526e-01
5.873580778295051097e-01
5.706210251815987400e-01
5.706696717444618150e-01
5.650873709088661823e-01
5.672920782240450377e-01
5.768564239007787364e-01
5.662628400496760861e-01
5.663686383815014214e-01
5.641282185426368390e-01
5.583501093480220945e-01
5.580313111346426602e-01
5.621144234121076000e-01
5.705046129163967583e-01
5.702457787577650539e-01
5.602742941314466929e-01
5.618107379350114616e-01
5.648599817537938161e-01
5.574420594544520213e-01
5.665343379534616419e-01
5.747097802219026663e-01
5.580435475096007236e-01
5.634159823178911397e-01
5.678426533575906543e-01
5.642945057630892602e-01
5.659727930500916271e-01
5.727451540146015763e-01
5.806410879200687436e-01
5.898795795249808238e-01
6.021218028596817540e-01
6.062793613272090543e-01
6.213878867229566394e-01
6.113601261616585791e-01
6.346266978482706378e-01
6.605539090840528704e-01
6.775111575491091775e-01
7.071224845696808536e-01
7.459157639125825190e-01
7.764788758406969693e-01
7.925883293609419233e-01
8.048301196807207125e-01
8.159949944716961001e-01
8.746206547029530265e-01
9.336953766743115724e-01
9.361824199838693072e-01
9.617447633654254702e-01
1.021010970430870746e+00
1.207855312279838778e+00
1.155401409072839725e+00
7.557309356161493463e-01
7.687931430336667482e-01
8.989536055337734588e-01
9.594963378537687548e-01
1.020852362258648727e+00
1.176402294046286601e+00
1.174275629935247478e+00
1.209230972540915161e+00
1.268454317124058983e+00
1.289037837502540418e+00
1.313032208489874231e+00
1.330342175151307815e+00
1.319076236211025099e+00
1.307715105397886379e+00
1.342158955100370532e+00
1.305925973583224264e+00
1.314560505703604498e+00
1.304976818725088972e+00
1.306792610452274905e+00
1.314888215648825964e+00
1.289811679043615156e+00
1.305619889484683327e+00
1.296584408774680508e+00
1.293316023672505199e+00
1.308404549294918340e+00
1.254952446989639148e+00
1.281947521454953609e+00
1.287923343101001539e+00
1.263929820344364519e+00
1.236355791497820267e+00
1.247677868765436848e+00
1.222350528791735780e+00
1.212058241994627084e+00
1.218042466464148488e+00
1.224822618514305406e+00
1.225463938382388873e+00
1.194200506995632294e+00
1.148468087860148090e+00
1.140797601269469830e+00
1.130477065697025107e+00
1.116844965604503415e+00
1.147440369729891829e+00
1.116688601010024540e+00
1.126226757895801178e+00
1.102921544135105902e+00
1.095753415642611417e+00
1.060106086575180129e+00
1.060509943214401618e+00
1.022388734436359581e+00
1.034473203509768346e+00
9.994858617479467355e-01
9.877125412589169429e-01
9.775222318714473779e-01
9.651055930211138723e-01
9.305103177919112900e-01
9.216555867573305028e-01
9.022985544239220390e-01
8.901581495627876039e-01
8.785886252575648703e-01
8.562456615891916867e-01
8.410367480331868428e-01
8.431199152265389518e-01
8.260344420624116113e-01
8.202613719716481677e-01
7.959570091360214095e-01
7.945421401209286083e-01
7.841385500585424939e-01
7.715085931613520076e-01
7.482842941887517529e-01
7.512557505563512983e-01
7.615924522226590332e-01
7.627529430536056365e-01
7.518186525079013638e-01
7.501223893381843144e-01
7.301128384169629504e-01
7.348337301336469451e-01
7.284057790061061466e-01
7.122637511879545968e-01
7.210082518550209318e-01
7.052419978581498938e-01
7.044715318735137455e-01
6.996037787481963477e-01
6.676386785965232606e-01
6.712597472202586069e-01
6.653582617667660459e-01
6.550823535077627824e-01
6.355063574356304423e-01
6.424215047895660557e-01
6.232654512181012851e-01
6.212560996234118837e-01
6.263619599915807301e-01
6.205061836096315009e-01
6.087501958077078390e-01
6.098375888341857065e-01
6.014646590999603859e-01
6.031908555432244912e-01
6.080807045584399884e-01
5.955237357707687806e-01
5.846051707697843547e-01
5.829220016357962164e-01
5.876792551882904503e-01
5.761691433850492094e-01
5.776518753669829254e-01
5.780591349128590961e-01
5.714679148796760755e-01
5.746675271710760535e-01
5.780515549197231540e-01
5.706679283873192787e-01
5.678853728735722139e-01
5.681643156581547283e-01
5.646012113485814332e-01
5.662789204890643635e-01
5.655706898759339518e-01
5.595699678131824673e-01
5.707906628680340377e-01
5.694241769012209353e-01
5.610643668396727568e-01
5.603237526986454276e-01
5.648953457934399180e-01
5.614639254805460222e-01
5.590930178031696673e-01
5.525469629799222293e-01
5.728887145431547090e-01
5.500740243320367817e-01
5.508744622027206272e-01
5.482166953545903887e-01
5.484374043596123016e-01
5.568148314798742060e-01
5.477834305221503941e-01
5.517647611524393314e-01
5.394443158842088248e-01
5.738496863667957859e-01
5.377424462407648376e-01
5.460000612536179965e-01
5.533965700151390887e-01
5.459988703063233251e-01
5.497401910769910138e-01
5.438172665107942061e-01
5.381307267460584409e-01
5.349749595980599626e-01
5.351375356963598007e-01
5.460248255784211358e-01
5.318599466836556600e-01
5.603677510607589785e-01
5.337090729393553223e-01
5.502613949638668345e-01
5.510798234502778392e-01
5.478612718490158962e-01
5.392709936565859286e-01
5.590041745642360116e-01
5.349895576652750062e-01
5.481616338140523625e-01
5.451276813298906454e-01
5.360695162758450927e-01
5.394453746514662473e-01
5.346060829756382748e-01
5.469654119864468811e-01
5.365723210194872639e-01
5.429826177893151140e-01
5.318467057574813861e-01
5.369804245213453120e-01
5.392458769983770051e-01
5.376002961112743561e-01
5.327746067239242933e-01
5.389509834175001401e-01
5.329273593538000897e-01
5.586337931292006953e-01
5.422283422661393626e-01
5.407571316056801747e-01
5.587771335170417242e-01
5.361104336818793836e-01
5.450753834506453233e-01
5.499472809491972036e-01
5.599198981338192604e-01
5.437765276045353202e-01
5.517549852337489957e-01
5.422205749161227439e-01
5.415377073546635556e-01
5.331779223085526542e-01
5.742834307637043612e-01
5.514114295670244914e-01
5.454066835379201006e-01
5.381831887756562960e-01
5.519580244905627486e-01
5.472991160110396436e-01
5.521094221588966899e-01
5.763931802114060643e-01
5.582123236306616443e-01
5.502246097663705537e-01
5.441256550029271999e-01
5.395279409200679499e-01
5.625162740632608793e-01
5.412162397502622291e-01
5.595181173730471302e-01
5.490658216070534170e-01
5.612987335280903434e-01
5.465469698663324438e-01
5.558779045317767675e-01
5.712088298063703329e-01
5.530706779529326322e-01
5.617988955911407123e-01
5.472313877871046728e-01
5.680800627609704501e-01
5.483287586035879846e-01
5.767498519272261648e-01
5.480592317051726781e-01
5.671889540456613865e-01
5.558437187105602639e-01
5.650560196382392597e-01
5.439192835801527348e-01
5.648857671977383088e-01
5.506306481999573288e-01
5.560921211916056706e-01
5.711681064215169412e-01
5.738254760031776813e-01
5.583988607795395964e-01
5.584919507516461490e-01
5.630972781707686003e-01
5.546985261464724148e-01
5.727314960626768148e-01
5.679418432888309054e-01
5.670322729306738196e-01
5.739350632844302247e-01
5.654270081782163393e-01
5.699765113060658583e-01
5.730405353671290669e-01
5.563384734033182122e-01
5.754218695861930133e-01
5.678615288188987309e-01
5.657166585567260375e-01
5.703773502141246121e-01
5.484250949976130496e-01
5.498541006665951247e-01
5.692671737958677758e-01
5.513272074697894709e-01
5.701186704611945766e-01
5.655710361272612285e-01
5.582635190375131451e-01
5.499121910102074962e-01
5.619350757360090931e-01
5.570531124214473939e-01
5.615113092341386114e-01
5.595022735307624284e-01
5.656765324582291310e-01
5.725389652846760713e-01
5.513558515280693184e-01
5.522967636152760207e-01
5.575420658171055255e-01
5.450582686605343063e-01
5.691507872014751612e-01
5.639086886482347349e-01
5.731325095079897736e-01
5.691636810795863699e-01
5.773635322627096444e-01
5.559361291427292739e-01
5.712226479775553978e-01
5.583345915074864330e-01
5.762205143426170073e-01
5.693846621911702321e-01
5.760956111030229865e-01
5.535983498434315919e-01
5.680505264781177122e-01
5.498921978431802193e-01
5.679829855051097276e-01
5.774016057411132108e-01
5.599157816953728162e-01
5.851254154048889378e-01
5.828093760376882315e-01
5.866754864278735937e-01
5.606306794576056962e-01
5.638658935576542630e-01
5.738541958695896339e-01
5.704669627112907149e-01
5.709980925767756954e-01
5.875842763150898040e-01
5.806776450092047126e-01
5.797651560628752643e-01
5.676503611036357588e-01
5.632210801527711697e-01
5.572117926391829679e-01
5.820362177389452052e-01
5.875895012151742813e-01
5.779243393607084167e-01
5.672733047749995983e-01
5.759304828215927596e-01
5.830351559975449627e-01
5.719474781221769444e-01
5.667999486894602645e-01
5.544909048338999558e-01
5.795282099289178479e-01
5.668907952757583635e-01
5.899687342809613044e-01
5.748520603831029918e-01
5.812138066436377537e-01
5.841955338094394490e-01
5.647084286415398058e-01
5.762717577700348093e-01
5.556453019497289425e-01
5.721152778124243277e-01
5.604038579514687424e-01
5.607116438912418399e-01
5.676731247271847858e-01
5.649376655663895797e-01
5.651935119100796046e-01
5.686035459872188502e-01
5.907062871635364587e-01
5.688692714178759102e-01
5.621571724931888614e-01
5.615439235887713654e-01
5.640384435093233062e-01
5.768052367962241966e-01
5.795152619040027098e-01
5.886651648086372868e-01
5.788888932043377844e-01
5.698478598313609922e-01
5.618087444760357929e-01
5.654790185876714670e-01
5.667105663970877227e-01
5.525898719821830118e-01
5.580276422630160438e-01
5.590668608539333118e-01
5.613851125005370202e-01
5.556619804038654964e-01
5.597911378970135132e-01
5.583076290293301769e-01
5.680518626530457471e-01
5.527164191514988278e-01
5.550947958852681108e-01
5.555635584950451289e-01
5.550190420261631452e-01
5.613741374973614251e-01
5.439238883979216066e-01
5.441060924170115776e-01
5.591790200868522742e-01
5.546150793158440839e-01
5.525799824749668687e-01
5.570120765619501757e-01
5.754572315885492229e-01
5.751824263102827128e-01
5.620387451565644898e-01
5.746025328300522483e-01
5.587646917917430400e-01
5.784922655330927421e-01
5.619683848651312319e-01
5.670095374437390534e-01
5.554399104827176803e-01
5.755639067462541281e-01
5.677627630999221298e-01
5.946957772429317668e-01
5.833597058397560486e-01
5.799887059624952990e-01
5.942029143726196283e-01
5.949993550465877412e-01
5.990038924268581422e-01
6.124992488708661531e-01
6.283185364559540353e-01
6.312572869272058407e-01
6.406634995405298127e-01
6.521367605240049325e-01
6.546843505274529962e-01
6.668938648940105907e-01
6.959117383395512224e-01
7.002773926035099628e-01
7.286363714990723439e-01
7.528224871612850810e-01
7.681472403194370413e-01
7.624390784046274350e-01
8.249828462858357359e-01
7.723102875013293511e-01
8.224050169569643298e-01
7.752490066447619288e-01
7.634146059289453889e-01
7.553031953897553219e-01
8.007667136500513649e-01
7.935196855154375006e-01
8.313034796270806215e-01
8.716884184852200512e-01
9.695910253135906487e-01
1.000214877287826765e+00
1.074028064907610158e+00
1.155098783340333002e+00
1.282788292887652837e+00
1.378544855981300943e+00
1.434022780536326369e+00
1.364593593324867404e+00
1.354192008378847012e+00
1.361306780692572937e+00
1.384377056879843915e+00
1.385901244777630659e+00
1.410482224226467407e+00
1.396434129805335989e+00
1.419017561524958948e+00
1.386894264923069553e+00
1.397736226885419430e+00
1.358415369612107071e+00
1.363228695000882729e+00
1.326694288563593727e+00
1.322621558600123759e+00
1.332293878925645991e+00
1.338561439882643977e+00
1.348511548234113011e+00
1.318782141805610042e+00
1.339879723941608924e+00
1.338776853093143648e+00
1.309561569119214397e+00
1.298463095370747000e+00
1.283725396431006249e+00
1.268238005565408999e+00
1.266876848189647964e+00
1.268912170137887818e+00
1.267328671594312617e+00
1.247583193003279911e+00
1.242044811085019962e+00
1.231422911817170451e+00
1.217665902547363288e+00
1.235589891288795261e+00
1.191626653401445912e+00
1.192147525458611801e+00
1.196017865679485093e+00
1.199892686963667243e+00
1.190240167776002167e+00
1.181822360103620406e+00
1.182521776203116159e+00
1.157281701772835625e+00
1.156491083380972951e+00
1.172802471029382954e+00
1.172491493256014206e+00
1.183168501228465397e+00
1.169379175531774617e+00
1.161147876648254806e+00
1.144626363574233752e+00
1.157365468218028326e+00
1.150791982909214362e+00
1.137845923478902233e+00
1.145197756187712024e+00
1.138926601638376335e+00
1.140404203482027645e+00
1.141734271910497256e+00
1.141284982913008061e+00
1.132962967664496556e+00
1.126428617603091764e+00
1.126178293633977479e+00
1.135516180923497487e+00
1.090369593448857088e+00
1.105000407105457771e+00
1.124353976249006237e+00
1.066197532940135195e+00
1.099996917464504120e+00
1.061993479650013894e+00
1.057626739665368021e+00
1.039855572250011573e+00
1.021943405957585815e+00
1.008826465016820162e+00
9.888450310648143615e-01
9.797148299813962513e-01
9.651100218859350877e-01
9.390727735101529472e-01
9.243637837496450071e-01
9.020414651775471304e-01
8.981865199165212088e-01
8.796415737718809025e-01
8.671072652145730419e-01
8.667925347421252535e-01
8.448507433692629132e-01
8.411904500082796332e-01
8.417573833124605276e-01
8.313550434084477914e-01
8.297226800310540940e-01
8.187237613016419280e-01
8.231816337048030174e-01
8.004091717039659715e-01
7.819509607336497803e-01
7.818333734511987432e-01
7.705076654958881166e-01
7.580076648833971031e-01
7.477289402971054599e-01
7.434288623804653495e-01
7.594848352959980842e-01
7.474079684029361070e-01
7.322329148910968755e-01
7.419139009627613301e-01
7.252554953826235717e-01
7.227629461753953821e-01
7.090229663330929188e-01
7.069016918658568294e-01
6.837345906838062648e-01
6.827519511102134731e-01
6.701170687507498336e-01
6.699434382157376522e-01
6.560640304629112851e-01
6.281419584944001322e-01
6.305953229040648367e-01
6.243105076899361228e-01
6.200041361031696230e-01
6.186567724905790433e-01
6.127700444118869827e-01
6.058899844910262678e-01
6.042219538821043123e-01
5.898962681672242914e-01
5.927848448577894835e-01
5.794646827949510026e-01
5.882221660933725227e-01
5.881681824264656244e-01
5.766498940751575430e-01
5.908757224381688822e-01
5.736729615509418290e-01
5.834491088993493113e-01
5.777042833455722226e-01
5.714229105840911149e-01
5.726852322522770766e-01
5.856174914743065285e-01
5.653657637859759166e-01
5.772706545419911128e-01
5.666245190340039040e-01
5.699343189662716691e-01
5.631560372666593040e-01
5.555812892960874105e-01
5.634389869920550797e-01
5.763227116038381892e-01
5.597388135096245110e-01
5.670840544284553308e-01
5.589991060379535526e-01
5.609559609136512970e-01
5.624387241431034745e-01
5.723940304669754564e-01
5.633739941626950687e-01
5.671308059769655241e-01
5.620739851330659453e-01
5.556486967407580080e-01
5.480951080473348558e-01
5.535310040352245942e-01
5.564552390469843512e-01
5.560247240073563635e-01
5.541616802716868850e-01
5.506136802752751302e-01
5.489250072180196227e-01
5.462073080760448951e-01
5.528663081560764025e-01
5.440664344542204267e-01
5.489141127032327594e-01
5.644966385051575219e-01
5.543974368699728927e-01
5.582389618427245903e-01
5.483177628719080321e-01
5.476036957607337552e-01
5.458013325891264422e-01
5.515548325153944997e-01
5.505425761017781472e-01
5.488864650840076242e-01
5.475700993642436121e-01
5.502651197376148273e-01
5.505131002581413746e-01
5.527824628845097177e-01
5.408183797781928037e-01
5.538834048931886578e-01
5.489586611379992931e-01
5.552450889478486307e-01
5.454538635187768936e-01
5.353290943841348959e-01
5.333327977476485238e-01
5.459507933948939407e-01
5.419155720587783831e-01
5.413906015975075148e-01
5.281621936331248879e-01
5.466045355271252904e-01
5.475189603093544299e-01
5.482251282024808159e-01
5.408723908887954623e-01
5.442832754044896193e-01
5.477906146644437868e-01
5.494708690215209801e-01
5.487203202762658272e-01
5.466987547759825095e-01
5.491201111945749336e-01
5.523227214568395826e-01
5.324752119620822510e-01
5.512746159595097728e-01
5.455551793361064217e-01
5.389867733354672952e-01
5.432027159721870557e-01
5.528947776719420615e-01
5.438499325993284561e-01
5.482753243618638805e-01
5.398629327855779536e-01
5.455190251286698988e-01
5.435254207594226727e-01
5.320487997382830070e-01
5.564457795801929230e-01
5.555615174670006651e-01
5.488644846456931514e-01
5.567813928174589755e-01
5.494560945279796105e-01
5.485610487078809161e-01
5.504020818434608442e-01
5.520086911474982871e-01
5.511201146580200216e-01
5.637941348687230958e-01
5.482665680859761803e-01
5.503119150036599461e-01
5.542886160676964158e-01
5.506176427833042730e-01
5.581571605896200605e-01
5.547390307023450928e-01
5.537386492410542038e-01
5.549166700019936282e-01
5.557982336418009206e-01
5.501731856798579567e-01
5.472786673286520465e-01
5.501849157127096657e-01
5.562738930514697921e-01
5.615936314335164825e-01
5.481217556746287300e-01
5.566297246268381294e-01
5.541638333135989747e-01
5.584324469777146582e-01
5.543413201015681135e-01
5.535862605523432789e-01
5.682788963722206210e-01
5.553207970989799680e-01
5.500760567945714996e-01
5.551111627552807182e-01
5.749152810965690863e-01
5.693803571386386597e-01
5.548683891581349670e-01
5.550513424925850314e-01
5.479211807592028194e-01
5.706389792607610145e-01
5.523703671581170482e-01
5.542678342201170505e-01
5.501881636523537900e-01
5.487092902705014152e-01
5.465858226495546868e-01
5.662646178711279177e-01
5.518577836949241089e-01
5.507696936083525951e-01
5.545074327603185527e-01
5.472139374361583153e-01
5.665831834762661279e-01
5.542208985191972026e-01
5.650161625440841551e-01
5.516797972499264402e-01
5.567490381387004694e-01
5.540135302396674843e-01
5.568223110534674669e-01
5.642813054864089795e-01
5.465274500454797568e-01
5.458480988505642895e-01
5.707149279333709746e-01
5.579003779335558466e-01
5.558081200236254515e-01
5.660285504649573696e-01
5.494542685732537457e-01
5.600077882829974651e-01
5.508485302950392182e-01
5.728328342620585545e-01
5.697471452633524613e-01
5.679494841060083177e-01
5.720168450863782894e-01
5.719839375173249030e-01
5.693821507869604170e-01
5.692953808797800441e-01
5.730771682970905445e-01
5.728794945018454987e-01
5.719381166788189974e-01
5.710812377952483310e-01
5.776108849789541866e-01
5.696795740400558694e-01
5.770345842204452902e-01
5.737947135958522127e-01
5.812685162376705073e-01
5.859552115468302791e-01
5.834032534122920444e-01
5.738243158194169524e-01
5.770363963685778419e-01
5.778379886175063485e-01
5.853683598284701306e-01
5.834711847415070540e-01
5.752865449972173195e-01
5.798597232302428184e-01
5.898848643480963938e-01
5.757704657555335892e-01
5.985724232651401522e-01
6.044086366935133015e-01
5.745677668348391220e-01
5.847063274479969985e-01
6.009451506881210436e-01
6.012024759310006239e-01
6.100761526483944319e-01
5.893618903924944252e-01
6.140202538656448494e-01
6.069072669618676974e-01
5.883064706891900641e-01
6.108115141423362537e-01
6.058699861646520413e-01
6.190461367696251660e-01
6.166250354279767532e-01
6.275146445083560343e-01
6.257248274440934122e-01
6.292012369493453772e-01
6.197001676161525419e-01
6.336020686802936730e-01
6.221204822631802855e-01
6.298762627749753262e-01
6.411008089704078872e-01
6.383217838239241271e-01
6.369797617476291585e-01
6.506539489804988863e-01
6.485904566509456126e-01
6.283785538508909196e-01
6.435873831646795606e-01
6.332147303005490890e-01
6.356446217212280425e-01
6.325882924067612878e-01
6.512073298548695099e-01
6.518621655550894678e-01
6.561622647493706717e-01
6.551073825212432311e-01
6.547314268922155289e-01
6.588500923554773125e-01
6.696667612913896894e-01
6.613808273403535276e-01
6.726323872039928764e-01
6.706252409657988967e-01
6.801349041726038047e-01
6.798550111643998362e-01
6.633043589085475533e-01
6.524719329412591584e-01
6.496039958979841211e-01
6.452717097503372079e-01
6.470018573979477994e-01
6.372068335419734941e-01
6.302906025837935466e-01
6.371319835819525546e-01
6.471341470182240263e-01
6.333369397494194031e-01
6.517624233673358081e-01
6.381563024441342380e-01
6.421060603439268100e-01
6.426095662082604854e-01
6.489326211179989867e-01
6.388564651930905836e-01
6.317439549082454198e-01
6.391514267251210413e-01
6.402216788280497006e-01
6.478555172137814289e-01
6.317912646405352550e-01
6.403425047028891148e-01
6.358484449043034781e-01
6.546885462704176151e-01
6.361676598898593493e-01
6.485455167506765095e-01
6.343582331476644853e-01
6.421322139805619722e-01
6.336462691573042649e-01
6.366538384569616627e-01
6.279005356993677678e-01
6.501013003293418802e-01
6.876863250738490807e-01
6.513382925796982192e-01
6.815291552751336912e-01
6.768569764914273978e-01
6.855568952576047703e-01
6.920063846014230524e-01
6.578786567995823509e-01
6.690598460443857309e-01
6.821509641645526756e-01
6.658462975570802467e-01
6.674963615379936321e-01
6.618669597655882919e-01
6.650970823920812069e-01
6.543720936815640155e-01
6.601187740281226901e-01
6.493249510728007490e-01
6.459599524190154929e-01
6.440904987628184308e-01
6.254310764875987694e-01
6.346292984446488816e-01
6.361842065957886705e-01
6.192689252343248629e-01
6.318061244427860546e-01
6.238706811771539407e-01
6.201452774645553889e-01
6.155614868947730800e-01
6.209671219725023672e-01
6.187391887039553895e-01
6.108463899021137067e-01
6.225744605801158960e-01
6.199123817252679691e-01
6.177098695737356371e-01
6.187696288459564320e-01
6.155251689989718056e-01
6.142640911539225534e-01
6.170540669336287420e-01
6.093665770982797936e-01
5.937134312068361730e-01
6.139162457372325798e-01
6.087904849437476562e-01
6.159304757120362961e-01
6.196419324542205009e-01
6.208932457645215397e-01
6.180646835106015091e-01
6.259375810285439101e-01
6.389932630792576340e-01
6.117423932785450713e-01
6.334243477685904677e-01
6.362677888288443828e-01
6.466490823579699176e-01
6.423742272869186198e-01
6.482681560852013858e-01
6.505660305949153566e-01
6.549221273835035273e-01
6.645599953681781136e-01
6.690117227155965018e-01
6.660347976206119069e-01
6.826054153441402095e-01
6.858756007557933465e-01
7.024249736830749935e-01
7.248839368915503956e-01
7.223016504777002300e-01
7.386295817110163364e-01
7.309317157711351376e-01
7.527048807375840145e-01
7.508547127303333291e-01
7.527815952963575752e-01
7.472155505353085259e-01
7.158286229165978787e-01
6.663389884486163872e-01
6.646953339187604559e-01
7.150520917407329202e-01
7.046679645642475176e-01
7.510332254189604484e-01
7.473961803702192652e-01
7.654233563233940885e-01
7.848937217592423243e-01
7.967130952407738276e-01
8.336023974160219341e-01
8.681244393629076184e-01
8.915331805461265136e-01
9.057138263272902501e-01
9.546916899406858725e-01
1.021344334562054090e+00
1.049171464207262705e+00
1.079814333823006622e+00
1.130679765112809321e+00
1.171541794652062762e+00
1.209154248222219286e+00
1.245334224777040255e+00
1.264595045062547163e+00
1.290799068994292087e+00
1.303884941959301713e+00
1.306808521800578715e+00
1.321133677774352311e+00
1.327719723947837105e+00
1.332192198497224700e+00
1.320299563097209194e+00
1.334440786754211183e+00
1.321271847058870463e+00
1.320636410807870753e+00
1.322267788568939784e+00
1.324330917947859509e+00
1.347495478150541937e+00
1.322850177931433446e+00
1.326801431071700232e+00
1.301741633218961747e+00
1.311654129892877441e+00
1.314717890480256113e+00
1.321800021663882552e+00
1.322645077896537291e+00
1.306991581213906795e+00
1.293147158988320111e+00
1.317892018962974587e+00
1.345265541098714435e+00
1.329793789441251928e+00
1.343336810372723011e+00
1.315473380636092093e+00
1.355550891211651399e+00
1.323540216757602028e+00
1.360089276030314709e+00
1.320786132800606527e+00
1.322332093359550820e+00
1.333982348218032188e+00
1.335399125388066821e+00
1.309075383703909301e+00
1.318342806335722539e+00
1.307183467246058717e+00
1.297973827475267683e+00
1.322216491349733847e+00
1.295917526422200927e+00
1.306768699346211093e+00
1.267860979787382547e+00
1.264461613741624912e+00
1.264960053492368841e+00
1.229735260873916047e+00
1.231815507315940028e+00
1.217803693524006858e+00
1.198014198543105202e+00
1.177698582507510361e+00
1.160520947024048066e+00
1.160506943343476038e+00
1.135751648735092934e+00
1.124329547629798975e+00
1.123779997859386537e+00
1.093458699107136445e+00
1.087565968860264798e+00
1.076661926182398421e+00
1.070399073920603961e+00
1.050681662558894836e+00
1.040752143391740159e+00
1.028026054691285607e+00
1.009811219625428746e+00
9.931895015074213573e-01
1.001208465491167932e+00
9.784373831986895587e-01
9.675806062985828904e-01
9.500614906293142203e-01
9.513458466305504402e-01
9.447443213670695394e-01
9.557983764504099922e-01
9.507576429260699014e-01
9.228110394801427585e-01
9.313653514372884912e-01
9.140040643949848276e-01
9.025856975427504203e-01
8.819088128300838214e-01
8.800512239805720061e-01
8.707354578958446112e-01
8.626304035868425091e-01
8.540548466525256233e-01
8.356561585624501243e-01
8.240213955730164574e-01
8.256306308696922391e-01
8.291648465685268476e-01
8.038900951506019465e-01
7.860404472711366441e-01
7.673707974247220287e-01
7.719045876345794754e-01
7.537108342460484556e-01
7.261542975874590855e-01
7.285155727194841946e-01
7.394100861600121366e-01
7.394993565035109517e-01
7.299551677108355729e-01
7.287134248567930239e-01
7.197688409045494007e-01
7.106712164823073552e-01
6.961936261244112689e-01
6.820644980645597100e-01
6.782246289058873057e-01
6.588594902435928047e-01
6.548238973909003002e-01
6.362174441482295606e-01
6.336756131216709775e-01
6.243834477475889155e-01
6.123379911891978500e-01
6.084946883075991186e-01
6.036069748959574932e-01
5.959008380730185239e-01
5.942571205204264517e-01
5.854449939501877864e-01
5.846264993633011331e-01
5.731147751135544643e-01
5.789018911873721196e-01
5.720754330469949300e-01
5.732015502405580776e-01
5.600276114028623908e-01
5.604147489763282586e-01
5.605640774513134250e-01
5.578716759062027908e-01
5.500216763238672257e-01
5.647596152133925740e-01
5.652145290283214774e-01
5.551000067380332803e-01
5.615420354967787242e-01
5.621744186683754751e-01
5.619494704919774097e-01
5.585477154623517126e-01
5.566719113156510801e-01
5.558534899837271892e-01
5.554872495858947934e-01
5.577676098745469879e-01
5.739984709148271413e-01
5.552986513703503935e-01
5.679936079262993820e-01
5.452528758088031058e-01
5.552442829107556710e-01
5.504132685629421484e-01
5.494896425424998787e-01
5.503445775129610640e-01
5.533858072608019985e-01
5.500323089892404926e-01
5.555961101739921304e-01
5.624046723846390927e-01
5.525067128200938926e-01
5.551613654357421268e-01
5.586106994445926288e-01
5.484501691988034056e-01
5.499900726803291784e-01
5.506330647362942532e-01
5.476398725598210504e-01
5.520602856328860053e-01
5.474047194062388044e-01
5.483343092875300195e-01
5.479704401546723336e-01
5.495623405158048813e-01
5.521268357646385017e-01
5.530703671735974769e-01
5.512339011969005220e-01
5.506428827647612545e-01
5.484338391629846043e-01
5.550282196203856211e-01
5.537384354557142174e-01
5.530417633569095770e-01
5.517435943326526315e-01
5.501739649926349340e-01
5.533389429063557685e-01
5.529641053877212276e-01
5.495928206717751729e-01
5.520350077197683225e-01
5.538255101711844208e-01
5.592904215764640252e-01
5.587391782900084092e-01
5.615327286640579008e-01
5.594508048638253683e-01
5.591110092239506280e-01
5.592099215296072456e-01
5.579846548063303047e-01
5.594284948862320306e-01
5.656712499093921043e-01
5.620401024978817217e-01
5.618809500623034303e-01
5.560441468381036589e-01
5.622182910290979274e-01
5.681964728160271427e-01
5.617100281492881653e-01
5.671945482050555487e-01
5.705997574775241166e-01
5.712521029433805797e-01
5.741695538781023123e-01
5.642196945885342707e-01
5.785886239879386439e-01
5.852836024045188212e-01
5.840973381415641708e-01
5.734587133739758036e-01
5.857413825197202994e-01
5.952216652316117962e-01
5.876219841107488406e-01
5.884604317812871521e-01
5.910288700978018062e-01
5.954837626965493458e-01
5.964035803276448444e-01
6.004812222181223902e-01
5.995511200036853783e-01
6.049114052758531868e-01
6.098139568880546202e-01
6.108375973187427643e-01
6.204873764467081498e-01
6.205016562038664363e-01
6.147131204361017121e-01
6.254124630527453377e-01
6.257937101997331775e-01
6.242255133033339787e-01
6.348703443204667396e-01
6.275831551461844571e-01
6.336199011216970822e-01
6.406446140029078418e-01
6.391490212606827370e-01
6.543406504293832748e-01
6.406320200041867308e-01
6.433809084811501489e-01
6.466408414694112539e-01
6.383458472386780436e-01
6.432255336876061547e-01
6.433257768007080157e-01
6.560595584492041610e-01
6.507582668628547617e-01
6.600011878515911201e-01
6.586007850902361183e-01
6.549897914252607034e-01
6.551409242861614413e-01
6.577167307613349667e-01
6.601108195370696263e-01
6.566931567826120864e-01
6.567028343489739184e-01
6.706107033981886234e-01
6.726544308914511605e-01
6.692564308985231580e-01
6.667525425285550922e-01
6.622129528451365932e-01
6.759516944987655762e-01
6.700126331881607333e-01
6.664127316559032010e-01
6.752148616833117956e-01
6.732148147560645945e-01
6.818090757045396355e-01
6.803827168910069334e-01
6.947484958818911371e-01
6.895823742748249385e-01
7.069235753689603330e-01
6.808507028186148169e-01
6.825741285441789818e-01
6.889694016269704013e-01
6.941146044364964185e-01
6.961525375796238091e-01
7.003137487671242667e-01
7.010120940487054586e-01
7.068219850032048113e-01
7.061033895413474371e-01
6.976440323425793233e-01
7.089272666385741939e-01
7.121596221351080835e-01
7.110371039978716778e-01
7.188565760308250896e-01
7.173913692689112276e-01
7.213982599192574341e-01
7.318829495868917068e-01
7.218865695404654836e-01
7.138665743386323204e-01
7.220947813685552052e-01
7.150373245241995468e-01
7.159535944398902618e-01
7.215281698454178994e-01
7.233938430929827135e-01
7.280972300740371494e-01
7.256288546572497999e-01
7.240949644012761865e-01
7.345448985710701928e-01
7.312130085480627040e-01
7.277455715990790441e-01
7.093833366881955316e-01
7.164211488752394441e-01
7.187655800567813724e-01
7.137379810213144715e-01
7.114578242279472331e-01
7.038469987442435016e-01
7.113196359010988123e-01
6.901450939491382552e-01
7.054202857278124572e-01
7.072654925046055752e-01
6.816190885582193992e-01
6.860463795407082399e-01
6.810712057026894195e-01
6.834974295105188391e-01
6.775714318640254641e-01
6.653881569518051986e-01
6.566043483827452842e-01
6.568862666872301581e-01
6.444576592865695064e-01
6.407275794531925861e-01
6.413911300993903053e-01
6.361312594842492008e-01
6.348791630539668551e-01
6.257013382838998439e-01
6.170478841169214634e-01
6.216141603765277246e-01
6.111608465363171927e-01
6.059976712289829592e-01
6.115087421031707438e-01
6.080556876214765483e-01
6.006524225722311705e-01
5.978759400551452163e-01
6.052237970250271548e-01
5.938191555264826782e-01
5.940045705162735334e-01
5.897316068131865929e-01
5.916416733902463143e-01
5.870846237919065125e-01
5.901911976867759702e-01
5.889868409407070793e-01
5.813010903876193458e-01
5.867778672818175778e-01
5.839689748087565357e-01
5.889341723633297887e-01
5.854046962527401643e-01
5.829070279799585252e-01
5.806891208917730474e-01
5.785305920130779933e-01
5.841143538043083172e-01
5.726156970107981747e-01
5.689888240050348100e-01
5.804061307147881932e-01
5.832934584228992581e-01
5.718877338947081501e-01
5.888426596097354748e-01
5.787618868781488901e-01
5.812857523092099798e-01
5.747977948443285801e-01
5.834401801562276724e-01
5.763276484577765091e-01
5.786850655285581402e-01
5.780828900291083983e-01
5.819471542748353432e-01
5.767687487739107111e-01
5.785473176136547435e-01
5.769186957671861293e-01
5.788561994139717060e-01
5.757206490232573692e-01
5.797625231023837422e-01
5.817331186134333532e-01
5.813803810952851148e-01
5.854767109677767589e-01
5.845057616382554055e-01
5.876994889409905554e-01
5.865493038878326626e-01
5.765025391081292083e-01
5.823862831753233715e-01
5.729872170282253041e-01
5.807501247463295879e-01
5.871353106252926723e-01
5.826513886200783698e-01
5.880002298236010061e-01
5.679975251524603808e-01
5.858367522137355454e-01
5.933026687880362804e-01
5.761887095705011674e-01
5.923244634653789253e-01
5.951138259324709745e-01
5.875887598434959003e-01
5.741575538764366327e-01
5.716576406687425838e-01
5.941619998209906051e-01
5.810898631009514537e-01
5.836825566442966906e-01
5.868261827731163782e-01
5.870916486116518618e-01
5.963012022275246959e-01
5.817487227317428289e-01
5.941783372444408018e-01
5.992977008478980183e-01
5.872282967010912236e-01
5.848101259088743786e-01
5.919674831357913947e-01
5.953603446864237370e-01
5.957690648335910444e-01
5.922603564939487031e-01
6.037916216912738721e-01
5.940799554554546669e-01
5.940149075920438948e-01
5.975754413669208676e-01
6.056045312888689303e-01
6.037406974513975788e-01
6.069992601129979848e-01
6.091477914108132108e-01
6.094638101928142593e-01
6.130368270424307875e-01
6.130482132512574678e-01
6.148082583815541735e-01
6.167740182153342854e-01
6.324203786034336972e-01
6.195468079396038164e-01
6.232755789968078552e-01
6.349533855942162131e-01
6.264967379057739816e-01
6.456035358078514586e-01
6.423884393788056313e-01
6.472550370364416050e-01
6.606410853568976949e-01
6.542184652175887516e-01
6.758609574646970986e-01
6.772575996191044778e-01
6.943734792069207185e-01
6.952383651611970805e-01
6.962640081391036073e-01
7.117879145285582743e-01
7.212218478980848557e-01
7.440739543672953982e-01
7.280683120707218681e-01
7.497691442034721820e-01
7.685697050808010244e-01
7.823768425943667948e-01
7.835208938864315353e-01
7.772310570123586171e-01
7.845825712158971399e-01
7.983963175251289623e-01
8.232827124440117439e-01
8.308749438645098850e-01
8.599324797741280113e-01
8.555817863776703502e-01
8.743043619502873787e-01
8.928855433500078043e-01
9.218761061434356252e-01
9.470021730977641328e-01
9.323912661195178364e-01
9.617576952958218905e-01
1.006231270605752570e+00
1.032952830495843743e+00
1.060901995234850181e+00
1.087444089144190107e+00
1.090987686370623155e+00
1.116752491563063110e+00
1.159344669994938126e+00
1.165565454858987549e+00
1.200758071683480255e+00
1.234811454901099781e+00
1.223954915212912331e+00
1.238265893443715848e+00
1.274822016668557545e+00
1.266034048957429547e+00
1.297230550463793985e+00
1.296221712596475673e+00
1.305357681487413490e+00
1.318327504770139713e+00
1.328438596430897789e+00
1.321162875142435134e+00
1.329625668224314827e+00
1.327442124262527168e+00
1.345908118243821949e+00
1.329061124592957555e+00
1.351027802784750875e+00
1.347264518604310179e+00
1.347828491318671329e+00
1.333681423320118853e+00
1.332914948451298098e+00
1.321755487525411166e+00
1.311215650278019895e+00
1.324677382379350288e+00
1.291336124740636526e+00
1.284785171221715094e+00
1.293005408319424232e+00
1.267757306992871369e+00
1.268365596327622580e+00
1.272241537807131895e+00
1.253137036254281744e+00
1.269155546836237214e+00
1.266475150124444227e+00
1.269222365138234387e+00
1.269684445387311511e+00
1.259374739607034943e+00
1.261224729148663126e+00
1.276546017167777824e+00
1.246797879618445126e+00
1.242315366783144137e+00
1.265297935361359150e+00
1.234534602302042261e+00
1.225183467661115078e+00
1.220156941920577109e+00
1.212433429051213318e+00
1.216379767519229382e+00
1.204611087027086969e+00
1.185419913074239551e+00
1.181837893849832621e+00
1.189391616940020269e+00
1.187057537119569961e+00
1.171051694518644215e+00
1.131592782449186263e+00
1.142695829531495511e+00
1.135926914735710058e+00
1.133965913656065583e+00
1.105123279440786144e+00
1.071925785328961878e+00
1.082909559987204728e+00
1.083357791716968777e+00
1.041079483699595798e+00
1.045639031037278954e+00
1.033834297052766305e+00
