7.743321088092140758e-02
7.815762635827784577e-02
7.889954704837785771e-02
7.958723564853693866e-02
8.027266624132751993e-02
8.097215697323825734e-02
8.164259501141379882e-02
8.229153407335143555e-02
8.291325440198130114e-02
8.353750150924943441e-02
8.416586863958780418e-02
8.480587836122260859e-02
8.543755719641685231e-02
8.605661022076900590e-02
8.665483669689802437e-02
8.725741850573572045e-02
8.784884300935968948e-02
8.843769031547887849e-02
8.903751514357750863e-02
8.961613704767293354e-02
9.019359072613458705e-02
9.074203643314332490e-02
9.129174495789720012e-02
9.184846870260686413e-02
9.237702117702102644e-02
9.290009626610579163e-02
9.343910118894216410e-02
9.396824570876388671e-02
9.448894200576600511e-02
9.498730120247307618e-02
9.547146449511342836e-02
9.597602383990885833e-02
9.648076747756534344e-02
9.697634396908580423e-02
9.746499378324316454e-02
9.794924075249347717e-02
9.841118546766221276e-02
9.887007788381221851e-02
9.933498291383265066e-02
9.978567218256578775e-02
1.002566639099543022e-01
1.006808230722138764e-01
1.011207972711664071e-01
1.015320320220061551e-01
1.019236806915318205e-01
1.023179518068788874e-01
1.027182492985266871e-01
1.031070931988336964e-01
1.034661402617852027e-01
1.038241441652966446e-01
1.041792331057466992e-01
1.045235847509438931e-01
1.048465117817785758e-01
1.051796560620687770e-01
1.054962306931475635e-01
1.057990492485155337e-01
1.060997926802828006e-01
1.064174989692841522e-01
1.067208702596184888e-01
1.070127886250494403e-01
1.073051414646129104e-01
1.075767528688441332e-01
1.078425627051710356e-01
1.081269510486748409e-01
1.083719565913938143e-01
1.086199265013377407e-01
1.088829598841161150e-01
1.091170891581316749e-01
1.093543652342290895e-01
1.096252308364432382e-01
1.099010067933037238e-01
1.100796947756023797e-01
1.102444972679368917e-01
1.104128873453177895e-01
1.105783099748173792e-01
1.107571614618434452e-01
1.109360566175344454e-01
1.111072647545505304e-01
1.112846230128408526e-01
1.114456525920445862e-01
1.116214027072610637e-01
1.117766063300488499e-01
1.119382259668500468e-01
1.120900493308859130e-01
1.122131946559881410e-01
1.123260797695792845e-01
1.124319784930497002e-01
1.125299913753073089e-01
1.126155335676564395e-01
1.126968150935075963e-01
1.127917973047847799e-01
1.128800167827098550e-01
1.129549046456579248e-01
1.130231326408806247e-01
1.130940809334115005e-01
1.131577375568757482e-01
1.132085603808972718e-01
1.132721353119465479e-01
1.133335182173982186e-01
1.133970898828598195e-01
1.134485388389983862e-01
1.134766096184364748e-01
1.135027040980408353e-01
1.135201563559987969e-01
1.135357313441078958e-01
1.135506352024657495e-01
1.135627402138680297e-01
1.135587480398104199e-01
1.135487628527162979e-01
1.135330943845888202e-01
1.135097059981135248e-01
1.134855244041917399e-01
1.134567942261458240e-01
1.134277110646783465e-01
1.133958157390286270e-01
1.133661706412879555e-01
1.133388351052905529e-01
1.133034631324625757e-01
1.132683973902159774e-01
1.132184745322914327e-01
1.131632011492297724e-01
1.131145044289406376e-01
1.130607834359846492e-01
1.130014029259608366e-01
1.129406932372736816e-01
1.128698187668657898e-01
1.127907365579209065e-01
1.127061953762711899e-01
1.126237146616453355e-01
1.125312099447186298e-01
1.124335770298905135e-01
1.123360919414905512e-01
1.122329011187266357e-01
1.121310783697221786e-01
1.120278512661124770e-01
1.119267647861277026e-01
1.118164152044424930e-01
1.117173380637839775e-01
1.116073235655723472e-01
1.115004119029678054e-01
1.113944505497087289e-01
1.112812763962430229e-01
1.111854185993057381e-01
1.110823089698589616e-01
1.109772395913857235e-01
1.108648608163461807e-01
1.107484640941087672e-01
1.106275463893442862e-01
1.104990201161628327e-01
1.103695278638801430e-01
1.102337155974096872e-01
1.100932554428005611e-01
1.099506201391448612e-01
1.097988313822965689e-01
1.096501114206860639e-01
1.094966006894351751e-01
1.093364101782644815e-01
1.091749153445389919e-01
1.090155473339956271e-01
1.088529918846740663e-01
1.086957195800525022e-01
1.085346605831852829e-01
1.083715773050633879e-01
1.082077115900004355e-01
1.080366191549666510e-01
1.078656729737112879e-01
1.076927137024704523e-01
1.075222161299773244e-01
1.073495734399426832e-01
1.071738455514262417e-01
1.069986001410647425e-01
1.068202582080885754e-01
1.066455848616595370e-01
1.064654868670429078e-01
1.062855534082426945e-01
1.061090928854249993e-01
1.059240789780113157e-01
1.057472344950837195e-01
1.055657896130598739e-01
1.053840652649336990e-01
1.052024416578813126e-01
1.050157920279624901e-01
1.048372604893024473e-01
1.046572378791397473e-01
1.044729615830186920e-01
1.042882477807171721e-01
1.041062078555806958e-01
1.039215140910694085e-01
1.037365634299096812e-01
1.035573318336053955e-01
1.033710100198935722e-01
1.031823782582406146e-01
1.029977269641120241e-01
1.028092539447179043e-01
1.026210738262799405e-01
1.024357799076737463e-01
1.022482247555174112e-01
1.020661221965648013e-01
1.018792484947709520e-01
1.016942735191951608e-01
1.015119577687981500e-01
1.013266395888214738e-01
1.011469453472024493e-01
1.009665819583839552e-01
1.007904144411201075e-01
1.006116140049663765e-01
1.004329772648206720e-01
1.002639359074239400e-01
1.000891293414776229e-01
9.991873226246809903e-02
9.975209949779340057e-02
9.958993428541086657e-02
9.942940546403672419e-02
9.926729981820547888e-02
9.911252681430737788e-02
9.895646372409405700e-02
9.880406668483897314e-02
9.865245754185861249e-02
9.850625876851398788e-02
9.835461720303766142e-02
9.821721605583838555e-02
9.807897437643083027e-02
9.794263463632424394e-02
9.780686114185174751e-02
9.767516770308692919e-02
9.754522115368111090e-02
9.741670736782351292e-02
9.729258687136312089e-02
9.716376609147997501e-02
9.703987561673124707e-02
9.692056619395666983e-02
9.680203217806344906e-02
9.668834955354277394e-02
9.657392488162332145e-02
9.646301743999347034e-02
9.635482245620358155e-02
9.624732586409398549e-02
9.614406713704615193e-02
9.604282242627554256e-02
9.593901974015259237e-02
9.584951561849161528e-02
9.575361234426825463e-02
9.566594674297125567e-02
9.557956537346130876e-02
9.548996196999628983e-02
9.541232197501692269e-02
9.533260658797521048e-02
9.525762441022758709e-02
9.518449995776072370e-02
9.511900555717098249e-02
9.505086169698834242e-02
9.498418007708769872e-02
9.492783840308494092e-02
9.486586629248747182e-02
9.481564331523653633e-02
9.476218872286079620e-02
9.471276624666853661e-02
9.466626515632188543e-02
9.462229298307071879e-02
9.458516307404556123e-02
9.454837465389506757e-02
9.451249296900128549e-02
9.448079482585136635e-02
9.444733892032093625e-02
9.441256819734111794e-02
9.438985398046782771e-02
9.436615903607954714e-02
9.434775240302697985e-02
9.433263825214749376e-02
9.431289057644541562e-02
9.429922601212095690e-02
9.428609953997292570e-02
9.428097148180203391e-02
9.427467049387984466e-02
9.427071534941930397e-02
9.427181891762317911e-02
9.427005055026130287e-02
9.427419319202334780e-02
9.427993774787384040e-02
9.428203264921651561e-02
9.430303285348992648e-02
9.431003729233863875e-02
9.432693497116981241e-02
9.434733710934437023e-02
9.436550521037578854e-02
9.439207235757235415e-02
9.441755070299548414e-02
9.444684771131889311e-02
9.447444326317522290e-02
9.450767410504387622e-02
9.454516894366440938e-02
9.458532291767694777e-02
9.462735297944635526e-02
9.466799217248313136e-02
9.471448624232552127e-02
9.476219445423753052e-02
9.481072307796961640e-02
9.486611025314528600e-02
9.491949568583948893e-02
9.497311946400988081e-02
9.503554885296587595e-02
9.509242170532523908e-02
9.515802734205099089e-02
9.522173311667145312e-02
9.528529574397782975e-02
9.535735981686460638e-02
9.542732254360204724e-02
9.549717344455319057e-02
9.557046248135993294e-02
9.564545618247646819e-02
9.572309619358823629e-02
9.580004321841617543e-02
9.587987349277179994e-02
9.595615344014681025e-02
9.603792870702554385e-02
9.612186466746959479e-02
9.620325846465954678e-02
9.629055538706249306e-02
9.638136532767987985e-02
9.646425176708633975e-02
9.655288692878669088e-02
9.664042780487097639e-02
9.673140639260580098e-02
9.682146641843759893e-02
9.691359179027309034e-02
9.700330583238983562e-02
9.709558341637161694e-02
9.718866137028481234e-02
9.728100109399133444e-02
9.737297472202163795e-02
9.747075728610841983e-02
9.756473239555482624e-02
9.766037837371198405e-02
9.775463429733406706e-02
9.784505023470374541e-02
9.794303958137300092e-02
9.803558827450038760e-02
9.813163396997914845e-02
9.822479644854939518e-02
9.832156393289592788e-02
9.841617991156301204e-02
9.851033923525590041e-02
9.860495349903689033e-02
9.869846241724840319e-02
9.879551980792421195e-02
9.888589712724582537e-02
9.897603246415892508e-02
9.907054672815043816e-02
9.916454048449850622e-02
9.925288730744143140e-02
9.934428872879873251e-02
9.943078982605016436e-02
9.952115732980176821e-02
9.960746873489900732e-02
9.969725543962729142e-02
9.978621530300672837e-02
9.987117583789240083e-02
9.995365777599909962e-02
1.000421898980017044e-01
1.001278731340402572e-01
1.002092472328557082e-01
1.002952343303607774e-01
1.003769332803809422e-01
1.004576982622231718e-01
1.005377077224011428e-01
1.006166940620548261e-01
1.006912974429913371e-01
1.007687437566812394e-01
1.008433993180947452e-01
1.009152390388941278e-01
1.009891624730206022e-01
1.010619468042117108e-01
1.011334476710354230e-01
1.012026278211219099e-01
1.012716581017495121e-01
1.013402860545887380e-01
1.014077490255878983e-01
1.014771958154935816e-01
1.015417951078614184e-01
1.016011614194002183e-01
1.016630219796702261e-01
1.017249990553368982e-01
1.017858148922856365e-01
1.018428927681463148e-01
1.018979224797844363e-01
1.019553021823523253e-01
1.020079270575621477e-01
1.020636287904238410e-01
1.021161075628464893e-01
1.021679478815040037e-01
1.022165344633179374e-01
1.022630506104317410e-01
1.023111970912503610e-01
1.023542702132365090e-01
1.023993108339151664e-01
1.024412419657434875e-01
1.024802829239281621e-01
1.025200556514798966e-01
1.025603409063121085e-01
1.026039149053886851e-01
1.026420876589095726e-01
1.026796987314931159e-01
1.027203014631252742e-01
1.027639062258954572e-01
1.028028398190147519e-01
1.028394493948834310e-01
1.028815798077352961e-01
1.029162150454143582e-01
1.029573008374095322e-01
1.029897659986941938e-01
1.030239966415791575e-01
1.030549069059450429e-01
1.030826102150505519e-01
1.031068231774276978e-01
1.031227858204153136e-01
1.031395222618300689e-01
1.031489196060754454e-01
1.031574716170244044e-01
1.031626065646530643e-01
1.031604916601408378e-01
1.031574873928257779e-01
1.031493361388520769e-01
1.031442334183510084e-01
1.031344780631549135e-01
1.031186969749434967e-01
1.031068880949793515e-01
1.030879675545244289e-01
1.030718898335173384e-01
1.030508597504795759e-01
1.030309778021663847e-01
1.030079269627279664e-01
1.029847150899300817e-01
1.029610222095718869e-01
1.029307004661455249e-01
1.029012983891771094e-01
1.028732229756429140e-01
1.028385310754449805e-01
1.028046024017265914e-01
1.027684203392336820e-01
1.027281738740757205e-01
1.026893702560879723e-01
1.026493003034512214e-01
1.026039770187221756e-01
1.025596646886952207e-01
1.025158904165467955e-01
1.024673909497976071e-01
1.024196850033687323e-01
1.023700386999367717e-01
1.023187880588560805e-01
1.022650040623086370e-01
1.022131932568024065e-01
1.021552944626563930e-01
1.021012641513048963e-01
1.020432874245345845e-01
1.019833058084533839e-01
1.019211774097738971e-01
1.018562713966902067e-01
1.017946494559828219e-01
1.017279244908222829e-01
1.016585956205026953e-01
1.015906272452220954e-01
1.015194186310999502e-01
1.014497194380578754e-01
1.013770114510142845e-01
1.012999153293292903e-01
1.012302881446238423e-01
1.011526719277601738e-01
1.010781398217052568e-01
1.010008063204713979e-01
1.009225902904118261e-01
1.008477309204621475e-01
1.007695133771819712e-01
1.006925138353507443e-01
1.006109243209947351e-01
1.005325349545449776e-01
1.004553056423239110e-01
1.003737674423169218e-01
1.002967579302397189e-01
1.002200530389990296e-01
1.001407109295234382e-01
1.000645620418876558e-01
9.998290616777370798e-02
9.990886795457774860e-02
9.983162922730536015e-02
9.975515923705910448e-02
9.967879528610434914e-02
9.960334861819622465e-02
9.952963731998418218e-02
9.945680131039630334e-02
9.938123246005556299e-02
9.930839631059096284e-02
9.923515296744028769e-02
9.916368060110138105e-02
9.909347266847283453e-02
9.902183665016923986e-02
9.895253627456590539e-02
9.888338553586882573e-02
9.881310566246086224e-02
9.874481220328161502e-02
9.867744679671512642e-02
9.861245564323886659e-02
9.854649355180077064e-02
9.848672186177914734e-02
9.842214447546698830e-02
9.835912398841198390e-02
9.829901658826209476e-02
9.824107933101543233e-02
9.817987731061038337e-02
9.812390834700332465e-02
9.806559821701255064e-02
9.801345817039393282e-02
9.795886266195229231e-02
9.790339323496302648e-02
9.785328387107181114e-02
9.780224603546705531e-02
9.775081487525816293e-02
9.770612606807967115e-02
9.765654081805166808e-02
9.760944895438496138e-02
9.756830241074679333e-02
9.752354814039763953e-02
9.747888038245221265e-02
9.744175497287824173e-02
9.739853641144259611e-02
9.736459339137902569e-02
9.732630833884348132e-02
9.728809413338536383e-02
9.725602220859311253e-02
9.722238727156945481e-02
9.719090932982155095e-02
9.716157543462441981e-02
9.713232098242720325e-02
9.710596231827769986e-02
9.708445854700345490e-02
9.705609267146175778e-02
9.703667028423529350e-02
9.701284210779864692e-02
9.699875212001569935e-02
9.698389560619445626e-02
9.696405691163573204e-02
9.694566452321699834e-02
9.693782663111157050e-02
9.692784389157527158e-02
9.691693739224281623e-02
9.691276543485499717e-02
9.690494111610230277e-02
9.690369719838010099e-02
9.690323022613517301e-02
9.690264913779118860e-02
9.690203141569891931e-02
9.691142278433553803e-02
9.691245286431253436e-02
9.692006900567874672e-02
9.693039962820451660e-02
9.694475890301787468e-02
9.695255927374564486e-02
9.696991399179377691e-02
9.698733146387804316e-02
9.700309048901892273e-02
9.702408700376739803e-02
9.704551510308230544e-02
9.706705014225343320e-02
9.709680309667174936e-02
9.712008767137743359e-02
9.714736665173037689e-02
9.717829982002323952e-02
9.720821876258678440e-02
9.724195624144195416e-02
9.727521972283985352e-02
9.731042384065430317e-02
9.734485065424562655e-02
9.738235864489028226e-02
9.742365879343299617e-02
9.746526945786221363e-02
9.750556272864815965e-02
9.754802336680556962e-02
9.758957444387648950e-02
9.763734297943182927e-02
9.767990899185717557e-02
9.772814918818999164e-02
9.777684914806911154e-02
9.782663199240523855e-02
9.787562263547544550e-02
9.792749501835380788e-02
9.797728346560942436e-02
9.803410858304674458e-02
9.808735906285251382e-02
9.814267485982931805e-02
9.819903118485776017e-02
9.825387515234294822e-02
9.830979117785888788e-02
9.836630999337640791e-02
9.842811823741635935e-02
9.848563947754244985e-02
9.854833646989458185e-02
9.861068493167024496e-02
9.866899160382013034e-02
9.873148727870893759e-02
9.879217212031464468e-02
9.885637101901267876e-02
9.892131307098807336e-02
9.898327555539723765e-02
9.905140267040064839e-02
9.911727202077613708e-02
9.918254732027728671e-02
9.924778285388884125e-02
9.931356433963418884e-02
9.938126663773644287e-02
9.944743676777230423e-02
9.951471202768544244e-02
9.958169780197571874e-02
9.964683087542167139e-02
9.971600512247892623e-02
9.978183775466663297e-02
9.984726915432183547e-02
9.991507877089200740e-02
9.997864644274712109e-02
1.000471544861825102e-01
1.001145463923956980e-01
1.001802673142059563e-01
1.002468246385775225e-01
1.003131879252943393e-01
1.003801172968768612e-01
1.004450722976291677e-01
1.005090374530870356e-01
1.005701127401832651e-01
1.006296152346647238e-01
1.006904718746281235e-01
1.007468558385197499e-01
1.008035534317500009e-01
1.008588598292687877e-01
1.009149464701186161e-01
1.009698133498937028e-01
1.010207727245026471e-01
1.010736196674586751e-01
1.011247304457294910e-01
1.011756760009971390e-01
1.012250380293431284e-01
1.012727272267764378e-01
1.013249889174413498e-01
1.013714473818268236e-01
1.014208718461862418e-01
1.014794850367701368e-01
1.015402309140219922e-01
1.016011940366580574e-01
1.016738411979521695e-01
1.017600690730209867e-01
1.018549580676140348e-01
1.019528001232923864e-01
1.020370967784416105e-01
1.021220620352832897e-01
1.022097769010414242e-01
1.022911876532868192e-01
1.023656143624791098e-01
1.024429464579182103e-01
1.025168336311810258e-01
1.025834085877189855e-01
1.026459548639967745e-01
1.026971977336565978e-01
1.027503237096146910e-01
1.027923156758685647e-01
1.028285912609230301e-01
1.028585416903632643e-01
1.028811269324434591e-01
1.029042762363767960e-01
1.029196897087177182e-01
1.029384391588993031e-01
1.029514761495825270e-01
1.029656572736354081e-01
1.029753902016711242e-01
1.029836526348390235e-01
1.029907139938979060e-01
1.029939330324641383e-01
1.029954876694813004e-01
1.029951681032002242e-01
1.029959779445889373e-01
1.029959850504734153e-01
1.029904316602344300e-01
1.029849824600616998e-01
1.029842272670780934e-01
1.029818987002996677e-01
1.029743589425644451e-01
1.029678269243184396e-01
1.029610993658570395e-01
1.029539368399077642e-01
1.029445994516623025e-01
1.029371700110146559e-01
1.029281061143257348e-01
1.029141388084682807e-01
1.029018744249938222e-01
1.028886271942742597e-01
1.028714874533956936e-01
1.028613999819240066e-01
1.028478187858084258e-01
1.028310437137449906e-01
1.028156589742414556e-01
1.027997131606231129e-01
1.027795978153390605e-01
1.027585823934612230e-01
1.027363422761793654e-01
1.027135303317799342e-01
1.026891905408722633e-01
1.026666257161138601e-01
1.026437257795639463e-01
1.026229921169405923e-01
1.026019137539650738e-01
1.025820253034038648e-01
1.025613041494507077e-01
1.025422807108127415e-01
1.025260804766303380e-01
1.025089912504340978e-01
1.024947690763953478e-01
1.024801112581254781e-01
1.024683147113485959e-01
1.024545792346662765e-01
1.024418176983486334e-01
1.024342531403316658e-01
1.024233793217807359e-01
1.024119424273800122e-01
1.023975633670225621e-01
1.023862303581464517e-01
1.023718044365382052e-01
1.023570778336101716e-01
1.023403754597048965e-01
1.023249321375477860e-01
1.023057916865167394e-01
1.022879745348197755e-01
1.022677583708333088e-01
1.022451688484211224e-01
1.022240523485880986e-01
1.021992443352606611e-01
1.021752092739998674e-01
1.021506586244750325e-01
1.021190267954807385e-01
1.020937089949875420e-01
1.020628135518929364e-01
1.020306318163386461e-01
1.019990485762782145e-01
1.019664544055230715e-01
1.019339486350658436e-01
1.018978692894973170e-01
1.018658986027955182e-01
1.018248095999113034e-01
1.017882419888053447e-01
1.017537297891515369e-01
1.017151412211698414e-01
1.016782394754586899e-01
1.016434569545914685e-01
1.015984941304658024e-01
1.015622184615742191e-01
1.015194799397615560e-01
1.014779349806914921e-01
1.014371133415387649e-01
1.013961915950652160e-01
1.013582553991409230e-01
1.013118699843305603e-01
1.012733152307578738e-01
1.012313594259226235e-01
1.011891132247570296e-01
1.011465819690992723e-01
1.011032020473157378e-01
1.010604696746333353e-01
1.010203229867556729e-01
1.009753556113786727e-01
1.009347055351289685e-01
1.008932685842297422e-01
1.008461501903416824e-01
1.008067319826097541e-01
1.007610971729320376e-01
1.007216156206176411e-01
1.006749509799678283e-01
1.006331460580680570e-01
1.005915647609141039e-01
1.005466527168073221e-01
1.005039038560484599e-01
1.004629198623300246e-01
1.004193175357237788e-01
1.003779989223164970e-01
1.003350227800154371e-01
1.002907610283354234e-01
1.002481199540675438e-01
1.002075735764037662e-01
1.001643339973287278e-01
1.001214469355105607e-01
1.000777022358941698e-01
1.000346801290204479e-01
9.999409415310113458e-02
9.995059821764795682e-02
9.991149485010994424e-02
9.986862446991320863e-02
9.982892504366128184e-02
9.978781118307249176e-02
9.974938221817418460e-02
9.970672720907236553e-02
9.966865370577335237e-02
9.962874491604187255e-02
9.958903447840039558e-02
9.955519675480536956e-02
9.951535243184232715e-02
9.947761423468742814e-02
9.944128714922549628e-02
9.940689807207260531e-02
9.937463955693563722e-02
9.933608860104645166e-02
9.930329078244219676e-02
9.926708711879507485e-02
9.923569502153151145e-02
9.920481378616563539e-02
9.916660257352023777e-02
9.913687584468396097e-02
9.910735413782767456e-02
9.907508088448579997e-02
9.904827653244574481e-02
9.901799395662197467e-02
9.899129059890318660e-02
9.896088428633856293e-02
9.893303898863597956e-02
9.890881043243383852e-02
9.888378599525690649e-02
9.885819207725489444e-02
9.883264042439270092e-02
9.880845855993806992e-02
9.878673655244164797e-02
9.876139186009286197e-02
9.874323157647427185e-02
9.872357451980201537e-02
9.870152419784546105e-02
9.868263233930667233e-02
9.866300198963591506e-02
9.864492582518548380e-02
9.862883967828293963e-02
9.861176604008622948e-02
9.860127848240771153e-02
9.858194394614142042e-02
9.856724531754348928e-02
9.855280876688475578e-02
9.853897319723672887e-02
9.852827716010521819e-02
9.851437996759904170e-02
9.850236539112811052e-02
9.849096199770832061e-02
9.847976645786481187e-02
9.847060506007601632e-02
9.845841834350488320e-02
9.844810004449605634e-02
9.843991524592896059e-02
9.843308076044054999e-02
9.842286043655226746e-02
9.841409612425346121e-02
9.840184754568037651e-02
9.839637936850149924e-02
9.838804473071778578e-02
9.838104398625172053e-02
9.837187221642307300e-02
9.836709085065921399e-02
9.835843593473846125e-02
9.834850291064514693e-02
9.834123969159072609e-02
9.833439720893152880e-02
9.832773442904831074e-02
9.831940922131654492e-02
9.831150106803046573e-02
9.830546245533977601e-02
9.829903547609795955e-02
9.829307244494400742e-02
9.828344555823677331e-02
9.827453580454773019e-02
9.827082872485759513e-02
9.826356917871445495e-02
9.825571833808353917e-02
9.824943826093390786e-02
9.823824189540868168e-02
9.823223051114454707e-02
9.822444764278127904e-02
9.822164521868897991e-02
9.820878854387427026e-02
9.820136169896424849e-02
9.819417580313134775e-02
9.818697792039167427e-02
9.817636241170352163e-02
9.816759348620335279e-02
9.816178910629633214e-02
9.815267137433263123e-02
9.814340460345359618e-02
9.813346111172011055e-02
9.812547519421180309e-02
9.811919558976291145e-02
9.810875356805115466e-02
9.809939250149073142e-02
9.809275166237574339e-02
9.808422074866993134e-02
9.807216264068173428e-02
9.806478401251406130e-02
9.805826514146065431e-02
9.805148483633602252e-02
9.804517746568278125e-02
9.803343561926722294e-02
9.802851045661829799e-02
9.802315089125729353e-02
9.801656526414859183e-02
9.800893793845932844e-02
9.800144801781826565e-02
9.799635112795436476e-02
9.799183863667083882e-02
9.798831140042524313e-02
9.798278721114250800e-02
9.797930690783268615e-02
9.797534267333544988e-02
9.797062496472865034e-02
9.796805295659744006e-02
9.796480430628412561e-02
9.796369504883820079e-02
9.796281127115044618e-02
9.795966993140743651e-02
9.795792901571448441e-02
9.795924314378032238e-02
9.796065177774682109e-02
9.796214017264326390e-02
9.796246675652675595e-02
9.796592906567470893e-02
9.796769970135189853e-02
9.796857357504284991e-02
9.797462418881722201e-02
9.797824807017202486e-02
9.798179181160586448e-02
9.798583943603791924e-02
9.799344091743324159e-02
9.800040839698909156e-02
9.800637025440679662e-02
9.801525459958254638e-02
9.801980001520126107e-02
9.802816297395330891e-02
9.803986435697545354e-02
9.804813591487690494e-02
9.805773252871513579e-02
9.806539854918630561e-02
9.807842705868752287e-02
9.809041042066003746e-02
9.810047405213487282e-02
9.811621812513496299e-02
9.812443879628419963e-02
9.813762877818893449e-02
9.815177641799069375e-02
9.816474473503425391e-02
9.818105717071398675e-02
9.819598384782632361e-02
9.820967188095702793e-02
9.822719713528899055e-02
9.824023869675382881e-02
9.825552708788501399e-02
9.827265629446267636e-02
9.828730326594441180e-02
9.831163399795225799e-02
9.832836434611336163e-02
9.834711536055271153e-02
9.836525590193939683e-02
9.837900888175853120e-02
9.840164817023641652e-02
9.842273160923879771e-02
9.844189650541737557e-02
9.846582646288874752e-02
9.848632888293451515e-02
9.850808152986030575e-02
9.853086202127625537e-02
9.855341053889615788e-02
9.857822363751397865e-02
9.860231380730702377e-02
9.862748804781339140e-02
9.865334058881855550e-02
9.867795384658727131e-02
9.870519512922035221e-02
9.872849932521088334e-02
9.875860864011071216e-02
9.878506812119451641e-02
9.881617529664231403e-02
9.884447031258392080e-02
9.887187651248285913e-02
9.890316061703974260e-02
9.893315995978960165e-02
9.896519538464049193e-02
9.899776720868805335e-02
9.902860263999944956e-02
9.906320333099130626e-02
9.909658882718640205e-02
9.912997136815981936e-02
9.916753476720123472e-02
9.920010192523737169e-02
9.923888719502181599e-02
9.927573720290371051e-02
9.931507325400505681e-02
9.935339174456056521e-02
9.939193765036549721e-02
9.943308190024130466e-02
9.947536846910097486e-02
9.951707891360195291e-02
9.955959976797616739e-02
9.960131720084811069e-02
9.964875956608784668e-02
9.969092778102536800e-02
9.973550087119029128e-02
9.978074195113480205e-02
9.982581739432411227e-02
9.987865738413276295e-02
9.991968564647391027e-02
9.996791047706629629e-02
1.000117353766140083e-01
1.000579536992788343e-01
1.001038537776650639e-01
1.001499089548138210e-01
1.001960564417569144e-01
1.002436487729001791e-01
1.002863746032033876e-01
1.003327580001782404e-01
1.003790586329710577e-01
1.004281714731599523e-01
1.004742080945611737e-01
1.005307413075790524e-01
1.005820146115716240e-01
1.006430201820344983e-01
1.007003867985697410e-01
1.007659766192601086e-01
1.008303814997137532e-01
1.008998734744752934e-01
1.009744409114203545e-01
1.010492650821337157e-01
1.011192699677409684e-01
1.011858078984535364e-01
1.012643651511596077e-01
1.013391667115098316e-01
1.014132456703168289e-01
1.014833064856327238e-01
1.015470269079793986e-01
1.016098648394290482e-01
1.016610766709704072e-01
1.017137846377353660e-01
1.017550259551858183e-01
1.017921013365765681e-01
1.018267956974334282e-01
1.018520186562241331e-01
1.018682026520032619e-01
1.018854962757722582e-01
1.018983453669406458e-01
1.019075091063527672e-01
1.019160662205013113e-01
1.019198489914366762e-01
1.019238562871503800e-01
1.019243863259336746e-01
1.019264323885613610e-01
1.019264226556064745e-01
1.019278098923869086e-01
1.019282523550173458e-01
1.019280998909626451e-01
1.019318330355334645e-01
1.019316933435393813e-01
1.019302275555790255e-01
1.019307415651931753e-01
1.019316559282964635e-01
1.019311463885392288e-01
1.019330680831245783e-01
1.019332773560164829e-01
1.019308219677577537e-01
1.019308503893542883e-01
1.019279807951526673e-01
1.019250066554112655e-01
1.019206127324499556e-01
1.019171937202509315e-01
1.019137845721891089e-01
1.019128487854913251e-01
1.019098803646414642e-01
1.019105936078325281e-01
1.019091111892066193e-01
1.019091001688456344e-01
1.019059677811684217e-01
1.019046221264776064e-01
1.019066993645980912e-01
1.019076919071928572e-01
1.019076091873960255e-01
1.019054193948933096e-01
1.019082594135169578e-01
1.019066602218323542e-01
1.019055998364593596e-01
1.019029696622468922e-01
1.019009224874067032e-01
1.018971910719586732e-01
1.018991758824789040e-01
1.018969363402446315e-01
1.018939108002430149e-01
1.018894071588467287e-01
1.018839786726057905e-01
1.018773644269325152e-01
1.018710085094217260e-01
1.018622169706626807e-01
1.018519858194043837e-01
1.018435602207995311e-01
1.018280962541868451e-01
1.018136884928112357e-01
1.017984873446781541e-01
1.017790683289191284e-01
1.017642110537385763e-01
1.017470250201043952e-01
1.017283844901143153e-01
1.017098198423382199e-01
1.016947824743972134e-01
1.016742247815785594e-01
1.016599026689195689e-01
1.016424011015990003e-01
1.016278292350872858e-01
1.016121959313462386e-01
1.015971941578034526e-01
1.015849874005142484e-01
1.015702036965906441e-01
1.015540324027070229e-01
1.015437296496503328e-01
1.015283181434685211e-01
1.015134910530879064e-01
1.014981341068738191e-01
1.014778307236528093e-01
1.014641088158721310e-01
1.014480010601926524e-01
1.014313644762721012e-01
1.014197832752043310e-01
1.014024847857068479e-01
1.013896957408681743e-01
1.013718267176415000e-01
1.013567081582617546e-01
1.013433204218923273e-01
1.013262081971628287e-01
1.013078248279673660e-01
1.012906439179236395e-01
1.012736496256145813e-01
1.012535919602788881e-01
1.012334642024666220e-01
1.012142825676622532e-01
1.011940897087230951e-01
1.011733212082012584e-01
1.011518159972787934e-01
1.011324122748201854e-01
1.011100325078354428e-01
1.010856902936499296e-01
1.010622762539364616e-01
1.010429230759862657e-01
1.010180583999240739e-01
1.009976535515850621e-01
1.009761693456338871e-01
1.009539764305328879e-01
1.009315336593787915e-01
1.009093047649076424e-01
1.008864286117378689e-01
1.008686531912315748e-01
1.008454344337311875e-01
1.008238452064299934e-01
1.008034727323439128e-01
1.007786510763392512e-01
1.007593588601255613e-01
1.007381158512794389e-01
1.007191911992216526e-01
1.006941952071398055e-01
1.006741903483757972e-01
1.006537465057585762e-01
1.006319631658999791e-01
1.006113740149599534e-01
1.005876270953880436e-01
1.005714125200712628e-01
1.005488946358674834e-01
1.005231124898272321e-01
1.005035951669292216e-01
1.004817241579381848e-01
1.004596142649657742e-01
1.004396170447232617e-01
1.004171171903566889e-01
1.003970017232418410e-01
1.003716675562661559e-01
1.003503208629078630e-01
1.003271368991439233e-01
1.003068879908298461e-01
1.002875703049698058e-01
1.002618688276813164e-01
1.002429228169570696e-01
1.002214072159239855e-01
1.001962537203590908e-01
1.001768484536948167e-01
1.001516216853680225e-01
1.001338762913956959e-01
1.001119833235648987e-01
1.000929223975804694e-01
1.000726016246423211e-01
1.000505447284883997e-01
1.000314037001606149e-01
1.000110626125332303e-01
9.999198474139787962e-02
9.997371624497633502e-02
9.995397826180078826e-02
9.993583379306884840e-02
9.992049484807076498e-02
9.990068508831642657e-02
9.988666448361968597e-02
9.986673198686546460e-02
9.985700146478834749e-02
9.984014463415233354e-02
9.982739806495664892e-02
9.981184471190833463e-02
9.979814308664863853e-02
9.978858186781944251e-02
9.977313793310055301e-02
9.976321255040998537e-02
9.975084187903597577e-02
9.973953905525898000e-02
9.973147650212983717e-02
9.971930927275123036e-02
9.971181993317405901e-02
9.970272389067710850e-02
9.969486178452385827e-02
9.968881821707296920e-02
9.968515442197532772e-02
9.967435396023971439e-02
9.966558654915011473e-02
9.965917924312137077e-02
9.965710382288520131e-02
9.965193592647381138e-02
9.964567128591236833e-02
9.964080745966470698e-02
9.963468252961868443e-02
9.963141171333159130e-02
9.962687040818775375e-02
9.962360742910288114e-02
9.962133722789003054e-02
9.961902613351814040e-02
9.961546674862972739e-02
9.961120804889618541e-02
9.960806310795930485e-02
9.960591384857868380e-02
9.960022470073497114e-02
9.959865573714499210e-02
9.959569032414722356e-02
9.959351511857782169e-02
9.959225311018210514e-02
9.958952775591814466e-02
9.958732924667025588e-02
9.958482905311340228e-02
9.958381538736110761e-02
9.958034964960069124e-02
9.957622803258749100e-02
9.957226837092170157e-02
9.957126141191169344e-02
9.956462413698857761e-02
9.956118568290613091e-02
9.955875358187078750e-02
9.955574379624039516e-02
9.954995173458752733e-02
9.954802260388659341e-02
9.954327884582833685e-02
9.953952025929610481e-02
9.953383990813008397e-02
9.952634662089761275e-02
9.952320316415970425e-02
9.951877374211599847e-02
9.951156946341159493e-02
9.950932031032480585e-02
9.950421241862346389e-02
9.949762285243418658e-02
9.949133236126890545e-02
9.948321782764774079e-02
9.947852017876046560e-02
9.947257330779013529e-02
9.946666757697776584e-02
9.945930591156423861e-02
9.945222088865511567e-02
9.944784635968452469e-02
9.943932485092329965e-02
9.943455999434297476e-02
9.942335657866711862e-02
9.941929570636055813e-02
9.941469396001950676e-02
9.940796226215936615e-02
9.940115831963207416e-02
9.939273136774426365e-02
9.938062749875134494e-02
9.937662868982975739e-02
9.936987472094986618e-02
9.936132682808045125e-02
9.934896392378433916e-02
9.934532734708417800e-02
9.934105181379832006e-02
9.933078697426303560e-02
9.932462470210681738e-02
9.931971409298176456e-02
9.930830199019893834e-02
9.930333664185944653e-02
9.930000259910133631e-02
9.929245061421235197e-02
9.928380196924972700e-02
9.927594665430024279e-02
9.927132669369760631e-02
9.926774247795272510e-02
9.926565264501815977e-02
9.926303660905616555e-02
9.925367759343864393e-02
9.924886896428056215e-02
9.924535724827046601e-02
9.924426237660810557e-02
9.924408711781550207e-02
9.924119042148507597e-02
9.924020096137813052e-02
9.923807570676493328e-02
9.923907998248625295e-02
9.923852516364325971e-02
9.923714576395438469e-02
9.924185854569034237e-02
9.924309470236181152e-02
9.924330175429182943e-02
9.924837265627281524e-02
9.925126706244194463e-02
9.925711907294082481e-02
9.926076003947081894e-02
9.926748931080095484e-02
9.927486010910652192e-02
9.927935852524977234e-02
9.928746266196487869e-02
9.929230695714387489e-02
9.930230766462434799e-02
9.930858816576106085e-02
9.931880523368465108e-02
9.933123042803468361e-02
9.934076883814937919e-02
9.935028110454374728e-02
9.935996028098166566e-02
9.937114713654027209e-02
9.938878464740801000e-02
9.939986006927874207e-02
9.941351627236766353e-02
9.942517909710457680e-02
9.943823242715535415e-02
9.945358935072758089e-02
9.946487652385793687e-02
9.948074966243464212e-02
9.949313890000961724e-02
9.950905099646067953e-02
9.952543462065002733e-02
9.953976145038473389e-02
9.955560558142279026e-02
9.956923396276687321e-02
9.958600292958094680e-02
9.960313880850414636e-02
9.961917241055188998e-02
9.963227543781752460e-02
9.964815899883622263e-02
9.966034590595636289e-02
9.967462136098081960e-02
9.968669153053481835e-02
9.970530391557735905e-02
9.971777684791353902e-02
9.972994247851883765e-02
9.974296258032178120e-02
9.975362200377996258e-02
9.976052818942537925e-02
9.977395525460827641e-02
9.978285741215359161e-02
9.979185236284912608e-02
9.980462786454091795e-02
9.980818825708034914e-02
9.981931158731674469e-02
9.982682045734120324e-02
9.983371808826366212e-02
9.984043523443325574e-02
9.984562122950599306e-02
9.985190303282223678e-02
9.985796622814893664e-02
9.986111416279705444e-02
9.986363376934140335e-02
9.986881401098332556e-02
9.987123025310337687e-02
9.987504793070571540e-02
9.987881355208785839e-02
9.988546612257157009e-02
9.988815012461416121e-02
9.988835539860524415e-02
9.989216597652644802e-02
9.989552299168334704e-02
9.989789940418937475e-02
9.989791747254556098e-02
9.990154673175388744e-02
9.990249560707815946e-02
9.990509377449263706e-02
9.990550183985233423e-02
9.990807751052421803e-02
9.990879155314497106e-02
9.990766476233696458e-02
9.990810497012346525e-02
9.990650201851219991e-02
9.990494674611641313e-02
9.990415269231715800e-02
9.990212198740337779e-02
9.989801553323615635e-02
9.989508409625724727e-02
9.989123603785299288e-02
9.988723557112649809e-02
9.988329629240483287e-02
9.987860546164796516e-02
9.987376446760473647e-02
9.986738416133483787e-02
9.986032352604196083e-02
9.984976291183163266e-02
9.984281148650908655e-02
9.983225258997494023e-02
9.982499323692826942e-02
9.981568751948050044e-02
9.980429673994621609e-02
9.979227362971546111e-02
9.978353251366886556e-02
9.977149807939081350e-02
9.975820666714446672e-02
9.974706169181170312e-02
9.973669259459337633e-02
9.972352284247346099e-02
9.971174723335055057e-02
9.970189621493455445e-02
9.968914594211983338e-02
9.967706796952272019e-02
9.966585391071403066e-02
9.965512821066184468e-02
9.964508894984445975e-02
9.963282354952987530e-02
9.962130885550518622e-02
9.960998875799115249e-02
9.960051901232445937e-02
9.959143286610633306e-02
9.958273664154618232e-02
9.957683609146700254e-02
9.956584172086363482e-02
9.955788073748449152e-02
9.955072288081620591e-02
9.954308836398528815e-02
9.953962916536525374e-02
9.953644917573473139e-02
9.953187091458721991e-02
9.952764873466991846e-02
9.952138196628723676e-02
9.952036182943005405e-02
9.951929650999813415e-02
9.951830453099762275e-02
9.951965327262329852e-02
9.951790069488428148e-02
9.952076446048582770e-02
9.952134066072186591e-02
9.952591607918664929e-02
9.952833807879982175e-02
9.953627919685772985e-02
9.954030919965137225e-02
9.954801329124296494e-02
9.955639217953517195e-02
9.956538113998003592e-02
9.957438334063467567e-02
9.958452608305752574e-02
9.960012615550217774e-02
9.961000516388479609e-02
9.962476231357654533e-02
9.964049197390524581e-02
9.965223320789751149e-02
9.966907719287328160e-02
9.968705857879898991e-02
9.970309721516318335e-02
9.972333825588493295e-02
9.974402950287193648e-02
9.975930384486461633e-02
9.977804406411594496e-02
9.979789278497240568e-02
9.981593007869697665e-02
9.984061599893750971e-02
9.986036767953269944e-02
9.988828131660425214e-02
9.991435166898018916e-02
9.994079872783673268e-02
9.997096797891376341e-02
1.000170869988606659e-01
1.000516338873442823e-01
1.000854966641043925e-01
1.001138427301976191e-01
1.001434488540209888e-01
1.001740618446829156e-01
1.002029664618339228e-01
1.002317322955950524e-01
1.002589141024876895e-01
1.002855355030345952e-01
1.003161951346888264e-01
1.003479277363763800e-01
1.003712979739998373e-01
1.004009952270725065e-01
1.004305036495844461e-01
1.004583476989594076e-01
1.004841093855204509e-01
1.005094588534482802e-01
1.005352948938061930e-01
1.005614463296162497e-01
1.005880286567123333e-01
1.006142448087233160e-01
1.006425255093413157e-01
1.006712698655800181e-01
1.007002313907966046e-01
1.007283768267941693e-01
1.007553802814187549e-01
1.007845991314486739e-01
1.008128654624752263e-01
1.008383138864938355e-01
1.008654800542952840e-01
1.008901995362879167e-01
1.009169282621201896e-01
1.009428407549378126e-01
1.009699885734584995e-01
1.009957131406750974e-01
1.010220104856291573e-01
1.010459781794701001e-01
1.010749554486910368e-01
1.011060998643516784e-01
1.011331302187523928e-01
1.011609538457652752e-01
1.011909334927702381e-01
1.012176456451051865e-01
1.012447336745302545e-01
1.012673206006522164e-01
1.012845027232119610e-01
1.013048640028196973e-01
1.013192534993793137e-01
1.013365858016141985e-01
1.013461989071745839e-01
1.013580821962188627e-01
1.013676197658471556e-01
1.013779218918875041e-01
1.013848702109176741e-01
1.013927812222979591e-01
1.013989250271672554e-01
1.014020737082713119e-01
1.014082148660785387e-01
1.014099549267463707e-01
1.014098961670523852e-01
1.014096150880162694e-01
1.014098096199544663e-01
1.014090902822558926e-01
1.014056759163664834e-01
1.013970524407267898e-01
1.013930290797696865e-01
1.013877661606694403e-01
1.013787109210788490e-01
1.013706607948416660e-01
1.013648756280593199e-01
1.013593455237681712e-01
1.013528140945228750e-01
1.013452305194636610e-01
1.013386408241079700e-01
1.013305567205540630e-01
1.013243766293943082e-01
1.013181475130733172e-01
1.013112847206849021e-01
1.013027492658693934e-01
1.012937878594351582e-01
1.012873181845610759e-01
1.012760301221925785e-01
1.012680821175913487e-01
1.012593082760960828e-01
1.012485748090001247e-01
1.012373237726958142e-01
1.012229893511218948e-01
1.012116570390281661e-01
1.011964014976514392e-01
1.011843767654976994e-01
1.011694420333748984e-01
1.011586495850535089e-01
1.011414393725067196e-01
1.011302685581307037e-01
1.011139713717503913e-01
1.010995665000018889e-01
1.010805771009598564e-01
1.010650570420335154e-01
1.010480885666981410e-01
1.010297339276416961e-01
1.010130898809025318e-01
1.009946655301587337e-01
1.009720920455250137e-01
1.009539134889636675e-01
1.009356590016464855e-01
1.009167263876512982e-01
1.008981520590229441e-01
1.008783426859771737e-01
1.008616275022995168e-01
1.008412680429759123e-01
1.008274789542018129e-01
1.008113974124004719e-01
1.007945996588571758e-01
1.007757480788469967e-01
1.007585816928832229e-01
1.007391680830654335e-01
1.007184544084003264e-01
1.006982545383745264e-01
1.006773887895157094e-01
1.006549367209409462e-01
1.006357688073347689e-01
1.006099449064943863e-01
1.005853728098897171e-01
1.005620732054950534e-01
1.005393378606083549e-01
1.005135929015621571e-01
1.004932984066368162e-01
1.004657662101144100e-01
1.004417169759938278e-01
1.004151311924149359e-01
1.003930666650381942e-01
1.003663603754888778e-01
1.003423101632013315e-01
1.003196787135286761e-01
1.002923680994829703e-01
1.002675393562853512e-01
1.002410333630916889e-01
1.002155847841648129e-01
1.001914045916982160e-01
1.001678280783303010e-01
1.001450513365055445e-01
1.001193645608277616e-01
1.000954821846800347e-01
1.000720253760011974e-01
1.000484609128776958e-01
1.000277512738866059e-01
1.000039154159389349e-01
9.997933846519899137e-02
9.996018408710105607e-02
9.993773709626964374e-02
9.991480073409757245e-02
9.989469887116403379e-02
9.987264662171192742e-02
9.985490054602509657e-02
9.983502990503898000e-02
9.981809256149065668e-02
9.979773809450775968e-02
9.978252025458975161e-02
9.976394109584124648e-02
9.974719945784372988e-02
9.973271703648679820e-02
9.972002759972230235e-02
9.970446530526572149e-02
9.969164817545933532e-02
9.967986627564406898e-02
9.966588958825207956e-02
9.965709667691328988e-02
9.964693196548472798e-02
9.963557240814800708e-02
9.962692373118496592e-02
9.961584132475838349e-02
9.960859465073799990e-02
9.960026205690208911e-02
9.959542686238818943e-02
9.959058791700640956e-02
9.958547655727661985e-02
9.957948413914852193e-02
9.957601192418086278e-02
9.957384059464993720e-02
9.957079571039156862e-02
9.956652111516753334e-02
9.956372664463666866e-02
9.956675511357457320e-02
9.956463445951097002e-02
9.956385839723011499e-02
9.956635796605241284e-02
9.956714991852151642e-02
9.956830218619922013e-02
9.957327138505206454e-02
9.957761301928011455e-02
9.958050809148048799e-02
9.958097402423241040e-02
9.958602488440027045e-02
9.958967458805159656e-02
9.959375275170415098e-02
9.960333215770297843e-02
9.960646789280958036e-02
9.961341932525986931e-02
9.962019813716566086e-02
9.962759022227293815e-02
9.963473924970146778e-02
9.964114777985182136e-02
9.964972507511615785e-02
9.965928964294998305e-02
9.966561078319483014e-02
9.967425606562110851e-02
9.968320066409869229e-02
9.969081928005668614e-02
9.970308039528523458e-02
9.970825587003723234e-02
9.971876352701999902e-02
9.972707323698871973e-02
9.973490246655568325e-02
9.974377276547574667e-02
9.975088749928487375e-02
9.976237297863922715e-02
9.976945471683820732e-02
9.978045125965732953e-02
9.978541077033666051e-02
9.979425155309856743e-02
9.980469657508216075e-02
9.980948349810393749e-02
9.981892693511269787e-02
9.982748856066854526e-02
9.983363518358634447e-02
9.983996682510486165e-02
9.984549364043709963e-02
9.985143956561839951e-02
9.985805034251746259e-02
9.986557588173580746e-02
9.987089567557203007e-02
9.987749959427699720e-02
9.988308554430747055e-02
9.988772676405839601e-02
9.989171811574826254e-02
9.989560788936650837e-02
9.989905647683361423e-02
9.990296842555382306e-02
9.990702222954100931e-02
9.991104111668519527e-02
9.991572112624028112e-02
9.991793180194449842e-02
9.991994513759695773e-02
9.992497496529847978e-02
9.992729369833486253e-02
9.992984268244940738e-02
9.993326598759758039e-02
9.993422233287888035e-02
9.993693300333819640e-02
9.993815007604668621e-02
9.994102518586107931e-02
9.994260517898076457e-02
9.994430759129432906e-02
9.994799862264805435e-02
9.995090519510779759e-02
9.995363352554287317e-02
9.995555043001271012e-02
9.995822211632759968e-02
9.996088946272603526e-02
9.996345408030013480e-02
9.996741145591779565e-02
9.996789874188136138e-02
9.997051840658921495e-02
9.997299809036311324e-02
9.997611367957129347e-02
9.998028784442677952e-02
9.998275058747435606e-02
9.998487753643875431e-02
9.999079950182884757e-02
9.999375358128376190e-02
9.999775183871242867e-02
1.000003654713013113e-01
1.000025888151033354e-01
1.000057686405075585e-01
1.000107684370879629e-01
1.000129715058434288e-01
1.000182160549976940e-01
1.000198351551580267e-01
1.000256092710104516e-01
1.000286152402087431e-01
1.000308649693265745e-01
1.000353624682331355e-01
1.000362052464066343e-01
1.000376394952436354e-01
1.000416028623720976e-01
1.000463301636990987e-01
1.000508075930929552e-01
1.000507727284765669e-01
1.000533709205722460e-01
1.000544736185774719e-01
1.000548659913648719e-01
1.000571530823759769e-01
1.000578516573885912e-01
1.000581834976521090e-01
1.000579466402170131e-01
1.000581910415688919e-01
1.000552033703170779e-01
1.000536765663597866e-01
1.000518387386763602e-01
1.000500602872836931e-01
1.000462726998332663e-01
1.000425674507728485e-01
1.000368832158343713e-01
1.000311212732225702e-01
1.000250261193419421e-01
1.000177513402071144e-01
1.000099857298630823e-01
1.000043600588345211e-01
9.999681475309385448e-02
9.998670818969759844e-02
9.997505777158657847e-02
9.996760189490100368e-02
9.995695644131488700e-02
9.994903651846590020e-02
9.993929401627958675e-02
9.992704216186665267e-02
9.991689314190446702e-02
9.990469786054972934e-02
9.989529824277212922e-02
9.988354433051480075e-02
9.987216895745029688e-02
9.986308280913022695e-02
9.985198292536393017e-02
9.984096253501859031e-02
9.982975633204028976e-02
9.982189547453586276e-02
9.981080488092380909e-02
9.980223803999718757e-02
9.979160401656567148e-02
9.978012810827843748e-02
9.977155273733491481e-02
9.976387566443942201e-02
9.975394649589183760e-02
9.974462055931961058e-02
9.973866062971192825e-02
9.973154891951764578e-02
9.972449314136644372e-02
9.971437439557681581e-02
9.970877810702605260e-02
9.970379264962982158e-02
9.969740142644978320e-02
9.969289560597835442e-02
9.968725429057424814e-02
9.967798777701870894e-02
9.967209488016405550e-02
9.966908453477082985e-02
9.966431102179476587e-02
9.966081885941836804e-02
9.965941887124611653e-02
9.965516856644829335e-02
9.964971766404405462e-02
9.964738711788705128e-02
9.964292288326688507e-02
9.964257199805300058e-02
9.964104131325293712e-02
9.964057906824941302e-02
9.963831394092294291e-02
9.963930734054959881e-02
9.963879937778552520e-02
9.963594191659222443e-02
9.963694919835577868e-02
9.963718773256249883e-02
9.963749368561317099e-02
9.963483190390273747e-02
9.963919900326304036e-02
9.963805647663183385e-02
9.963916374164394352e-02
9.963953495306844543e-02
9.964081492052523359e-02
9.964341615987247491e-02
9.964658351740918185e-02
9.964654767658262524e-02
9.964731240870434992e-02
9.964967333105732850e-02
9.964901825180974559e-02
9.965530923016337195e-02
9.965596325991045445e-02
9.965771195087812229e-02
9.965763569012084377e-02
9.965975977427489474e-02
9.966149378216665466e-02
9.966463908210303202e-02
9.966707427778910555e-02
9.966898351290856550e-02
9.967204349513530959e-02
9.967546041893919628e-02
9.967890868851304875e-02
9.967993219259579929e-02
9.968503390956201526e-02
9.968638753547776066e-02
9.969051486758567782e-02
9.969351811790141960e-02
9.969541509001998703e-02
9.969817981485283587e-02
9.970137625480249288e-02
9.970636826935931618e-02
9.970900947679917081e-02
9.971419082281904323e-02
9.971631320560053746e-02
9.972045414603158964e-02
9.972291876249982090e-02
9.972589554187585859e-02
9.973044077977963329e-02
9.973614576171910273e-02
9.974106681521144324e-02
9.974491307110300298e-02
9.974916901332563091e-02
9.975420841809573558e-02
9.975979289769630609e-02
9.976341875384553415e-02
9.977073655370584382e-02
9.977551743883195101e-02
9.978369728778796466e-02
9.979154890573037340e-02
9.979669677275854189e-02
9.980531796423504354e-02
9.981326302561299713e-02
9.982190834823281844e-02
9.983352835841256823e-02
9.984032205971822560e-02
9.985128516433239287e-02
9.986210108455612078e-02
9.987250791485695334e-02
9.988351627255513676e-02
9.989582024132952209e-02
9.990931496878231732e-02
9.992100374612811198e-02
9.993354758081791911e-02
9.994764459948986268e-02
9.996293022890045954e-02
9.997624041797835426e-02
9.999467978552520342e-02
1.000085295672738933e-01
1.000247698553962394e-01
1.000414901568247861e-01
1.000574126110934520e-01
1.000760445222545064e-01
1.000937102151367025e-01
1.001102803707582395e-01
1.001286300696021953e-01
1.001482200839080849e-01
1.001663680080290553e-01
1.001890226549670138e-01
1.002121960047557270e-01
1.002351042895805733e-01
1.002596658626149773e-01
1.002849550231676712e-01
1.003069439946259328e-01
1.003296655719428665e-01
1.003523048634829551e-01
1.003749376211837824e-01
1.004021249100888746e-01
1.004217808002839524e-01
1.004459497932203016e-01
1.004682741990330641e-01
1.004881082685599170e-01
1.005123651321687683e-01
1.005330074801939200e-01
1.005511086464824233e-01
1.005716366777590909e-01
1.005903465479593417e-01
1.006098658352375386e-01
1.006255394856308272e-01
1.006452753250876020e-01
1.006631241696248763e-01
1.006784637964189683e-01
1.006996034077261987e-01
1.007152679997272704e-01
1.007329851855148228e-01
1.007501591897628085e-01
1.007661050827562410e-01
1.007829433269180758e-01
1.007997332285986286e-01
1.008163051738772131e-01
1.008331640458484668e-01
1.008468098324377810e-01
1.008644160450949678e-01
1.008798259826925170e-01
1.008980148773575836e-01
1.009121921950179163e-01
1.009298533697667172e-01
1.009395137749242721e-01
1.009558067011778332e-01
1.009691828727976581e-01
1.009798293615561532e-01
1.009960949329988256e-01
1.010095014242960165e-01
1.010239974754253978e-01
1.010367166388841109e-01
1.010470890670043531e-01
1.010569438843108431e-01
1.010690716993123406e-01
1.010790851149806768e-01
1.010876647856689403e-01
1.010987592281112624e-01
1.011086183712347208e-01
1.011165636784978755e-01
1.011231742048758486e-01
1.011272946396063882e-01
1.011335112148883941e-01
1.011391976702312040e-01
1.011435528656396826e-01
1.011495675836209807e-01
1.011500351484741628e-01
1.011496543568173867e-01
1.011507004403494059e-01
1.011508739022185799e-01
1.011506980898167901e-01
1.011512901186796404e-01
1.011482147764306144e-01
1.011468914242531214e-01
1.011450085198329907e-01
1.011429137262139927e-01
1.011398030438072221e-01
1.011369427064787441e-01
1.011313882614921222e-01
1.011280421589623862e-01
1.011211539174316498e-01
1.011132652869957266e-01
1.011057483769730314e-01
1.011012595007737269e-01
1.010961550388671942e-01
1.010867408586777205e-01
1.010792326598412283e-01
1.010722586281457003e-01
1.010652064811699002e-01
1.010555047981283872e-01
