7.737662277765232355e-02
7.804172548574023205e-02
7.871477096454015943e-02
7.941612620858612415e-02
8.008744565838332718e-02
8.084528781732409908e-02
8.156860843948120221e-02
8.212091258316495113e-02
8.278204532602904953e-02
8.333592742204477821e-02
8.392668702579587914e-02
8.461923932600572129e-02
8.521564754376045880e-02
8.585396285881941036e-02
8.635092897437447734e-02
8.709198525634644084e-02
8.761103553109655939e-02
8.805822735020400749e-02
8.888262578412226000e-02
8.942533279434844440e-02
9.006730147552771681e-02
9.045582828705671374e-02
9.103982378461036862e-02
9.170493758729122979e-02
9.218636609955818684e-02
9.263757758006409271e-02
9.335348338318098793e-02
9.380558499433633290e-02
9.436266557962651180e-02
9.481632571006751165e-02
9.533892241365739262e-02
9.583927966947344834e-02
9.632080969727746522e-02
9.670960393620794959e-02
9.740169345629894060e-02
9.788259976203655954e-02
9.826446743478131629e-02
9.872329635568155570e-02
9.931998058205251945e-02
9.979340360006043464e-02
1.002816147206546105e-01
1.008484984189556011e-01
1.012637827334239571e-01
1.015636007371994998e-01
1.019788991615427770e-01
1.022634420875758454e-01
1.027571774381842579e-01
1.031271128891379091e-01
1.035479785577983064e-01
1.037827174340508612e-01
1.041391927913902504e-01
1.043971210288147655e-01
1.048355925831661595e-01
1.051165901499048067e-01
1.055442544776011571e-01
1.058519368935659233e-01
1.060239323071851258e-01
1.063819012763140281e-01
1.066645647749076276e-01
1.069154614653974600e-01
1.070994216374093477e-01
1.075465149617898658e-01
1.076256908631283704e-01
1.080519839632014534e-01
1.083880660420564884e-01
1.085740838476954573e-01
1.087662532133718829e-01
1.090509142856195823e-01
1.091850455338233966e-01
1.094392079596793049e-01
1.098233264714727209e-01
1.100236132574071712e-01
1.101624103712933872e-01
1.103908574322433472e-01
1.104229388628444886e-01
1.106237185402574041e-01
1.108064336216056933e-01
1.110221297618962516e-01
1.112458247789775423e-01
1.113711233277215468e-01
1.115445316468353792e-01
1.117498419033076673e-01
1.119317445886325590e-01
1.122544748989439678e-01
1.123176889250989269e-01
1.123197368289862025e-01
1.124177916313480463e-01
1.125147601295087979e-01
1.125077302838226045e-01
1.125499761113049058e-01
1.127285752121537921e-01
1.127945136805886817e-01
1.128583455011118730e-01
1.129437091873367466e-01
1.130643521992537731e-01
1.131298572479923631e-01
1.132613829436492636e-01
1.132979113107853431e-01
1.133722596139255523e-01
1.134213038669933810e-01
1.134837790243488631e-01
1.135118793656650360e-01
1.135267948774920654e-01
1.135393345187795389e-01
1.135661315487535850e-01
1.135913983175015907e-01
1.135563774228908474e-01
1.135753976463913517e-01
1.135720406073997407e-01
1.135766204019439674e-01
1.135931473452732876e-01
1.135975475354300546e-01
1.135991416351944949e-01
1.135924200269297912e-01
1.135953403002405299e-01
1.136100073098008367e-01
1.136177195958121833e-01
1.136199759887194793e-01
1.136373683146833236e-01
1.136421532915373039e-01
1.136548163944246653e-01
1.136540447130558046e-01
1.136479239402572589e-01
1.136503169838358751e-01
1.136389256095531042e-01
1.136437647098630654e-01
1.135744385063211376e-01
1.135350911161071286e-01
1.135118197596391154e-01
1.134501910776526262e-01
1.133497754083799547e-01
1.132866096984768978e-01
1.131483959224471175e-01
1.130599620219903123e-01
1.129764739181371019e-01
1.128336730442892899e-01
1.127220444624737333e-01
1.126641391552561655e-01
1.125532888172088852e-01
1.124577513003824081e-01
1.123632945457252452e-01
1.122325965901556921e-01
1.121878001008429215e-01
1.120984164208424783e-01
1.120106396170980345e-01
1.119265971981651953e-01
1.118265857726655765e-01
1.117366074485138805e-01
1.116628984353826293e-01
1.115504915331302221e-01
1.114276124438394328e-01
1.112803322600784683e-01
1.111645965114107237e-01
1.110180069268201647e-01
1.108648693835732335e-01
1.107464662396116795e-01
1.105538537183493042e-01
1.103947043203717115e-01
1.102156634666112967e-01
1.100552136435760803e-01
1.099115064715811274e-01
1.097509926796453317e-01
1.095863868338058655e-01
1.094076359709522106e-01
1.092225117382536470e-01
1.090644408355182504e-01
1.089043227261355939e-01
1.087565442989946729e-01
1.086019628011429816e-01
1.084021276846620918e-01
1.082857177256575376e-01
1.081077725482927077e-01
1.079263581630457297e-01
1.077550184861075788e-01
1.075846661141086347e-01
1.074099337444548719e-01
1.072235185040671807e-01
1.070387612594272952e-01
1.068626277221930987e-01
1.066863726151213304e-01
1.064990127611943616e-01
1.062653417160056846e-01
1.061070411238813627e-01
1.059431287206317879e-01
1.057590309958474917e-01
1.055600961187532355e-01
1.054030932870080040e-01
1.052090300964847180e-01
1.050182499436142364e-01
1.048640423557655188e-01
1.047034625554349313e-01
1.045112254598478119e-01
1.043350755665167079e-01
1.041236037536557579e-01
1.039498400844664494e-01
1.037821787445311894e-01
1.035777961021139837e-01
1.033872994086995900e-01
1.032115350440411666e-01
1.030214075557521758e-01
1.028400903926579707e-01
1.026616564354904393e-01
1.024846956524153030e-01
1.022956507613884541e-01
1.021254549704538328e-01
1.019266639606878078e-01
1.017318116782062881e-01
1.015754004955602557e-01
1.013970100884350189e-01
1.012206164935055830e-01
1.010631958003802705e-01
1.009170203556785245e-01
1.007461221687808023e-01
1.005803412942547770e-01
1.004331628109174646e-01
1.002691719407055315e-01
1.001106481675035770e-01
9.996932288107221454e-02
9.981509846711741907e-02
9.965099028477548970e-02
9.953022519188781114e-02
9.937206193561312628e-02
9.924867715673339752e-02
9.911256202947657523e-02
9.896010118638592923e-02
9.884457512802667656e-02
9.869498645790752978e-02
9.860451964929606294e-02
9.845855074070777868e-02
9.831458520861455219e-02
9.821657525427732183e-02
9.807016525771863891e-02
9.795989351378861509e-02
9.785304225010926782e-02
9.773509457959603242e-02
9.763195061685264742e-02
9.752663772431117983e-02
9.742880189041716599e-02
9.731708154189908089e-02
9.720921808846269552e-02
9.712762258672980042e-02
9.701909484408198503e-02
9.693584813652228460e-02
9.683320185084401399e-02
9.674534913885966814e-02
9.668001690560175387e-02
9.657247746175139091e-02
9.650771457087514715e-02
9.642606176470822077e-02
9.635226776858538122e-02
9.627789766408634264e-02
9.620014090141267016e-02
9.617026660883980227e-02
9.608057464100536182e-02
9.602266570077738761e-02
9.596769373448266194e-02
9.592968935420843890e-02
9.585492120733102306e-02
9.582938134960161669e-02
9.577748733631308298e-02
9.573162349566551044e-02
9.569499664552272300e-02
9.567848444061120838e-02
9.563151962763107028e-02
9.559280343343705411e-02
9.556694258203879411e-02
9.555784069059983232e-02
9.553400995758332126e-02
9.553487398716875578e-02
9.548019003026024520e-02
9.545761474389199974e-02
9.546005480975794377e-02
9.544662874994874757e-02
9.542093864207432108e-02
9.543983698612036604e-02
9.543960029134343492e-02
9.544205694086127512e-02
9.541611533180310856e-02
9.539731793495703771e-02
9.541089419400450300e-02
9.547092948737651019e-02
9.543432474527488441e-02
9.546333879807031297e-02
9.547616597399510852e-02
9.550695572745658557e-02
9.553559751582960113e-02
9.553248114919066225e-02
9.558786469154657850e-02
9.559641028971010979e-02
9.563664088511365791e-02
9.569670670479481223e-02
9.574352874483048337e-02
9.578743831855755786e-02
9.582048915542282219e-02
9.587444628707751659e-02
9.591386206402735537e-02
9.596128431399959802e-02
9.603043107955246127e-02
9.609437438263387921e-02
9.613682724827707360e-02
9.619192423735302422e-02
9.625300709452962178e-02
9.632136382046911638e-02
9.638167612917895866e-02
9.645773800603539561e-02
9.653019716043111098e-02
9.661391683952970377e-02
9.666792469358798101e-02
9.674723861443673689e-02
9.683266392368676534e-02
9.689670295950353340e-02
9.698225699449840309e-02
9.707474325080511779e-02
9.713693309069464099e-02
9.719912515955558829e-02
9.731113994324036565e-02
9.736689905282558399e-02
9.746722013519956707e-02
9.756611648066115805e-02
9.764393109801465520e-02
9.772139494460439779e-02
9.782758446784388384e-02
9.790770181328528610e-02
9.801544230880633590e-02
9.810392186647211299e-02
9.819248554719806066e-02
9.827456530273157020e-02
9.838163055207295449e-02
9.848291652765597815e-02
9.856936346251944647e-02
9.865589672360805529e-02
9.875870827281929554e-02
9.885366269124228056e-02
9.895436795880559189e-02
9.902778850200369409e-02
9.914631212883348588e-02
9.924151160036899511e-02
9.932661139993169408e-02
9.940989032403199643e-02
9.950722057504596263e-02
9.962696229616826993e-02
9.970750236056455384e-02
9.981655664930981497e-02
9.989616823453553729e-02
9.999452126056293522e-02
1.000877754544537146e-01
1.001861567578514467e-01
1.002747161302077472e-01
1.003623417567593573e-01
1.004724048745099102e-01
1.005682906027748208e-01
1.006586322419298629e-01
1.007541099132812645e-01
1.008297571007351900e-01
1.009544650235399965e-01
1.010319288869613863e-01
1.011130618900775574e-01
1.011991287530866063e-01
1.012871251403679312e-01
1.013714881797294770e-01
1.014522928763963577e-01
1.015518665093324974e-01
1.016290920290835176e-01
1.016884798841863197e-01
1.017813119177623099e-01
1.018414956800301058e-01
1.019282967604049905e-01
1.019997498723493323e-01
1.020752645493329253e-01
1.021568349643760532e-01
1.022147348055762323e-01
1.022753241532070312e-01
1.023668460661655566e-01
1.024319370817907415e-01
1.024905649571346833e-01
1.025647443296390793e-01
1.026447779720630893e-01
1.027166813773910115e-01
1.027697813875885491e-01
1.028059286020168855e-01
1.028654821077534254e-01
1.029475691080442151e-01
1.030001644827384100e-01
1.030394464750453432e-01
1.031092932318160571e-01
1.031653860889581720e-01
1.032145766001367898e-01
1.032705252477808255e-01
1.033161935284391819e-01
1.033684923904664432e-01
1.034150274793110974e-01
1.034591680120677260e-01
1.035098432874407975e-01
1.035375873636238397e-01
1.036016755032168196e-01
1.036244660550876967e-01
1.036555880110968941e-01
1.036868768272452696e-01
1.037250673360521069e-01
1.037703126379736496e-01
1.038013404400833367e-01
1.038317158010804431e-01
1.038655902919579654e-01
1.039159684238534914e-01
1.039489058070831307e-01
1.039913879057743074e-01
1.040388633856234174e-01
1.040443855526891614e-01
1.041502465113435388e-01
1.041576949014757641e-01
1.041925765730560005e-01
1.042445718886882283e-01
1.042816238170365672e-01
1.042586463587956980e-01
1.042533161180691226e-01
1.042593287430531590e-01
1.042326697440445760e-01
1.042573178438249565e-01
1.042664168054065199e-01
1.042503295774603322e-01
1.042427205698360643e-01
1.042180380278778379e-01
1.042329900193586928e-01
1.042205062085856393e-01
1.041975800061744339e-01
1.042127151336237623e-01
1.041881928440619720e-01
1.041829299551058352e-01
1.041501415457231350e-01
1.041557083015675345e-01
1.041411557211944228e-01
1.041310780109131612e-01
1.041074881139615604e-01
1.040813347600442751e-01
1.040549477181679505e-01
1.040531683491763698e-01
1.040408662881441293e-01
1.040093660807206721e-01
1.039674927493264289e-01
1.039388581434179948e-01
1.038907848129998757e-01
1.038739199357169019e-01
1.038317704754332937e-01
1.037815391022404721e-01
1.037559150143312209e-01
1.037001934896238653e-01
1.036606143099568222e-01
1.036008026560762685e-01
1.035641519371412328e-01
1.035030636374089652e-01
1.034478276545293812e-01
1.033962814110958306e-01
1.033457061230711738e-01
1.032810015524573272e-01
1.032188981318718918e-01
1.031557803273649987e-01
1.030890756007760284e-01
1.030385063742045582e-01
1.029824349030970809e-01
1.029135605265961984e-01
1.028345711899328052e-01
1.027654884078406522e-01
1.027022626122165577e-01
1.026186903543498397e-01
1.025469774483382251e-01
1.024894324387785466e-01
1.024011236923151047e-01
1.023400843797260540e-01
1.022410413145983243e-01
1.021827972044212079e-01
1.020871289057086045e-01
1.020188464422384506e-01
1.019510680211269532e-01
1.018563006042982472e-01
1.017713952900798080e-01
1.017114393537427997e-01
1.016149182704777082e-01
1.015477201453703626e-01
1.014838185524794545e-01
1.014005709304528907e-01
1.013258670038661574e-01
1.012333629096392185e-01
1.011729617791799762e-01
1.011020048079755707e-01
1.010345933618823216e-01
1.009606687642645995e-01
1.008730763608102071e-01
1.008082904498370236e-01
1.007288874514207927e-01
1.006539346923670114e-01
1.005881841334322901e-01
1.005114834807347979e-01
1.004395103733731615e-01
1.003656051270572641e-01
1.002830318986917685e-01
1.002098828113228424e-01
1.001546936176648250e-01
1.000551233348373897e-01
1.000081391176591561e-01
9.994380657512841326e-02
9.987816042444100373e-02
9.979942502981208052e-02
9.976379730590764772e-02
9.968461642685860769e-02
9.964412253764923233e-02
9.958051850597894605e-02
9.952368681507725579e-02
9.944096423103138127e-02
9.940522238327795246e-02
9.933349948695160969e-02
9.929054442661780500e-02
9.923722135741439021e-02
9.916716599430666634e-02
9.910848530281204938e-02
9.906321498037955198e-02
9.901052196683396422e-02
9.899181199489485994e-02
9.892381936548465260e-02
9.887354512384331773e-02
9.885499165064136340e-02
9.878738681903774521e-02
9.876543332300843914e-02
9.871557800775693226e-02
9.867223303949909652e-02
9.863735309154815500e-02
9.861252697182690263e-02
9.856919551883110142e-02
9.853568434104206797e-02
9.850873483113789519e-02
9.845925208315069177e-02
9.843869622167449041e-02
9.839892260055335682e-02
9.837268382798319832e-02
9.836259115462352154e-02
9.832360162215905697e-02
9.830225173388390525e-02
9.827435144008798973e-02
9.826157484379990925e-02
9.825034985380864949e-02
9.823294363010830199e-02
9.819589822821193914e-02
9.819023452582575917e-02
9.820313743587470723e-02
9.816053091506453387e-02
9.815845078448096062e-02
9.815276000677414237e-02
9.815143672135930031e-02
9.815019060653112914e-02
9.813701592801270246e-02
9.813456766925408858e-02
9.813968981616591480e-02
9.814035853009211996e-02
9.814106340247599758e-02
9.816015722515657183e-02
9.817550628279025915e-02
9.816518367554991076e-02
9.819656266643324305e-02
9.822508709888413958e-02
9.821913582961838696e-02
9.825479721617225159e-02
9.825548759271138244e-02
9.827890321790284933e-02
9.831917580651536315e-02
9.834779759138470578e-02
9.836603728022819126e-02
9.838609608647373717e-02
9.842306039522435990e-02
9.845459137763025448e-02
9.849665701573738497e-02
9.853052393230260497e-02
9.854355549560701866e-02
9.860089081603271022e-02
9.862171852804560435e-02
9.865991324555628550e-02
9.870457254668391078e-02
9.874554663351176043e-02
9.878831916117722378e-02
9.883578193961853331e-02
9.888511635328556260e-02
9.893404208502751263e-02
9.897843597984196107e-02
9.904278805032143418e-02
9.908272838518926429e-02
9.912180518574348342e-02
9.917443744585517640e-02
9.924350307304659335e-02
9.928434402651374613e-02
9.936506085920904230e-02
9.941610405487426305e-02
9.946817284957465422e-02
9.951297888659269009e-02
9.957253341860135276e-02
9.964537995727097697e-02
9.969934926405490949e-02
9.976100803237314407e-02
9.983246112190000132e-02
9.987471867873265463e-02
9.993136613051510631e-02
9.999124707611128926e-02
1.000611889215902162e-01
1.001340321672907901e-01
1.001886418375622090e-01
1.002636919250824155e-01
1.003347016052077434e-01
1.003998550261416545e-01
1.004678235385343676e-01
1.005348969685845167e-01
1.006017582307997260e-01
1.006623617300492768e-01
1.007459996454270479e-01
1.008163393425923204e-01
1.008832144688889682e-01
1.009620338996114197e-01
1.010241269363149341e-01
1.010904863044735230e-01
1.011484229731602208e-01
1.012142514102372937e-01
1.012607485112256983e-01
1.013370027590029532e-01
1.014058870104514176e-01
1.014452318664422620e-01
1.014932523092881567e-01
1.015575078944755266e-01
1.016349121068290395e-01
1.016893468151480046e-01
1.017531282554978989e-01
1.018170331702395875e-01
1.018872018867395257e-01
1.019386741915692396e-01
1.019600069189264546e-01
1.020254910945479349e-01
1.020334791508193673e-01
1.020962767349476441e-01
1.020994512013163463e-01
1.021410635989774829e-01
1.021951783023446331e-01
1.021883726497420652e-01
1.021929115838454971e-01
1.022273188883643519e-01
1.022881434432121178e-01
1.023186892661133857e-01
1.021967500873456614e-01
1.021680667185436153e-01
1.021342248649043938e-01
1.021804583339627065e-01
1.019089379841448539e-01
1.022289395105887150e-01
1.025187132003430313e-01
1.025532127540118577e-01
1.025069086206241709e-01
1.025685521234749459e-01
1.025851443669285323e-01
1.026212892124759579e-01
1.026806370681719455e-01
1.027250657333866612e-01
1.028002827525057450e-01
1.028742972439373321e-01
1.029179328162369012e-01
1.029514217176380336e-01
1.030231858436180259e-01
1.030614553731950545e-01
1.031111282728415512e-01
1.031306065351441648e-01
1.031541430765284539e-01
1.031881685622639544e-01
1.031873391648409632e-01
1.032197243253326485e-01
1.032314573586415457e-01
1.032440862997211772e-01
1.032698640378674065e-01
1.032682446295515449e-01
1.032862818215003614e-01
1.033120934046908718e-01
1.033171388766503940e-01
1.033140258892225188e-01
1.033424984969227578e-01
1.033392127225545853e-01
1.033366419671039038e-01
1.033450436951619117e-01
1.033489653621650073e-01
1.033667756884327354e-01
1.033774191294381389e-01
1.033728680837887048e-01
1.033723633709186379e-01
1.033823750940396080e-01
1.033695334390614951e-01
1.033848610454673606e-01
1.033852637068927993e-01
1.033834823181668666e-01
1.033894739397893947e-01
1.034061780574755673e-01
1.034017082120091413e-01
1.034200999223301443e-01
1.033981061097044851e-01
1.034226733761434425e-01
1.034188981729853435e-01
1.034114112701653293e-01
1.034164890623343741e-01
1.034225788614744485e-01
1.034210334183264940e-01
1.034213783337596115e-01
1.034133200517379919e-01
1.034132562322627180e-01
1.034187587300041955e-01
1.034158356383372973e-01
1.034146875200820936e-01
1.034086510819008931e-01
1.034033230273796455e-01
1.034266646438648102e-01
1.034167452744437082e-01
1.034027519217921576e-01
1.033934793311425543e-01
1.034085394607753283e-01
1.034041894349269908e-01
1.033605202639290843e-01
1.033527599064811564e-01
1.033640155363758084e-01
1.033647344187497152e-01
1.033755741245666326e-01
1.033419871373405935e-01
1.033454252378403354e-01
1.033656258077123580e-01
1.033376392555423462e-01
1.033337745931979107e-01
1.033264918861357129e-01
1.033128190744776465e-01
1.033446464620107752e-01
1.033084701602236533e-01
1.032975937041309966e-01
1.032924316065123166e-01
1.032870209543826773e-01
1.032765469015722998e-01
1.032550467098773822e-01
1.032372421447365907e-01
1.032187445232825573e-01
1.031953592024984212e-01
1.031827680186592350e-01
1.031344065287915779e-01
1.031323136168092458e-01
1.030983525536968010e-01
1.030868962009308387e-01
1.030525780763259236e-01
1.030233302823726771e-01
1.029948026338761563e-01
1.029586597625527788e-01
1.029327719786304884e-01
1.029055590519471208e-01
1.028602847083276151e-01
1.028178806516002741e-01
1.027831682116329415e-01
1.027369040063599165e-01
1.027145704651706987e-01
1.026743576242089145e-01
1.026255719186077581e-01
1.026050763896352858e-01
1.025525685167023721e-01
1.025301808490583083e-01
1.024865866858175323e-01
1.024153596510750941e-01
1.023901220061528422e-01
1.023674100658004960e-01
1.023272608882018347e-01
1.022794158364139228e-01
1.022324509705118956e-01
1.021881273902589260e-01
1.021608133984953648e-01
1.020933715555382981e-01
1.020602921723695045e-01
1.020207565665479654e-01
1.019982611224973940e-01
1.019321782025391920e-01
1.018905712975098771e-01
1.018608272810924975e-01
1.018053779151367466e-01
1.017651550213797690e-01
1.017243523813205486e-01
1.016917772192063169e-01
1.016522590879618687e-01
1.015941635373078661e-01
1.015505436812519091e-01
1.015107758236624691e-01
1.014766321264026494e-01
1.014355581409777662e-01
1.013862778568281608e-01
1.013627644112360809e-01
1.013059668811978342e-01
1.012777249142843283e-01
1.012148952976466287e-01
1.011801834798398136e-01
1.011346331454933412e-01
1.010957506152340424e-01
1.010565954067988853e-01
1.010166011060137925e-01
1.009777398751755678e-01
1.009450528333924735e-01
1.009128569015612792e-01
1.008604058123588193e-01
1.008285355853506815e-01
1.007896511112198745e-01
1.007528884737024233e-01
1.007164027927509864e-01
1.006817924049178137e-01
1.006580001246178274e-01
1.006172360582636427e-01
1.005752399865715435e-01
1.005330644606685642e-01
1.004957335009642461e-01
1.004835276343822581e-01
1.004314974122989812e-01
1.004017527877662241e-01
1.003716788247911579e-01
1.003221517628564430e-01
1.003096464505439656e-01
1.002789360245799344e-01
1.002549794518766135e-01
1.002271246437272528e-01
1.001905978668050784e-01
1.001698523684679126e-01
1.001375723500599890e-01
1.001161902742595255e-01
1.000903729409653997e-01
1.000700211718861810e-01
1.000499293688485447e-01
1.000000602121473015e-01
9.999859784578302158e-02
9.996365475334996475e-02
9.996844502928897702e-02
9.994902481989101362e-02
9.989800075121157974e-02
9.989035662067125010e-02
9.986593676238897377e-02
9.985726145640709539e-02
9.984888389657545216e-02
9.983725213789310104e-02
9.982531823480081390e-02
9.979165338688611442e-02
9.978425099810220300e-02
9.978400415245550215e-02
9.976058960049485891e-02
9.975426388594690885e-02
9.973329196304898947e-02
9.973308972518012128e-02
9.971797708472415755e-02
9.970088583262122495e-02
9.968689869005022131e-02
9.968050929985108888e-02
9.968234975795811637e-02
9.966128349674858999e-02
9.965329241040005170e-02
9.964172272817926890e-02
9.965243587936786773e-02
9.962822178503684400e-02
9.962293083346610012e-02
9.960991759477105800e-02
9.960835067718863678e-02
9.960201250537291384e-02
9.958117049882730942e-02
9.957381011184877895e-02
9.957238689495133410e-02
9.956278910670579574e-02
9.956508320560480962e-02
9.954602966303746636e-02
9.954392777157680672e-02
9.953706425101541133e-02
9.953814529486193496e-02
9.952311185161438756e-02
9.950457400638007543e-02
9.951768923307346970e-02
9.950556637930924042e-02
9.949416813829954631e-02
9.949822456144689908e-02
9.946849793641091009e-02
9.946603549461546789e-02
9.945589153990100351e-02
9.947334044615023518e-02
9.944755246857303610e-02
9.944084100929564962e-02
9.944178964318886593e-02
9.942765522637127262e-02
9.940906089836723525e-02
9.941150685695610001e-02
9.939770075491910495e-02
9.938767276424639863e-02
9.938424547106948503e-02
9.935945630462554579e-02
9.935546769716273319e-02
9.936853890616326179e-02
9.933994312921971825e-02
9.932612990087584526e-02
9.933270446990669078e-02
9.932134520450988657e-02
9.930864858365109904e-02
9.930974318321587890e-02
9.929302838039161250e-02
9.929950811060771210e-02
9.927760208939961917e-02
9.927133278887011192e-02
9.926398651298298792e-02
9.926291069357023877e-02
9.926216933629405936e-02
9.923707297489697821e-02
9.923849650396805722e-02
9.922924670416419235e-02
9.922096386756940056e-02
9.922410898127562162e-02
9.920032630948957819e-02
9.921171497532935146e-02
9.919495619703766476e-02
9.919604377895509251e-02
9.920568548904074024e-02
9.919148935142557688e-02
9.919813574369483467e-02
9.918415584789948281e-02
9.917973916764831477e-02
9.918464781561725507e-02
9.918276829227878899e-02
9.917886081648247254e-02
9.919029827307943026e-02
9.919360470689136955e-02
9.920085198193807907e-02
9.919119558831987482e-02
9.919512105211487907e-02
9.920763754171532667e-02
9.922406483914726627e-02
9.919857272918020108e-02
9.919269962682225605e-02
9.922489448585783411e-02
9.921982424835518177e-02
9.923297564330960108e-02
9.921955912823303414e-02
9.922864604408695999e-02
9.925564658275104479e-02
9.926706754294112311e-02
9.926443128892484258e-02
9.928016930146757457e-02
9.928422446040997829e-02
9.929287614341485158e-02
9.929923375974944455e-02
9.932277871974268257e-02
9.932251988164336742e-02
9.933108266660956032e-02
9.935836097747027806e-02
9.936760933319116473e-02
9.936745034447642955e-02
9.939495223427047277e-02
9.940124362847516104e-02
9.943468373472499899e-02
9.943497689348949897e-02
9.944327178381409671e-02
9.945749513620683047e-02
9.947073290987881733e-02
9.949509908678190462e-02
9.953238763611668705e-02
9.953770313380988499e-02
9.955951914824562321e-02
9.958459352401607956e-02
9.957837153196313906e-02
9.960845046339490694e-02
9.963526895167801323e-02
9.965413199730407956e-02
9.967800768697893110e-02
9.970487887564340179e-02
9.972424487389955350e-02
9.974976814007875670e-02
9.977916417097534851e-02
9.979800182781964346e-02
9.983506778632902923e-02
9.985563421942922346e-02
9.986989556544864644e-02
9.989899812902422460e-02
9.992587082545559274e-02
9.994985290469574069e-02
9.998454598867298482e-02
1.000040646339688394e-01
1.000392169245931107e-01
1.000818193418374358e-01
1.000991843044737734e-01
1.001278089897983947e-01
1.001483996495548950e-01
1.001805349984358356e-01
1.002107540017885962e-01
1.002471166064714120e-01
1.002800836248522176e-01
1.003186343536957986e-01
1.003416390086452059e-01
1.003910249982815917e-01
1.004035726492377989e-01
1.004525735131649028e-01
1.004791938084829972e-01
1.005167972908867086e-01
1.005596423596516742e-01
1.006003104889536398e-01
1.006262182992019999e-01
1.006737681126332468e-01
1.007053089992614586e-01
1.007351581219273762e-01
1.007625041024758916e-01
1.007968236184722255e-01
1.008420482316882277e-01
1.008600029427938055e-01
1.009080444956515915e-01
1.009261066935100426e-01
1.009864642026448156e-01
1.010048334587662217e-01
1.010393763291382585e-01
1.010499608583524667e-01
1.010743836091099745e-01
1.010888016842898668e-01
1.011279032877747952e-01
1.011510915182205345e-01
1.011840271935514207e-01
1.011324577545127251e-01
1.011675922536543898e-01
1.011826590776986057e-01
1.012308809846861196e-01
1.012479427508427565e-01
1.013107588326680047e-01
1.013151828213035149e-01
1.013524589606824566e-01
1.013739933030491508e-01
1.013868421841598311e-01
1.013674285880494519e-01
1.013679525792982317e-01
1.013572474152305558e-01
1.013449142424759641e-01
1.013526938474476197e-01
1.013946989449534680e-01
1.014683615852765286e-01
1.015900212968249144e-01
1.016787852436790013e-01
1.017349022069860831e-01
1.017846215794949577e-01
1.018390253509042775e-01
1.018758472223744299e-01
1.019272552579931351e-01
1.019392415486167630e-01
1.019844972130908023e-01
1.020145433366977661e-01
1.020525750071731713e-01
1.020698837148869831e-01
1.020949144084399435e-01
1.021119139095245237e-01
1.021245564224452090e-01
1.021397818621102710e-01
1.021408979618253499e-01
1.021738038294744133e-01
1.021713595844128963e-01
1.021775021891491858e-01
1.021900588509453561e-01
1.022028461769724783e-01
1.022143013691071134e-01
1.022253983342836930e-01
1.022185751835035517e-01
1.022206024324535112e-01
1.022291415595485420e-01
1.022376546121595148e-01
1.022454393801835032e-01
1.022557107622252826e-01
1.022623470349369873e-01
1.022563819981283650e-01
1.022764174186231723e-01
1.022722157775847879e-01
1.022724991807232864e-01
1.022725900881800987e-01
1.022748690897774398e-01
1.022798319847146725e-01
1.022797152195173975e-01
1.022936104490926729e-01
1.022875606430236617e-01
1.022817190777854518e-01
1.022907126273028683e-01
1.022811434955659265e-01
1.022861281127406263e-01
1.022857377427295045e-01
1.022992504434775685e-01
1.023008492283597609e-01
1.022975638464534431e-01
1.022967663260169191e-01
1.023007401603972244e-01
1.023047914806815284e-01
1.023173786417375941e-01
1.023032020029737144e-01
1.023154976172527264e-01
1.023049003622577280e-01
1.023229021324896515e-01
1.023234781205260291e-01
1.023256966848501703e-01
1.023245272349693480e-01
1.023202404022797302e-01
1.023201223657471959e-01
1.023276659535599376e-01
1.023251018322473005e-01
1.023326205797752131e-01
1.023459623620623093e-01
1.023499416640780701e-01
1.023581856774047893e-01
1.023500185701960441e-01
1.023576720687681962e-01
1.023512564457150498e-01
1.023645572772772239e-01
1.023627844442971946e-01
1.023697420350192233e-01
1.023894844788758307e-01
1.023864767966415623e-01
1.023882563933728729e-01
1.023794282056523924e-01
1.023681898189447437e-01
1.023731373451525761e-01
1.023727615742349994e-01
1.023600798714528193e-01
1.023814285419646364e-01
1.023575953796445198e-01
1.023641795841473690e-01
1.023533785955374892e-01
1.023701095190134580e-01
1.023945410802369893e-01
1.023551906986808341e-01
1.023645421220765184e-01
1.023692880486708895e-01
1.023619571975497300e-01
1.023361882056083028e-01
1.023104925113850344e-01
1.023194646674041586e-01
1.023135012243407416e-01
1.022807899065886206e-01
1.023085835387887998e-01
1.022918776006051245e-01
1.022936010576022958e-01
1.022756012944446569e-01
1.022894222266118036e-01
1.022792443496108594e-01
1.022777099669064382e-01
1.022649969865646880e-01
1.022535654357069196e-01
1.022615523336066479e-01
1.022471676923026596e-01
1.022380336969203052e-01
1.022225028990219609e-01
1.022013479568893990e-01
1.021870189552327446e-01
1.021752877045565833e-01
1.021646256386250368e-01
1.021529638763740977e-01
1.021417907432362326e-01
1.021168335969679375e-01
1.021113420758140988e-01
1.020890671211876349e-01
1.020755386907897244e-01
1.020477576545342491e-01
1.020469841280366857e-01
1.020189791301312765e-01
1.020024130643769900e-01
1.019842710124701651e-01
1.019632173248128104e-01
1.019309090118355743e-01
1.019413529788502221e-01
1.019014361179174377e-01
1.018890187377406026e-01
1.018810000235521873e-01
1.018690795572492203e-01
1.018511539472771177e-01
1.018097174373012032e-01
1.017929463442666382e-01
1.017865900372224575e-01
1.017383550710508067e-01
1.017272055194916591e-01
1.017134982099655721e-01
1.016752578141530139e-01
1.016775032774806659e-01
1.016469578306437166e-01
1.016379395634435107e-01
1.016003031529094658e-01
1.015857279325028117e-01
1.015790912696775683e-01
1.015572058403362288e-01
1.015335476773348566e-01
1.015012421871647058e-01
1.014787057491509520e-01
1.014735178503341911e-01
1.014348171603057097e-01
1.014299882381054646e-01
1.013871164435570099e-01
1.013994915381111472e-01
1.013548231755812684e-01
1.013406836227075669e-01
1.013267950783452442e-01
1.012938496527544391e-01
1.012802923670144822e-01
1.012597900644135462e-01
1.012442291626597379e-01
1.012273269311497192e-01
1.011910869704399779e-01
1.011747158684388193e-01
1.011779838676259841e-01
1.011458875651343181e-01
1.011408706875523839e-01
1.011058766606839077e-01
1.011271175094717450e-01
1.010852153269524434e-01
1.010737544775967001e-01
1.010488623644234529e-01
1.010638191346785175e-01
1.010447548305778293e-01
1.010253293276404951e-01
1.010230973039531743e-01
1.010108856216799383e-01
1.009943891879348660e-01
1.009837083338625818e-01
1.009699656242972893e-01
1.009620523756108584e-01
1.009520998654025864e-01
1.009567317697377675e-01
1.009356784075021718e-01
1.009424481160861586e-01
1.009323702557604896e-01
1.009098203816266720e-01
1.009156082069788823e-01
1.009066365678829846e-01
1.008992643024268221e-01
1.009025877081431710e-01
1.008865649215916760e-01
1.008864350015513944e-01
1.008877285318642153e-01
1.008816675852311495e-01
1.008606519836396376e-01
1.008703405526785724e-01
1.008641870875444657e-01
1.008594012017587360e-01
1.008547270040726918e-01
1.008541049915927384e-01
1.008574157210188754e-01
1.008334572159344800e-01
1.008349123637053285e-01
1.008432737116248257e-01
1.008391935790383387e-01
1.008388039755457460e-01
1.008376067740286847e-01
1.008341563958800868e-01
1.008312009833181588e-01
1.008305936864046654e-01
1.008189328733037210e-01
1.008229538889248711e-01
1.008193101745916836e-01
1.008111792687604036e-01
1.008149579605789325e-01
1.007911004424020956e-01
1.007882823189031746e-01
1.007915247326676700e-01
1.007879317495253418e-01
1.007736337993281189e-01
1.007972623966034431e-01
1.007856818404924970e-01
1.007745857669449796e-01
1.007663459660817773e-01
1.007576151175580970e-01
1.007650633520855155e-01
1.007456760333046986e-01
1.007546890192467376e-01
1.007516235027032664e-01
1.007471189520260657e-01
1.007184911905746744e-01
1.007172826074535926e-01
1.007125626933677714e-01
1.007139129841061742e-01
1.007103842717670950e-01
1.006840007229068829e-01
1.006880649019215451e-01
1.006880258003439860e-01
1.006732900550395965e-01
1.006802545169598606e-01
1.006605944558908727e-01
1.006665331869688873e-01
1.006596361996419942e-01
1.006589467011566874e-01
1.006443081065049455e-01
1.006388102549445190e-01
1.006133786662829488e-01
1.006226437118545591e-01
1.006061755091380017e-01
1.006092891707884296e-01
1.005764623423191784e-01
1.005806733118438934e-01
1.005798575455305321e-01
1.005626556263309046e-01
1.005670758736084830e-01
1.005557061010447228e-01
1.005425651047821972e-01
1.005319570246348687e-01
1.005368350126389088e-01
1.005242314521877095e-01
1.005125431658927537e-01
1.005087860010295542e-01
1.004881228059719550e-01
1.004911337176341013e-01
1.004872840923131116e-01
1.005061707655167391e-01
1.004879401156531654e-01
1.004671553072113283e-01
1.004735840692830839e-01
1.004703153665351123e-01
1.004770072750970633e-01
1.004623492682639729e-01
1.004512391161274387e-01
1.004598347948747750e-01
1.004558099778078278e-01
1.004498253739381369e-01
1.004512597970859678e-01
1.004611691429868892e-01
1.004615140211502222e-01
1.004582556428663537e-01
1.004781420493633948e-01
1.004628182238963829e-01
1.004756978169705356e-01
1.004678811044498465e-01
1.004704015291209701e-01
1.004773987707375110e-01
1.004892445733125278e-01
1.004938587585123555e-01
1.005019047340773020e-01
1.005013172155934664e-01
1.004989516437435754e-01
1.005219016456401632e-01
1.005365975808849566e-01
1.005295809170228677e-01
1.005404408281526246e-01
1.005476769387327329e-01
1.005403918436409971e-01
1.005757794180819481e-01
1.005782593454945528e-01
1.005960312320035577e-01
1.005936665780865769e-01
1.006080539651048600e-01
1.006202167586245227e-01
1.006139269512071610e-01
1.006428524678430747e-01
1.006471501874154628e-01
1.006555271026118858e-01
1.006743917419379991e-01
1.006736766835200497e-01
1.006842315220474043e-01
1.006769416066678746e-01
1.007053002000166536e-01
1.007119139858137363e-01
1.007343566645399480e-01
1.007281435987410767e-01
1.007485104467010784e-01
1.007391415432727644e-01
1.007381710965388061e-01
1.007561750721125970e-01
1.007662030746575010e-01
1.007678993458481220e-01
1.007780073806846394e-01
1.008014968614618645e-01
1.007885530939140323e-01
1.007974676866060237e-01
1.008182076524440501e-01
1.008052431963596951e-01
1.008126650536249891e-01
1.008221387236675759e-01
1.008179058814987483e-01
1.008164065677239069e-01
1.008202360621253263e-01
1.008224043138307852e-01
1.008053224884584709e-01
1.008382006489654537e-01
1.008321209556829745e-01
1.008460284865747847e-01
1.008423854313248297e-01
1.008416341553059342e-01
1.008313782784578255e-01
1.008223324539966603e-01
1.008214987130719165e-01
1.008165889297403528e-01
1.008341293562060315e-01
1.008443234946581474e-01
1.008160985723914882e-01
1.008487977334330821e-01
1.008490374742832818e-01
1.008456471935008092e-01
1.008374270446483062e-01
1.008437667685597311e-01
1.008488134180483137e-01
1.008424498393482582e-01
1.008526443342978307e-01
1.008534518028616489e-01
1.008664304431362568e-01
1.008338596659006381e-01
1.008612871360941160e-01
1.008480799228320818e-01
1.008477664954281483e-01
1.008522292395620246e-01
1.008433773915275444e-01
1.008472800335965952e-01
1.008361124477332171e-01
1.008484256063869461e-01
1.008192151702390071e-01
1.008185294923477915e-01
1.008259407391092766e-01
1.008204594510986457e-01
1.008388228439785345e-01
1.008369670284175457e-01
1.008367138516341466e-01
1.008246492673140343e-01
1.008239872997581249e-01
1.008124161177251094e-01
1.008117329759565806e-01
1.008036446241813988e-01
1.008028928360632376e-01
1.007849549823178481e-01
1.007873753356616497e-01
1.007832300523105740e-01
1.007835587480553075e-01
1.007726580914899833e-01
1.007570496050939346e-01
1.007662998889537059e-01
1.007590613513239391e-01
1.007578664165795362e-01
1.007507999430412721e-01
1.007391105029550177e-01
1.007494341371897029e-01
1.007355654682192125e-01
1.007179272626772815e-01
1.007353187156124763e-01
1.006998143641650995e-01
1.007022307117144549e-01
1.007076946097962139e-01
1.007073239929468095e-01
1.006965678619027305e-01
1.006870710447906048e-01
1.006925597272159689e-01
1.006661143594112517e-01
1.006552564911126213e-01
1.006710629333121276e-01
1.006636110469394940e-01
1.006642215745742752e-01
1.006645191581893861e-01
1.006576328998474296e-01
1.006624799078257998e-01
1.006696382611361185e-01
1.006497179067044334e-01
1.006674120177639409e-01
1.006576053821600508e-01
1.006481520400991092e-01
1.006466114090956571e-01
1.006629466221487385e-01
1.006531016496952646e-01
1.006474710872581058e-01
1.006660979575599996e-01
1.006614748628424372e-01
1.006598189448659614e-01
1.006594413028002594e-01
1.006753526709476682e-01
1.006767327719248067e-01
1.006829579615152598e-01
1.006958069748422335e-01
1.006943758700324515e-01
1.007058245971245991e-01
1.007071227198329672e-01
1.006980178437321266e-01
1.007147053731483471e-01
1.007112874255775420e-01
1.007028973326941773e-01
1.007380699244244115e-01
1.007138003676465998e-01
1.007310131508522416e-01
1.007322826994393045e-01
1.007196199692227678e-01
1.007791473503840129e-01
1.007808058764961545e-01
1.008486400745821632e-01
1.008405622748007047e-01
1.008591919103391799e-01
1.008163914713342268e-01
1.008818843706516255e-01
1.008360650938488756e-01
1.009048110992938618e-01
1.008477338436278986e-01
1.008508388905800385e-01
1.008974631266806865e-01
1.008600983389612571e-01
1.008376285655406268e-01
1.008413904702383651e-01
1.008263782784325213e-01
1.008089732833638702e-01
1.008012530118342354e-01
1.007922461333636971e-01
1.007739474898946691e-01
1.007712835637587512e-01
1.007709892256913736e-01
1.007678845610471552e-01
1.007501206014561612e-01
1.007639179733375162e-01
1.007682049691198817e-01
1.007835847181353800e-01
1.007851115314110924e-01
1.008126058893961535e-01
1.008302500382916855e-01
1.008582512920128404e-01
1.008988297652517879e-01
1.009189952141545943e-01
1.009592957612233111e-01
1.009987513908461587e-01
1.010250897828291611e-01
1.010581944575005414e-01
1.010776493540127552e-01
1.011233462694351992e-01
1.011523863428490655e-01
1.011896028564819860e-01
1.012112218052861612e-01
1.012337478849643368e-01
1.012639697561975860e-01
1.012944090608056680e-01
1.013261237009882298e-01
1.013564451070582684e-01
1.013749414287023198e-01
1.014006445530888645e-01
1.014341149008503862e-01
1.014553405423242322e-01
1.014899804447634973e-01
1.014846093052868409e-01
1.015238517181089872e-01
1.015225495585545673e-01
1.015489227108005155e-01
1.015624951725250524e-01
1.015742403918932779e-01
1.015831161810049066e-01
1.016060610428141248e-01
1.016177124540692672e-01
1.016292501685932825e-01
1.016453877197285582e-01
1.016413047420479110e-01
1.016529985188619895e-01
1.016580031779632520e-01
1.016782690534560052e-01
1.016801919799794618e-01
1.016873121612766467e-01
1.017060260388155252e-01
1.017012964769085370e-01
1.017000360612370369e-01
1.017240020518626609e-01
1.017241224169009306e-01
1.017464268085428447e-01
1.017350408820019841e-01
1.017491164552308119e-01
1.017521944531503686e-01
1.017545341595267328e-01
1.017654426237049048e-01
1.017669190948989749e-01
1.017554504571473312e-01
1.017618778807149876e-01
1.017627718089131883e-01
1.017760799226881119e-01
1.017753338859652829e-01
1.017836452844047557e-01
1.017995985543188181e-01
1.017806786441119854e-01
1.017937670282107465e-01
1.017990734762545535e-01
1.018039067195312675e-01
1.017984228505205563e-01
1.018059638337570072e-01
1.018121018837409991e-01
1.018061863186286442e-01
1.018167271650528838e-01
1.018067210746057411e-01
1.018190821736018326e-01
1.018210301812836199e-01
1.018315443129464842e-01
1.018218008538445823e-01
1.018316719164460288e-01
1.018148382781187133e-01
1.018084361660940296e-01
1.018111009467855266e-01
1.018153963174412147e-01
1.018183951227263212e-01
1.018156578656181643e-01
1.018030236661085774e-01
1.018176437126911277e-01
1.018411653126996552e-01
1.017979628326668579e-01
1.018073390432604475e-01
1.018226132464697398e-01
1.017966139732932596e-01
1.017561920067203141e-01
1.017608384911823372e-01
1.017535302196648089e-01
1.017406451603330292e-01
1.017310315735708848e-01
1.017430929525897643e-01
1.017293359695922855e-01
1.017338601711568341e-01
1.017281713490843786e-01
1.017174138098963232e-01
1.017050392792833713e-01
1.017149910459158035e-01
1.016956546746665413e-01
1.016891552032678780e-01
1.016699598423549955e-01
1.016670025753243500e-01
1.016502472927434952e-01
1.016285266895174400e-01
1.016066863563219735e-01
1.015937209501940330e-01
1.015796226284431530e-01
1.015607763291883486e-01
1.015460549577876515e-01
1.015144574336603461e-01
1.015070447971277712e-01
1.014836415748435333e-01
1.014591341810199138e-01
1.014337790187991584e-01
1.014178856674894935e-01
1.014027939921032934e-01
1.013815289880245357e-01
1.013492143046176297e-01
1.013376828533381208e-01
1.013163150412823843e-01
1.012836614325811624e-01
1.012659461255633608e-01
1.012536240716736813e-01
1.012262641978110000e-01
1.012001206286939209e-01
1.011982565807870854e-01
1.011598332410032497e-01
1.011300256978625856e-01
1.011261344760403524e-01
1.011041534416526333e-01
1.010965774087665692e-01
1.010701439117529937e-01
1.010607666982727970e-01
1.010305567225442402e-01
1.010253221830482440e-01
1.010009391467103779e-01
1.009798063966001053e-01
1.009681261652950190e-01
1.009616568511856605e-01
1.009485019268492184e-01
1.009310760007002539e-01
1.009250107339374064e-01
1.009026722771101531e-01
1.009135034474681059e-01
1.008916826359692737e-01
1.008840271274361600e-01
1.008707455643322592e-01
1.008710028801540759e-01
1.008525497493702044e-01
1.008474653504520813e-01
1.008434062950470944e-01
1.008380543935593343e-01
1.008293625493281997e-01
1.008131911424721694e-01
1.008167380556329734e-01
1.008224290057480738e-01
1.008143752508699059e-01
1.007922489156415774e-01
1.008035275302695544e-01
1.008046917241219725e-01
1.008031665681263789e-01
1.008029331768565962e-01
1.007978664557082071e-01
1.008056556040810847e-01
1.007879366821085032e-01
1.008083896399752100e-01
1.008078927893266974e-01
1.008150356386183222e-01
1.008119055112996210e-01
1.008034631182284646e-01
1.008030928230546908e-01
1.008090926908037782e-01
1.008177848953624861e-01
1.008255194764826335e-01
1.008278166192068670e-01
1.008359830886340347e-01
1.008405844085606962e-01
1.008442139007593441e-01
1.008475206953345776e-01
1.008511365080839162e-01
1.008736824966523921e-01
1.008568759668826420e-01
1.008704607267651987e-01
1.008725245840735585e-01
1.008666748985557748e-01
1.008888302278570792e-01
1.008799076191314315e-01
1.008845214683500024e-01
1.008983910688701635e-01
1.009082221578790073e-01
1.009102793974624157e-01
1.009029347579304264e-01
1.009307744779252419e-01
1.009102664441788866e-01
1.009279564040213295e-01
1.009294641199540710e-01
1.009327613646170130e-01
1.009425851041588773e-01
1.009546025267742814e-01
1.009469545074646035e-01
1.009521045286730923e-01
1.009546055656390245e-01
1.009459838014792887e-01
1.009572664132347419e-01
1.009578239786175780e-01
1.009574277438647083e-01
1.009685067887238080e-01
1.009727671674626875e-01
1.009756077104486394e-01
1.009755333944237221e-01
1.009740932683339948e-01
1.009653678649120728e-01
1.009758043747404632e-01
1.009653947368193139e-01
1.009762491668063922e-01
1.009808072253827183e-01
1.009867683797290722e-01
1.010025088619244671e-01
1.010018016978857514e-01
1.009920175399840608e-01
1.009790170694283701e-01
1.009867689531130236e-01
1.009848585846438718e-01
1.009870862767493493e-01
1.009910746510173929e-01
1.009965872078745081e-01
1.009975146412303570e-01
1.009958759100992309e-01
1.009942636163244783e-01
1.009968350588927866e-01
1.009914494894140202e-01
1.009962439119073546e-01
1.009968844497519669e-01
1.010049115833554084e-01
1.010089484871547622e-01
1.009940273152452606e-01
1.010051918922163783e-01
1.010046100467436314e-01
1.010014344372022477e-01
1.010027439460497722e-01
1.009969514723023376e-01
1.009914166322727069e-01
1.009864515090889842e-01
1.009922211315310847e-01
1.009875379278780128e-01
1.010185503793234046e-01
1.010182098122423128e-01
1.010170965118675768e-01
1.010109768337258268e-01
1.010115854932105012e-01
1.010065755443527863e-01
1.010036882647530609e-01
1.010022713783662596e-01
1.010127595895023989e-01
1.010161200184340469e-01
1.010166386350207779e-01
1.010119622416043722e-01
1.010069748810914214e-01
1.010033868019810932e-01
1.010119493598126555e-01
1.010081127422774588e-01
1.010026552692356028e-01
1.010158821020785691e-01
1.010211048451274407e-01
1.010207387377479865e-01
1.010258364942917958e-01
1.010266718969099892e-01
1.010178242457917819e-01
1.010190796347249925e-01
1.010156310305785621e-01
1.010178217434509473e-01
1.010196392491131134e-01
1.010095847450769996e-01
1.010142419390631652e-01
1.010188230769963613e-01
1.010293558284345306e-01
1.010311491813283835e-01
1.010275408930984137e-01
1.010190719248705432e-01
1.010165096002330065e-01
1.010052837710173346e-01
1.010100507784461865e-01
1.010206790313097069e-01
1.010107232490194129e-01
1.009953430980489592e-01
1.010131555274588200e-01
1.010137599736652680e-01
1.009968023494089429e-01
1.009964863491395470e-01
1.009899791853711426e-01
1.009942541581647646e-01
1.010030459817965603e-01
1.009894063905118766e-01
1.009991292608064667e-01
1.009915444961871356e-01
1.009730944213017151e-01
1.009660517647319594e-01
1.009689964175466415e-01
1.009706045094495991e-01
1.009622783190437384e-01
1.009574532418226755e-01
1.009520020554762892e-01
1.009513410924145760e-01
1.009347793752685407e-01
1.009279630129111538e-01
1.009282160140445583e-01
1.009213806014683940e-01
1.009033767190346126e-01
1.009188529704447973e-01
1.009013786079754893e-01
1.008967377365650731e-01
1.008999924907527240e-01
1.008952612713063801e-01
1.008775214603793990e-01
1.008701602398721642e-01
1.008747769047941278e-01
1.008657721726064493e-01
1.008696942254909412e-01
1.008725192074715615e-01
1.008540379146844607e-01
1.008496150450296225e-01
1.008462543297667657e-01
1.008404731119764419e-01
1.008502780277713701e-01
1.008485142056656514e-01
1.008523079039585213e-01
1.008328143179361702e-01
1.008307559985339164e-01
1.008343392720019160e-01
1.008114380635963536e-01
1.008262657985193184e-01
1.008277295905534859e-01
1.008283497142438423e-01
1.008179768694477396e-01
1.008288224754621820e-01
1.008180050880038980e-01
1.008214502317996142e-01
1.008154681187573842e-01
1.008271595593016601e-01
1.008233745662220349e-01
1.008254791134255979e-01
1.008286470008906699e-01
1.008322458183308762e-01
1.008273977302740071e-01
1.008260486634478537e-01
1.008265122231642164e-01
1.008231205108470752e-01
1.008263658046235356e-01
1.008184136046846591e-01
1.008185323609166462e-01
1.008374001774927781e-01
1.008283983667624117e-01
1.008349669274357652e-01
1.008345040776907342e-01
1.008359473607148005e-01
1.008388369517762700e-01
1.008410462679474318e-01
1.008308434741517212e-01
1.008401369291988814e-01
1.008354559952175933e-01
1.008360563468504861e-01
1.008395018071089055e-01
1.008408129978080603e-01
1.008442820901715303e-01
1.008546867585946305e-01
1.008597794761420252e-01
1.008566641208978182e-01
1.008594922879589573e-01
1.008527330770088576e-01
1.008565564719696994e-01
1.008498829151191489e-01
1.008521039571689953e-01
1.008711510285180829e-01
1.008634266125718326e-01
1.008654097377557901e-01
1.008758671524303541e-01
1.008691860745838803e-01
1.008699564099516249e-01
1.008615682875471514e-01
1.008611589983409440e-01
1.008783402919869038e-01
1.008743805511363861e-01
1.008790142642889270e-01
1.008928961205278474e-01
1.008958224791856179e-01
1.008891639438585369e-01
1.008984743352872859e-01
1.008920410555172453e-01
1.008958101512186373e-01
1.008993992530625716e-01
1.009119004030080424e-01
1.009145616797328948e-01
1.009130914021809100e-01
1.009173951589491386e-01
1.009055432786874484e-01
1.009340942250986362e-01
1.009426290089641964e-01
1.009256881372765369e-01
1.009433976485521606e-01
1.009453326989432076e-01
1.009480879722594177e-01
1.009514947482672148e-01
1.009590835024754552e-01
1.009653485568669934e-01
1.009499488432088476e-01
1.009718158534509830e-01
1.009664857805535471e-01
1.009703356208095787e-01
1.009919957439132376e-01
1.009848439090601097e-01
1.009831868021889012e-01
1.009775449679201492e-01
1.009984740885226800e-01
1.009970755853854124e-01
1.009869874864904593e-01
1.009841454979804043e-01
1.010033916635552642e-01
1.010232821427071298e-01
1.010188616553449187e-01
1.010382053934018864e-01
1.010366349006627529e-01
1.010237470063519161e-01
1.010145228143361634e-01
1.010443340616491437e-01
1.010313733417609328e-01
1.010060058035638225e-01
1.010008052285836372e-01
1.009966527391989860e-01
1.010196766380370842e-01
1.010062127261071308e-01
1.009982602726816059e-01
1.009985933848392414e-01
1.009848072624706661e-01
1.009919814824302431e-01
1.009888671580640163e-01
1.009785035263916775e-01
1.009712991974034829e-01
1.009782859939859917e-01
1.009742853341292768e-01
1.009708383720394897e-01
1.009705911414036927e-01
1.009803810897538789e-01
1.009654469624940015e-01
1.009980142276648701e-01
1.009973401975936685e-01
1.010034375552358449e-01
1.010159494715389128e-01
1.010224870662902036e-01
1.010280076295580753e-01
1.010476367360661487e-01
1.010582665303194766e-01
1.010819790155811498e-01
1.010811145123805405e-01
1.011020474660576651e-01
1.011082526933382991e-01
1.011254644353032361e-01
1.011521919360795219e-01
1.011645328576733088e-01
1.011789270887539227e-01
1.011974771396743078e-01
1.012151508770034875e-01
1.012199991816987998e-01
1.012439875965058800e-01
1.012588388751429480e-01
1.012671168004829758e-01
1.012884918951472840e-01
1.012958649341657857e-01
1.013023172608180367e-01
1.013287369091234735e-01
1.013323159239137017e-01
1.013462138718545513e-01
1.013624198590008518e-01
1.013742815543028086e-01
1.013843720044432933e-01
1.013938116042146093e-01
1.013971156535224405e-01
1.014189378313280765e-01
1.014356527098658201e-01
1.014317135123051772e-01
1.014554963353502259e-01
1.014623162205087747e-01
1.014619679809822816e-01
1.014809535879941105e-01
1.014794535154582983e-01
1.014757022273715392e-01
1.015021342747683131e-01
1.015045314480435695e-01
1.015024373352950704e-01
1.015040404520416994e-01
1.015139686519637846e-01
1.015264796405842690e-01
1.015285572141018666e-01
1.015301493568474128e-01
1.015334270231429692e-01
1.015452812183854359e-01
1.015450401120503721e-01
1.015512099755110087e-01
1.015533901317466903e-01
1.015644928857527690e-01
1.015563946418432950e-01
1.015606874430581841e-01
1.015698829339158338e-01
1.015729435803100489e-01
1.015665691846801277e-01
