7.742230359365558090e-02
7.720860136695814613e-02
7.870481793477827892e-02
7.890622924450337028e-02
7.989523372417450808e-02
8.087348734391264227e-02
8.138399621947238483e-02
8.191205193012683627e-02
8.269621336917874765e-02
8.324855721516043194e-02
8.380814222577200046e-02
8.453775123727334806e-02
8.512515516115723435e-02
8.578523713195476685e-02
8.630368932037077445e-02
8.696048536010503316e-02
8.754965126966807176e-02
8.802642696622541008e-02
8.882899609826783172e-02
8.935732798892184747e-02
8.994783162369458795e-02
9.054751059351484610e-02
9.095286418817366547e-02
9.154886305605219876e-02
9.206637038398245154e-02
9.243674529320321243e-02
9.309703160518124909e-02
9.350307753609016226e-02
9.424709929579946910e-02
9.453418454284789885e-02
9.499492364598889627e-02
9.564661511046015918e-02
9.616320113878015774e-02
9.675005686878745959e-02
9.726561610299559735e-02
9.776132149570060381e-02
9.824950342906835221e-02
9.860880414829650831e-02
9.908893229232540456e-02
9.966551210006499573e-02
1.001044039613162573e-01
1.005861656694798656e-01
1.010033811492978828e-01
1.014107707609740727e-01
1.018335010588477113e-01
1.022111504918825908e-01
1.026906515292111965e-01
1.030896129327244781e-01
1.034595145434958618e-01
1.037931756083097651e-01
1.041735408369755672e-01
1.044469110124565669e-01
1.048553611732606916e-01
1.050735176096959655e-01
1.053980322902264843e-01
1.057003295635055018e-01
1.059778952378011285e-01
1.063257556358278566e-01
1.065634662326301330e-01
1.068897123216836914e-01
1.070535828727113281e-01
1.074632467103320971e-01
1.076727654461510086e-01
1.080403980888974269e-01
1.082673453145497067e-01
1.084622741398376805e-01
1.088025886087603672e-01
1.088924011426803118e-01
1.093023503979915351e-01
1.095652799243416187e-01
1.097254043887183061e-01
1.099354332774376830e-01
1.100325931775315846e-01
1.102358031599736665e-01
1.104517164173742377e-01
1.106889429124522095e-01
1.108919331298138522e-01
1.110963101013572180e-01
1.112155480629578863e-01
1.113470797221604025e-01
1.114347748945472560e-01
1.115946100704823252e-01
1.117114254461864381e-01
1.118436917958899879e-01
1.120251888027182785e-01
1.121842126205801204e-01
1.122778275067566334e-01
1.124056235536299575e-01
1.125290388104159683e-01
1.126064510435464683e-01
1.126862389610032156e-01
1.127749570753644737e-01
1.128172302134495819e-01
1.128514868508493918e-01
1.128790669014633208e-01
1.129151847727866698e-01
1.129704047527558264e-01
1.130317898286246348e-01
1.130684723271856984e-01
1.131109220415623673e-01
1.131837694408291961e-01
1.131931717025739526e-01
1.132721664522391009e-01
1.133079356611270128e-01
1.133261260636816148e-01
1.133773350643387245e-01
1.133847370154774103e-01
1.134204717932233986e-01
1.133900000311328787e-01
1.134079590984736485e-01
1.134050719893404946e-01
1.134013366578171533e-01
1.133980210440619363e-01
1.133840103522857912e-01
1.134031144036555250e-01
1.133798567028434234e-01
1.134275442924340543e-01
1.133738977914258844e-01
1.133956218771334928e-01
1.133825242139193668e-01
1.133622628201803456e-01
1.133453814818401739e-01
1.133271930490365176e-01
1.133301196118313425e-01
1.133305591277111724e-01
1.133614997970226468e-01
1.132592850998260237e-01
1.129438544911630093e-01
1.130887807705342335e-01
1.131707312657410369e-01
1.130838997350043368e-01
1.130043995050623584e-01
1.128637722977120367e-01
1.128045939387829905e-01
1.127029306240501655e-01
1.126380755594110217e-01
1.125301104131015278e-01
1.125375718248027568e-01
1.125350458962219719e-01
1.123355994705600713e-01
1.122837565265631526e-01
1.120589842960526550e-01
1.122520328005633949e-01
1.121696413198083053e-01
1.120655436057411969e-01
1.118897906744375503e-01
1.117467842017227375e-01
1.116613698659386922e-01
1.115133430177411289e-01
1.113684532669643457e-01
1.112143540884827086e-01
1.110731009999162966e-01
1.109849404216441404e-01
1.107628202186340394e-01
1.107335025271067863e-01
1.105640630790072215e-01
1.103932297235342141e-01
1.102285970246713598e-01
1.100958059388257165e-01
1.099272926641776393e-01
1.098432185241814130e-01
1.096729672440125425e-01
1.095840621661771930e-01
1.093828618165108291e-01
1.091736747299919819e-01
1.090852090751576187e-01
1.088334079541793398e-01
1.086994884149831558e-01
1.085263154359661086e-01
1.083037571661674553e-01
1.081512117780784876e-01
1.079267210023966000e-01
1.077769455946264165e-01
1.076070680223867176e-01
1.074266573231152100e-01
1.072737291405283372e-01
1.070441705091286499e-01
1.069133120469618892e-01
1.067960644563914763e-01
1.065966631360458494e-01
1.063910201439069447e-01
1.061724840363733879e-01
1.060950924970012199e-01
1.059645732352053060e-01
1.057555234432751012e-01
1.055498279277197471e-01
1.053733672164519630e-01
1.052468003203199109e-01
1.050513115281493937e-01
1.049247340556491298e-01
1.047185962394741598e-01
1.045253379903966218e-01
1.043240458301181867e-01
1.041108349071712680e-01
1.039310586072969556e-01
1.037915894467312805e-01
1.035816218740790440e-01
1.034174170659467318e-01
1.032369235284457260e-01
1.030666947652811860e-01
1.028923338217945793e-01
1.027403282654490851e-01
1.025390635960492930e-01
1.023892284244029699e-01
1.022052381340869259e-01
1.020152068857041461e-01
1.018257056274025490e-01
1.016727917295238287e-01
1.015175612480930384e-01
1.013191909147511255e-01
1.011430733858227626e-01
1.010102416606462050e-01
1.008475530015347649e-01
1.006526338751529970e-01
1.005106009377381565e-01
1.003756228938140205e-01
1.002178345464591752e-01
1.000882741122720021e-01
9.988768575157375151e-02
9.972176011517025485e-02
9.956984431249815692e-02
9.946196122113099003e-02
9.932236013410496167e-02
9.918003359490290549e-02
9.907364799587055348e-02
9.891325104142831282e-02
9.881463858832741087e-02
9.869291476687250264e-02
9.853086051397977330e-02
9.842949171125534025e-02
9.830153431462722302e-02
9.816947444302953629e-02
9.807456335565221950e-02
9.797063134204299362e-02
9.781665631164720986e-02
9.776788354874171860e-02
9.762807069751451572e-02
9.754689961701387690e-02
9.742076444231333177e-02
9.728007580962422240e-02
9.725698985329371549e-02
9.713814365899769987e-02
9.707549636449233632e-02
9.695595597257260223e-02
9.684315974751747658e-02
9.678290454013527278e-02
9.668734281174021228e-02
9.659763685941499811e-02
9.656798718635839496e-02
9.648859577973721569e-02
9.644256057799864557e-02
9.631517288581746550e-02
9.631909461686453955e-02
9.619367304903392313e-02
9.614007155705656116e-02
9.608935154793045441e-02
9.605510324687047130e-02
9.595938890480174011e-02
9.595952889848197165e-02
9.591314709858912713e-02
9.584243429288935578e-02
9.583930384820329995e-02
9.582046663660077901e-02
9.575826216553187664e-02
9.568398447127715589e-02
9.566438839263859129e-02
9.565078862441270258e-02
9.568293980635329821e-02
9.567307613671484356e-02
9.556297052806413117e-02
9.559349845811283830e-02
9.554877848591783462e-02
9.558441714024661084e-02
9.555625940874862279e-02
9.555039289506572775e-02
9.555055401539477855e-02
9.553937687567630455e-02
9.553998929059023815e-02
9.548180466573220893e-02
9.551003295119919745e-02
9.560369648361372041e-02
9.555240474524112626e-02
9.558148795504357864e-02
9.558911306720163648e-02
9.558870816852368946e-02
9.564760156292895221e-02
9.562732140380252044e-02
9.565139811060838215e-02
9.566158926120940653e-02
9.572405199911687701e-02
9.574362700650361491e-02
9.580112521045359986e-02
9.591647232754413333e-02
9.590885208030024145e-02
9.598480464897525544e-02
9.600736267177070737e-02
9.604147590681127999e-02
9.610952104456721434e-02
9.617607374000539111e-02
9.618758557629185357e-02
9.628671447871203770e-02
9.633308493279196805e-02
9.642227830842205194e-02
9.646577322021405998e-02
9.650104967997519267e-02
9.661089493801119921e-02
9.672458639899635113e-02
9.673771154588525767e-02
9.682981332275192310e-02
9.689294130211976996e-02
9.697087515332991625e-02
9.708189428397095977e-02
9.712346282044966028e-02
9.722124047035980710e-02
9.727194470513629565e-02
9.737211121664143820e-02
9.743355343510526345e-02
9.753916964162617775e-02
9.765837842976315963e-02
9.771943536362635851e-02
9.781039062631513570e-02
9.788740960086421417e-02
9.799708340898302672e-02
9.808360423107675974e-02
9.818073844336802636e-02
9.826634384177611314e-02
9.834550671892507145e-02
9.842606592263057619e-02
9.856515971197706005e-02
9.861707856196540167e-02
9.873369709591137133e-02
9.884449643718262735e-02
9.892577848785928663e-02
9.903515123482395377e-02
9.907039581746961143e-02
9.920620846593304620e-02
9.929600673653136977e-02
9.938705913667716940e-02
9.946206662056257530e-02
9.960223459950023894e-02
9.969588012091053220e-02
9.979033657339540786e-02
9.988531210671688920e-02
9.995811790856065637e-02
1.000749745090518394e-01
1.001399486879137046e-01
1.002559130196824799e-01
1.003509731620924605e-01
1.004442873356058141e-01
1.005295889018753830e-01
1.006162795270399285e-01
1.006864125399153653e-01
1.007782534401463898e-01
1.008659852819410174e-01
1.009993981254435347e-01
1.010482728293426724e-01
1.011393399296855178e-01
1.012234370759462349e-01
1.013400689917723363e-01
1.013948750490522854e-01
1.014970053705517572e-01
1.015838677528233536e-01
1.016743392255897438e-01
1.017129464486272034e-01
1.018345941602899485e-01
1.018790338417465136e-01
1.019610203900281342e-01
1.020478963629004865e-01
1.021313080958631270e-01
1.022162442683896277e-01
1.022566262079089988e-01
1.023297005719696340e-01
1.023654979259830677e-01
1.024169406410257444e-01
1.025322905790877759e-01
1.025330748687893478e-01
1.026627298404137190e-01
1.027317945438566971e-01
1.027963800754329304e-01
1.028081394034003754e-01
1.028701996482620368e-01
1.029343726415318933e-01
1.030025779554615550e-01
1.030304292981023828e-01
1.030979496519030952e-01
1.031589005719746183e-01
1.032007608951333727e-01
1.032492309062583852e-01
1.032746965864256850e-01
1.033478753449902365e-01
1.033797285769471608e-01
1.033938973771030834e-01
1.034615224033999525e-01
1.034660147149404630e-01
1.035224384025757033e-01
1.035368941948404259e-01
1.035546606761473254e-01
1.035688088556095399e-01
1.035901411033984809e-01
1.036111671935764367e-01
1.036405956432754349e-01
1.036372756593863798e-01
1.036554735059076471e-01
1.036508220484421983e-01
1.036733108869033471e-01
1.036458781549130653e-01
1.036857104431553322e-01
1.036593435389102924e-01
1.036773735306137367e-01
1.036793197343634509e-01
1.036648886308433881e-01
1.036679789045097388e-01
1.036553321151603702e-01
1.036501945882165321e-01
1.036167051678068413e-01
1.036162419418931863e-01
1.035979038433157834e-01
1.035913714580478651e-01
1.035898188279012477e-01
1.035808735198694153e-01
1.035982911654826227e-01
1.036013008425767101e-01
1.036212855942115207e-01
1.036288723182502841e-01
1.036498427839825653e-01
1.036605987817900837e-01
1.036662397371783950e-01
1.036720614786860173e-01
1.036769545666893777e-01
1.036876633396017072e-01
1.036905754568625826e-01
1.036925705082382965e-01
1.037051985232980422e-01
1.036758947715732682e-01
1.036851793156588625e-01
1.037079471021131738e-01
1.036684921737827114e-01
1.036901227885102250e-01
1.036786584783758874e-01
1.036610359791269309e-01
1.036382990959142381e-01
1.036476176211818812e-01
1.036237013311277488e-01
1.036031204433241759e-01
1.035878493667114070e-01
1.035595199924242565e-01
1.035432705374752793e-01
1.034950055630517174e-01
1.034833194933814093e-01
1.034259011297240516e-01
1.034015309789811654e-01
1.033297792968972950e-01
1.033068372054314898e-01
1.032561638208293331e-01
1.032039077097407914e-01
1.031234481808486203e-01
1.030436648829256008e-01
1.030329296076534368e-01
1.029751524402254814e-01
1.029032068747706141e-01
1.028474245618517802e-01
1.027729811699539808e-01
1.026807405399272899e-01
1.026138126649218107e-01
1.025088667450214375e-01
1.024795381769102731e-01
1.024089723463977031e-01
1.023420332375057917e-01
1.022292218050508961e-01
1.021625680932285035e-01
1.020927077121829424e-01
1.020335004742621010e-01
1.019508010632321077e-01
1.018537525022273210e-01
1.017463824743950196e-01
1.017098483819381116e-01
1.016209900803970723e-01
1.015600758883391797e-01
1.015151589501862572e-01
1.014298052465009425e-01
1.013559439215581670e-01
1.012404983462834446e-01
1.011882422058918568e-01
1.010997062266522084e-01
1.010393643483827181e-01
1.009448882654974816e-01
1.008689674892898624e-01
1.007923572843680560e-01
1.007481797379725930e-01
1.006750989141989155e-01
1.006023624743075662e-01
1.005558211010287861e-01
1.004584292941286816e-01
1.004180711847125484e-01
1.003065722344351346e-01
1.002672552080466212e-01
1.001985537231840223e-01
1.001073733220460421e-01
1.000442171780160372e-01
1.000132786074501567e-01
9.991451278294991023e-02
9.984247451146371910e-02
9.979821965051342836e-02
9.970931095693053026e-02
9.965969184523035262e-02
9.957372395081998118e-02
9.953967831316568038e-02
9.945525504271501838e-02
9.941810723187713417e-02
9.935346008513810945e-02
9.931015559270248150e-02
9.926824624392371899e-02
9.920195360092316783e-02
9.916015214966007740e-02
9.909468810190408261e-02
9.906061879421117211e-02
9.901444181673615952e-02
9.895780395640568772e-02
9.889882105399561141e-02
9.888238807624594173e-02
9.881808107583195389e-02
9.880483850196060402e-02
9.877394980565783189e-02
9.869370731934497265e-02
9.869225071510454028e-02
9.862160814195515546e-02
9.857706894412543441e-02
9.857154574012320924e-02
9.851152736328766535e-02
9.847003599533694918e-02
9.845325958912116981e-02
9.842138583702619847e-02
9.837745899999547627e-02
9.839231333620826470e-02
9.831450279804208880e-02
9.834867580185560620e-02
9.825102586148098949e-02
9.829032058119402393e-02
9.829417383567819189e-02
9.825860151377160956e-02
9.818596094220587156e-02
9.822162705117865045e-02
9.822636452993929734e-02
9.816739311132130497e-02
9.819985229048330821e-02
9.817059943170050595e-02
9.818453342168120823e-02
9.819862597884337907e-02
9.820011886781238042e-02
9.817223836218386124e-02
9.819734434744778473e-02
9.813433242710996318e-02
9.814671076178897724e-02
9.814365630069313284e-02
9.821921317402382279e-02
9.817646309565197793e-02
9.822768010122646942e-02
9.822013947195500083e-02
9.823544957588675741e-02
9.831211284819119101e-02
9.826236799173952707e-02
9.827227491630680101e-02
9.834826717538422414e-02
9.835867609011221535e-02
9.839204072052194772e-02
9.839012485243529837e-02
9.841698717875368985e-02
9.847109660674355225e-02
9.851080433836800765e-02
9.856708580318886137e-02
9.858084433208362529e-02
9.859702761459301912e-02
9.867086021914797667e-02
9.871046397199312317e-02
9.874956961152182855e-02
9.878656430382765086e-02
9.879674912920989593e-02
9.888472924940633346e-02
9.891768192642630408e-02
9.895406948776781786e-02
9.900411215735394066e-02
9.908103259242941052e-02
9.910548402866967144e-02
9.917024526112169780e-02
9.919591365784224957e-02
9.926749394659323267e-02
9.930461026342798925e-02
9.937950490928119940e-02
9.941752710442551544e-02
9.949850281329497559e-02
9.954306575311465399e-02
9.961522368936401306e-02
9.967857689273623700e-02
9.973611370285587197e-02
9.979927654791420633e-02
9.986119930780108789e-02
9.991797378368366678e-02
9.997343914035985990e-02
1.000137181997053371e-01
1.001087958916270226e-01
1.001848014354583261e-01
1.002205912315112246e-01
1.003084602602876269e-01
1.003814151327368509e-01
1.004428591315670999e-01
1.004998171832793968e-01
1.005814681610982531e-01
1.006539514143943159e-01
1.006772406103714490e-01
1.007547155037261666e-01
1.008285466843371198e-01
1.008726345213839387e-01
1.009333494332929071e-01
1.010070481346680427e-01
1.010687465194778090e-01
1.011261177343188988e-01
1.011812611937756290e-01
1.012177800373121467e-01
1.012874525824862537e-01
1.013416414640843088e-01
1.013932728387797466e-01
1.014189695894151116e-01
1.014358307072696641e-01
1.014747635520072688e-01
1.014907233717867729e-01
1.014635010450822272e-01
1.014734280773500613e-01
1.014779759159289835e-01
1.014880924416597108e-01
1.014701194260637374e-01
1.014584258982051818e-01
1.014366001084285596e-01
1.014427011760881681e-01
1.014229552323601680e-01
1.014478706414035925e-01
1.014399167247943129e-01
1.014462276516130274e-01
1.013488757773214344e-01
1.014082585751079763e-01
1.013871362998935710e-01
1.014674756683532908e-01
1.013812161771740911e-01
1.014823715005010590e-01
1.015738712024728402e-01
1.016670792092146114e-01
1.016424495287449048e-01
1.017761536421737667e-01
1.019886539967745087e-01
1.020206150742152817e-01
1.020672465630006326e-01
1.021348661241159583e-01
1.022668760655164322e-01
1.023442867282295110e-01
1.024393860034618076e-01
1.025005518926906944e-01
1.026089313428859007e-01
1.026730141272101937e-01
1.027316214154139762e-01
1.027691226289235704e-01
1.028421713063251697e-01
1.028849292540601895e-01
1.029257351021850703e-01
1.029589842124922494e-01
1.029805712051156674e-01
1.030257779005343127e-01
1.030315510859349248e-01
1.030540032391853850e-01
1.030771962990583573e-01
1.030963147691454501e-01
1.031124990899817684e-01
1.031248250020893181e-01
1.031490147140460972e-01
1.031619325693656636e-01
1.032010191857121451e-01
1.031494957796652012e-01
1.031704753584842676e-01
1.032076010741189431e-01
1.031876908917329499e-01
1.031857288349265905e-01
1.031819025178884741e-01
1.032300373207333533e-01
1.032261803679858508e-01
1.031912621522249329e-01
1.032098106385142822e-01
1.032126245359373529e-01
1.031671513193689188e-01
1.032036905483192102e-01
1.032143065194301018e-01
1.031916267018085365e-01
1.031987761913230883e-01
1.032117204717290793e-01
1.031811327307246562e-01
1.032110209581575816e-01
1.031958594751295200e-01
1.031893438562221377e-01
1.031670579553739531e-01
1.031682419044960830e-01
1.031706276807548839e-01
1.031481989170780350e-01
1.031631467090845661e-01
1.031352206090478396e-01
1.031264571874666164e-01
1.031083735254840344e-01
1.031456523936209180e-01
1.031048750097380284e-01
1.030382345939264421e-01
1.031330381312006994e-01
1.031209865954541838e-01
1.031368681478914695e-01
1.031269699560447561e-01
1.031233995214274335e-01
1.030192424208914298e-01
1.030071462563420109e-01
1.029047036443742624e-01
1.028391602260781412e-01
1.028014867027909895e-01
1.028304290586649905e-01
1.027956291146944201e-01
1.028547410909027293e-01
1.028545256923925066e-01
1.029278710047692030e-01
1.029702828737220632e-01
1.029644197205949047e-01
1.030193509603702096e-01
1.030281470267969401e-01
1.030353084707248956e-01
1.031242767748080519e-01
1.031331853414311495e-01
1.031451299196939342e-01
1.031949642076930851e-01
1.031790929845256000e-01
1.032065406524246970e-01
1.031740979251821178e-01
1.031835788660167980e-01
1.031889833669824008e-01
1.031492939253933899e-01
1.031521268839577510e-01
1.031207010157349363e-01
1.031216552564172412e-01
1.030746819886837196e-01
1.030301732162162420e-01
1.030316244924587010e-01
1.030072531749621212e-01
1.029420038556511235e-01
1.029442443322041850e-01
1.028892128764423569e-01
1.028741688992407116e-01
1.028754701202723443e-01
1.028003417776651718e-01
1.027669073889143636e-01
1.027454065608031930e-01
1.026816470377912849e-01
1.026455119722780307e-01
1.025976428968193299e-01
1.025977886810366529e-01
1.025466188291451891e-01
1.024983716068743889e-01
1.024960675556224610e-01
1.024229106075533330e-01
1.023661379061854004e-01
1.023508629014474591e-01
1.022872208876569877e-01
1.022523484600945387e-01
1.022017500013069347e-01
1.022163924287559505e-01
1.021931718322103833e-01
1.020720513120201844e-01
1.020696817501538789e-01
1.020048389934145039e-01
1.019929783679396490e-01
1.019257891818380890e-01
1.018539233485242362e-01
1.018555315711908160e-01
1.018038539919436519e-01
1.017681517469332525e-01
1.017191562853037301e-01
1.016872312111929549e-01
1.016485931245850460e-01
1.016161457209149022e-01
1.015546936778719683e-01
1.015278729833032911e-01
1.014969869421297188e-01
1.014376232198708483e-01
1.013856849751222922e-01
1.013666953204028220e-01
1.013168326714870421e-01
1.013041674018499011e-01
1.012309107264765251e-01
1.011993947417587913e-01
1.011451449316256856e-01
1.011085540510040792e-01
1.010843977943597649e-01
1.010490102356959019e-01
1.009933364564441077e-01
1.009621793877995277e-01
1.009099681780516178e-01
1.008601732654561406e-01
1.008435407124081140e-01
1.008162929989735584e-01
1.007583135117801065e-01
1.007259028455999711e-01
1.006934159841725573e-01
1.006658251313888308e-01
1.006301557340489039e-01
1.005727042892402556e-01
1.005441375957928651e-01
1.005303526572313422e-01
1.005082787540058503e-01
1.004448441592187824e-01
1.004160420574053969e-01
1.003946168929144428e-01
1.003598284885787173e-01
1.003200917347916027e-01
1.003033785676858830e-01
1.002796570400361353e-01
1.002397481200345691e-01
1.002106381069289842e-01
1.001878964150749729e-01
1.001788678219232287e-01
1.001307463400960551e-01
1.001019642026951539e-01
1.000832983112395491e-01
1.000764862791501814e-01
1.000314450788546833e-01
1.000245850418606669e-01
9.998329790017256025e-02
9.999149783293975746e-02
9.997063581431880896e-02
9.991555174185551280e-02
9.992490083640592768e-02
9.990336954605130715e-02
9.989997168612733958e-02
9.988300946743144948e-02
9.985477109206486457e-02
9.983143676056122073e-02
9.980316660515829719e-02
9.979908767499134914e-02
9.981546424864354283e-02
9.978119445442339142e-02
9.976845553935025090e-02
9.974697316064079500e-02
9.974422376937912282e-02
9.972908906446675825e-02
9.973178885473464594e-02
9.969589089527240711e-02
9.971313598651701526e-02
9.970681441796191979e-02
9.969337259329984213e-02
9.966212028109082410e-02
9.962919644246544248e-02
9.967718404598133186e-02
9.964620237059385044e-02
9.965399064186777900e-02
9.964897863997063121e-02
9.964361395897820828e-02
9.961036880611319477e-02
9.960257407434831844e-02
9.958199822823542158e-02
9.958138985166486989e-02
9.960868310269722914e-02
9.956887589011798045e-02
9.956912183627732171e-02
9.956843641510775000e-02
9.955506857519386132e-02
9.954256355235424625e-02
9.954412721784514084e-02
9.952748989016349523e-02
9.954041104467162282e-02
9.951352649438552356e-02
9.952071988356375742e-02
9.950243136967661106e-02
9.948492312803540460e-02
9.948307710061879416e-02
9.948543642135081189e-02
9.948943639341811807e-02
9.945813458819484365e-02
9.946020289782418755e-02
9.947241338432626090e-02
9.944984468104735298e-02
9.942254305658504432e-02
9.941407673395277755e-02
9.941027131151976282e-02
9.939998522495482880e-02
9.939072055868013178e-02
9.937311338782925385e-02
9.939401165499962831e-02
9.938608316895429506e-02
9.935362445316350821e-02
9.934945374240047866e-02
9.936112973549555971e-02
9.933408798568822695e-02
9.932681931024242572e-02
9.932182821178954513e-02
9.930484340694352430e-02
9.931369506075937714e-02
9.930508272423183014e-02
9.927048801789274679e-02
9.928610280380820163e-02
9.927702237154639731e-02
9.928358249711437267e-02
9.925321236715382855e-02
9.925718602924787914e-02
9.925159371128361441e-02
9.922866783504621924e-02
9.923512704167880560e-02
9.922633867307301125e-02
9.923942359691852177e-02
9.922126505654717266e-02
9.920044564351296335e-02
9.920621434586776588e-02
9.920328802924475997e-02
9.920725260579318916e-02
9.918377770958819450e-02
9.918878885179950589e-02
9.917807981014595264e-02
9.920470998611324864e-02
9.920767654823715864e-02
9.921299087947089979e-02
9.919398374808360841e-02
9.922820669417356521e-02
9.920261427812643307e-02
9.918118966546425608e-02
9.923480677132706651e-02
9.921976324295370131e-02
9.921439479423398156e-02
9.919668728886579800e-02
9.922895541945153663e-02
9.923673111244445122e-02
9.924775642842241508e-02
9.924182154676411405e-02
9.925628428871215159e-02
9.925940626896176400e-02
9.927262926264159015e-02
9.926423190611402547e-02
9.929263974371088652e-02
9.926450481547335891e-02
9.927953190977112374e-02
9.930577224719018548e-02
9.930655437247346007e-02
9.933842151176282276e-02
9.933533611651652884e-02
9.934622121534653072e-02
9.938044490953601429e-02
9.938750813189040079e-02
9.941362006077857083e-02
9.941847220823919751e-02
9.946467606370588965e-02
9.944352951353055414e-02
9.946331576020601972e-02
9.948024050558830489e-02
9.950473084935868018e-02
9.947361927877228227e-02
9.954835607636468298e-02
9.954600305047600628e-02
9.957871622777325626e-02
9.959550138705314248e-02
9.958135761199773950e-02
9.964832207378410134e-02
9.964192991290053703e-02
9.965933637828673641e-02
9.970711538627610726e-02
9.971832033087348057e-02
9.974133722402872548e-02
9.978071522207716815e-02
9.981758060023528112e-02
9.981486682530500698e-02
9.984867219034607166e-02
9.986587972916069478e-02
9.988876118902950685e-02
9.991054439288984956e-02
9.995917379871530062e-02
9.999488155728267214e-02
1.000070353513724530e-01
1.000298318650496981e-01
1.000577826539177789e-01
1.001101342476585776e-01
1.001287747992619381e-01
1.001485152682820845e-01
1.001947920491962490e-01
1.002170329453197506e-01
1.002365806881434784e-01
1.002774608678443646e-01
1.003124785579498357e-01
1.003422144488276269e-01
1.003658119538528432e-01
1.004166288504535071e-01
1.004318334016507108e-01
1.004555604849438205e-01
1.004815589804630982e-01
1.005503739833570331e-01
1.005838404110237921e-01
1.006066084917460746e-01
1.006377356250402061e-01
1.006703161394731233e-01
1.007361311012920368e-01
1.007710552667950427e-01
1.008014185653288985e-01
1.008327502232529704e-01
1.008882251998562268e-01
1.009247951012694766e-01
1.009428074876268372e-01
1.009630054742425703e-01
1.010276765850200292e-01
1.010416594342486429e-01
1.010973902474028574e-01
1.011168294135654511e-01
1.011406136082022844e-01
1.011644094979112229e-01
1.011728917900762970e-01
1.011605843369296348e-01
1.011386796287705447e-01
1.011100254891723199e-01
1.010855008793078574e-01
1.010654868169775372e-01
1.010684899137333781e-01
1.010154927431018423e-01
1.011397702605776605e-01
1.011009801174187622e-01
1.012293469467707568e-01
1.012409208745571748e-01
1.013604245241025992e-01
1.013593170864094395e-01
1.013556245817107959e-01
1.013870180730926940e-01
1.014417174956891154e-01
1.014086722698034349e-01
1.013072436766996043e-01
1.013388382786496594e-01
1.013952275836356443e-01
1.014713722205293212e-01
1.015286212093558377e-01
1.015835268597911206e-01
1.016663072998837125e-01
1.017257077022884343e-01
1.017958400221457699e-01
1.018431640669942573e-01
1.019030316104906908e-01
1.019552860234519270e-01
1.019972546205584474e-01
1.020301111512050968e-01
1.020663147485410399e-01
1.020840359695729671e-01
1.020862850591538334e-01
1.020947965018208087e-01
1.020956923051054149e-01
1.021114879613743837e-01
1.021059911819472560e-01
1.021194668109097758e-01
1.021281073447836835e-01
1.021288612613340668e-01
1.021432025077952666e-01
1.021265810813179048e-01
1.021386835284455868e-01
1.021360480114982955e-01
1.021358016118431994e-01
1.021594598758886752e-01
1.021468927499049051e-01
1.021402479467628244e-01
1.021442430258489020e-01
1.021786571098109164e-01
1.021465916485278236e-01
1.021451735530097826e-01
1.021628699259856249e-01
1.021489122148175055e-01
1.021385167899230006e-01
1.021368169342497800e-01
1.021225840036925625e-01
1.021465026291529382e-01
1.021336673070454976e-01
1.021522421821380450e-01
1.021595478996247114e-01
1.021423340004612990e-01
1.021479066177920503e-01
1.021326526117573158e-01
1.021354820877940356e-01
1.021617579779720425e-01
1.021589870982802239e-01
1.021091716765893942e-01
1.021322856995913186e-01
1.021296417060982981e-01
1.021655376486684808e-01
1.021051542339234675e-01
1.021263202657324010e-01
1.021375076640790164e-01
1.021818859486304104e-01
1.021606915451540309e-01
1.021535958411569217e-01
1.021649270375808993e-01
1.021627410195802693e-01
1.021571611480793090e-01
1.021631709155989692e-01
1.021624662758539581e-01
1.021577061873603365e-01
1.021716357378527062e-01
1.021625678520905051e-01
1.021296603466269742e-01
1.021702404004649206e-01
1.021295228732439220e-01
1.020891874419811302e-01
1.021229048499105313e-01
1.021458566945066676e-01
1.020929515609151350e-01
1.021913412810572935e-01
1.021128802567075056e-01
1.021540485597589448e-01
1.021389676449292461e-01
1.020851959002875148e-01
1.021176803393489541e-01
1.021141500169101685e-01
1.020487875213707679e-01
1.021120814425761636e-01
1.020878769639985972e-01
1.021164766212350472e-01
1.020844549599892320e-01
1.021273931905893606e-01
1.021274048010804014e-01
1.020693618954589821e-01
1.020698292538302770e-01
1.020455664290433884e-01
1.019064899451458395e-01
1.019185699676992268e-01
1.017712335306305976e-01
1.017550332454375955e-01
1.017744405038518013e-01
1.017482543426910524e-01
1.018526288035599831e-01
1.019019868312190241e-01
1.019420859393001810e-01
1.019681696741298327e-01
1.020045214741516076e-01
1.020733198497680294e-01
1.021276591572662235e-01
1.021317994417527408e-01
1.021620055729144522e-01
1.022066214587967758e-01
1.021718501131682472e-01
1.022024736725447303e-01
1.021911329963723913e-01
1.021777405979186759e-01
1.021430358024886936e-01
1.021706195851498494e-01
1.021322239069830939e-01
1.021373012318864959e-01
1.021199251382766127e-01
1.021062209962992351e-01
1.020863393819503306e-01
1.020897740688255229e-01
1.020594053571107496e-01
1.020361229209399423e-01
1.020419647175499489e-01
1.019980947892534379e-01
1.020131440300699466e-01
1.019699701217615662e-01
1.019430562279498159e-01
1.019010192833676998e-01
1.019150116717960353e-01
1.018484969768208015e-01
1.018521832851042447e-01
1.018454583476253450e-01
1.018404018194378896e-01
1.018282376994698313e-01
1.017948233323688334e-01
1.017744146890151163e-01
1.017574371820142848e-01
1.016932084048384477e-01
1.016979963714477186e-01
1.017008756271047254e-01
1.016855050619448336e-01
1.016725208247546419e-01
1.016241845321860654e-01
1.016259057492057694e-01
1.015746601936502874e-01
1.015982967979375401e-01
1.015776374064144699e-01
1.015380571641270602e-01
1.015064565497748872e-01
1.014890661847096254e-01
1.014945999413848221e-01
1.014554995282782313e-01
1.014306805387958366e-01
1.014409125067178008e-01
1.013775327165790940e-01
1.013904330733071124e-01
1.013589892454188901e-01
1.013442147622390238e-01
1.013414922163585752e-01
1.013037333979121546e-01
1.012688813896858026e-01
1.012525505423023664e-01
1.012459425910731681e-01
1.012499896031314461e-01
1.012196390755361886e-01
1.011868275175929199e-01
1.011731203088180875e-01
1.011823234829075102e-01
1.011424048255784441e-01
1.011006676269051163e-01
1.011349589524235815e-01
1.010991668343561162e-01
1.011014580458046291e-01
1.010582596607721984e-01
1.010537108656945904e-01
1.010597597260872865e-01
1.010526501311848069e-01
1.010157050185391259e-01
1.010181283553106546e-01
1.010129534299677029e-01
1.010108192339432692e-01
1.009732355660639819e-01
1.009803620619858927e-01
1.009582526933966440e-01
1.009541211011172057e-01
1.009546361683293508e-01
1.009478574375438087e-01
1.009342224759391116e-01
1.009285833876334554e-01
1.009348716070541385e-01
1.009209539972030362e-01
1.009190233756416255e-01
1.009166516868778979e-01
1.009013017981163635e-01
1.008866917115827377e-01
1.008793133986275736e-01
1.008821991265862195e-01
1.008583800796322705e-01
1.008708973086510502e-01
1.008766870147872752e-01
1.008778112165703150e-01
1.008581849408164144e-01
1.008723703729731414e-01
1.008664804145941729e-01
1.008416868117203158e-01
1.008425789968141473e-01
1.008372794157761931e-01
1.008525749655991011e-01
1.008372575394399784e-01
1.008270149848610603e-01
1.008336785687687642e-01
1.008531965309257677e-01
1.008501004130021306e-01
1.008301132448897880e-01
1.008441001821663852e-01
1.008337176593244316e-01
1.008221404514369479e-01
1.008249878737747518e-01
1.008164531183323442e-01
1.008028689001971012e-01
1.008024281553176055e-01
1.007821644423754631e-01
1.007943361098297269e-01
1.007982819696016802e-01
1.008088520998896842e-01
1.007955062269656754e-01
1.007418332067535477e-01
1.007569935492939744e-01
1.007528823920652156e-01
1.007393724026250797e-01
1.007738625662850940e-01
1.007626615095875977e-01
1.007447243058110786e-01
1.007422691984379282e-01
1.007206840285636285e-01
1.007134992575672017e-01
1.007196662551697597e-01
1.007038311354576110e-01
1.006914477605018315e-01
1.006962680728609866e-01
1.006844856487605633e-01
1.006879914141735333e-01
1.006955185910387435e-01
1.006772658715286983e-01
1.006626449849156446e-01
1.006578866160847963e-01
1.006660888787784952e-01
1.006658917600477821e-01
1.006414772538398172e-01
1.006236028368532182e-01
1.006189916578150434e-01
1.006269458161818259e-01
1.006108397231919444e-01
1.005744726557688262e-01
1.005958515754211413e-01
1.005864838221537244e-01
1.005806764492978844e-01
1.005412729688109907e-01
1.005754738930297321e-01
1.005545488314963237e-01
1.005450774535859015e-01
1.005647924681482008e-01
1.005567796452222357e-01
1.005497835161132808e-01
1.005034075691888240e-01
1.005122312824115322e-01
1.005130974161224378e-01
1.005163797284122917e-01
1.005270915396249687e-01
1.004877066023395910e-01
1.004917624023633077e-01
1.005020696708971983e-01
1.004969491710112905e-01
1.004861327442665708e-01
1.004831315122488161e-01
1.004820137364779015e-01
1.004786370099990528e-01
1.005045852038949639e-01
1.004903700337821393e-01
1.004844846456248580e-01
1.004948550169917909e-01
1.004946436483477729e-01
1.004800101514120164e-01
1.004805711587904715e-01
1.005030823743334745e-01
1.005246622293909653e-01
1.004967962379589019e-01
1.004999705710658969e-01
1.005300436693020855e-01
1.005331767901841700e-01
1.005352238224241079e-01
1.005093820023624934e-01
1.005197122633227913e-01
1.005192073476182668e-01
1.005502984347391854e-01
1.005571842388565673e-01
1.005441501390402226e-01
1.005641079724924614e-01
1.005886855012099595e-01
1.005718024836255026e-01
1.006217924211871284e-01
1.006217384193719977e-01
1.006112782554636764e-01
1.006311649855569368e-01
1.006489127103248615e-01
1.006710736248659643e-01
1.006651990659454543e-01
1.006798822951508743e-01
1.006855218771883498e-01
1.006978442105922328e-01
1.007369145349879952e-01
1.007243862001342971e-01
1.007629801556084032e-01
1.007595843361091537e-01
1.007732528270154082e-01
1.007866188071212393e-01
1.008203819906545035e-01
1.008061616108845981e-01
1.008336905833080999e-01
1.008453582190667330e-01
1.008805760185161743e-01
1.008557913299510805e-01
1.008968527916224295e-01
1.009063400288977563e-01
1.008930589270613798e-01
1.009225012700023794e-01
1.009337688077716205e-01
1.009499859097445773e-01
1.009529938262774262e-01
1.009566263782804424e-01
1.009384420928567810e-01
1.009973661184039168e-01
1.009796253980706077e-01
1.010019416654635849e-01
1.010050746686878553e-01
1.009872199096928103e-01
1.009993705308624978e-01
1.009894283318325953e-01
1.009852520091460426e-01
1.009928209842489155e-01
1.009521859288183832e-01
1.009707598758535219e-01
1.009514451474441132e-01
1.009383554704044866e-01
1.009318124373630998e-01
1.009283029598692372e-01
1.009595267092394250e-01
1.009450256802085083e-01
1.009191502360458209e-01
1.009343480700664181e-01
1.009172887064148094e-01
1.008978814403672930e-01
1.009019059482294534e-01
1.009152519380303176e-01
1.009158176612556523e-01
1.009080215206659137e-01
1.009266254240283739e-01
1.009309294977663446e-01
1.009359674044849053e-01
1.009186073551080892e-01
1.009295395221080915e-01
1.009114865578343706e-01
1.009008340791678476e-01
1.009291807517189166e-01
1.009249681155617723e-01
1.009112748579489849e-01
1.009269548137761291e-01
1.009108839216288633e-01
1.009153152828637101e-01
1.009662215347850583e-01
1.009444444763105131e-01
1.009373499704313837e-01
1.009335341009295756e-01
1.009276156385096740e-01
1.009350555832762841e-01
1.009168132258268236e-01
1.009097160692362521e-01
1.009251261958191564e-01
1.009141479646220863e-01
1.008974324052170218e-01
1.009118521783392841e-01
1.008692010095720709e-01
1.008478350799438816e-01
1.008909508463979032e-01
1.008797843095699115e-01
1.008629286220981414e-01
1.008596336140717836e-01
1.008720311562590066e-01
1.008612224548402908e-01
1.008515749171137038e-01
1.008667289941765771e-01
1.008649164833894107e-01
1.008519298066952452e-01
1.008445479476279549e-01
1.008273106777967665e-01
1.008352767792724536e-01
1.008200082908304318e-01
1.008299458271892518e-01
1.008148762851257818e-01
1.008072404854985504e-01
1.007846263524541375e-01
1.007762953952450746e-01
1.007918418594065807e-01
1.007781033116057351e-01
1.007644398519330076e-01
1.007701361896515824e-01
1.007708327679902038e-01
1.007643359611686412e-01
1.007584210953661880e-01
1.007364337427870404e-01
1.007422492638939682e-01
1.007468908637352556e-01
1.007354768436351522e-01
1.007412545236930912e-01
1.007483319144237416e-01
1.007501628331364807e-01
1.007343578762349423e-01
1.007272460654545371e-01
1.007110011325750010e-01
1.007025494063823190e-01
1.007343855783027070e-01
1.007257818363059415e-01
1.007021430487765462e-01
1.006891183438255039e-01
1.007331663004482070e-01
1.007196410012285576e-01
1.007050421134583484e-01
1.006924224399073642e-01
1.006716212866797105e-01
1.006906233867478073e-01
1.006411984815344524e-01
1.006232398497674541e-01
1.006127811997383631e-01
1.005164982696907516e-01
1.004701232901466373e-01
1.004267859725420098e-01
1.002997428253736001e-01
1.002472818958122652e-01
1.002235638492002395e-01
1.001897443268324750e-01
1.003015988199356667e-01
1.004302999153530163e-01
1.006119660357201739e-01
1.006673090589198238e-01
1.006499889205089704e-01
1.006200507549522283e-01
1.011345644078834177e-01
1.011964571264982182e-01
1.012639128768348940e-01
1.012850507615745826e-01
1.012925188945451305e-01
1.012964238422186802e-01
1.013167280056219144e-01
1.013071791720176473e-01
1.012929225784700571e-01
1.012770778040526926e-01
1.013046751442931021e-01
1.013250042728155720e-01
1.013088898828380380e-01
1.013081250600785105e-01
1.013132371918662594e-01
1.013038148658312737e-01
1.012957751275052332e-01
1.012885686419026099e-01
1.012905644227454910e-01
1.012837860348277108e-01
1.012741366520845676e-01
1.012602201262599311e-01
1.012606656835761398e-01
1.012548453436047935e-01
1.012469279149487145e-01
1.012501581254664634e-01
1.012538857563209105e-01
1.012857484302220751e-01
1.012945105803859935e-01
1.012984394718286774e-01
1.013077693115871647e-01
1.012984867090739177e-01
1.012885555244083385e-01
1.012791951379891225e-01
1.012830065581703104e-01
1.012664542432915454e-01
1.012648264090417888e-01
1.012527935105101695e-01
1.013193304410551360e-01
1.013902212559861654e-01
1.014200573312471904e-01
1.014068909570609023e-01
1.013917028181052643e-01
1.013901836276879104e-01
1.014391037413813895e-01
1.014663058107233007e-01
1.014657328885019971e-01
1.015051188031964174e-01
1.015194864984474699e-01
1.015321113262455943e-01
1.015411012104054794e-01
1.015601584366163795e-01
1.015913135226211017e-01
1.016129293262195976e-01
1.016010858144791723e-01
1.016103665685995500e-01
1.016050993980131822e-01
1.015981076453137955e-01
1.016088376521765146e-01
1.016081626284552758e-01
1.016168282973188286e-01
1.016160610138418241e-01
1.016326986880885935e-01
1.016401369023263168e-01
1.016315655176507210e-01
1.016164345021319526e-01
1.016243272780081031e-01
1.016539961058796626e-01
1.016292196796961256e-01
1.016121278806005196e-01
1.016239411073835835e-01
1.015994006201133559e-01
1.016136267042227065e-01
1.016087299760581597e-01
1.016118384661852531e-01
1.016139791942599901e-01
1.016144025957912700e-01
1.015974342530653191e-01
1.016037470311772495e-01
1.015868341280629639e-01
1.015875715335048945e-01
1.016019607371844435e-01
1.015646934029581505e-01
1.015942311636724715e-01
1.015854517852386452e-01
1.015898735559069704e-01
1.015830869715771967e-01
1.015626753897916207e-01
1.015732442856848577e-01
1.015390007753241564e-01
1.015538621095682797e-01
1.015436953401170905e-01
1.015610267779318426e-01
1.015198170037896613e-01
1.015666443277313535e-01
1.015307085880293031e-01
1.015573090959427105e-01
1.014950318320921863e-01
1.015146565937839890e-01
1.015301720535647378e-01
1.014946045852132966e-01
1.014872457154440133e-01
1.014878985665749883e-01
1.014839787281134609e-01
1.014967629982531094e-01
1.015355140274035589e-01
1.014816676653314681e-01
1.014818429816423950e-01
1.013991240704082003e-01
1.013558731643678795e-01
1.011657823040412185e-01
1.011290067701160478e-01
1.011524211421767211e-01
1.011720935957840239e-01
1.012034261990427397e-01
1.013149721230625078e-01
1.013687708023165018e-01
1.014479759681344989e-01
1.014934907348699344e-01
1.015321749690941966e-01
1.015914855450622545e-01
1.016493246196299022e-01
1.016198957085757415e-01
1.016525590093756704e-01
1.016416893891439605e-01
1.016347587082567783e-01
1.016375773338079463e-01
1.016327154907622765e-01
1.016190088060394958e-01
1.016207871056019063e-01
1.015840137686576938e-01
1.015868634859527220e-01
1.015445455134473401e-01
1.015439718981561296e-01
1.015308350889011085e-01
1.015165338521256261e-01
1.014878987874026223e-01
1.014553906350165319e-01
1.014364610527430655e-01
1.014176140124893599e-01
1.014062781360761945e-01
1.013800430683729076e-01
1.013682419307079530e-01
1.013481895593270482e-01
1.013089377474363784e-01
1.013035936001015214e-01
1.012723084551085118e-01
1.012713824496401516e-01
1.012242395542604922e-01
1.012251312948232451e-01
1.011905930246776164e-01
1.011780086256800493e-01
1.011515544635019359e-01
1.011189162041925271e-01
1.011303663118984786e-01
1.010879591124189403e-01
1.010894420589852072e-01
1.010443623756064613e-01
1.010415335453735686e-01
1.010224335444053212e-01
1.010041734020422355e-01
1.009790649962219872e-01
1.009932780990594470e-01
1.009581004782192232e-01
1.009428416896318431e-01
1.009351255820483406e-01
1.009166246188980542e-01
1.009193531672253341e-01
1.009045167309313984e-01
1.009065985947704830e-01
1.008823211229279287e-01
1.008691132240400051e-01
1.008549502704796652e-01
1.008587906574504589e-01
1.008603500124469338e-01
1.008411314601396630e-01
1.008364979611840601e-01
1.008344318449164029e-01
1.008317847193428568e-01
1.008499873130224017e-01
1.008186630204992440e-01
1.007954737594839723e-01
1.007697457613080660e-01
1.008382525448716788e-01
1.007965374195571306e-01
1.008057318715109146e-01
1.008282496770208370e-01
1.008134166556964584e-01
1.007979469380648058e-01
1.008189043296726650e-01
1.008153037065273872e-01
1.008362835904927091e-01
1.008312171724022321e-01
1.008213521843990407e-01
1.008202122277660207e-01
1.008329795739472401e-01
1.008468268681323443e-01
1.008468932933154621e-01
1.008538156508994310e-01
1.008427725321513480e-01
1.008813161658783236e-01
1.008819403184448987e-01
1.008798068109089674e-01
1.008752920761848554e-01
1.008855599526940205e-01
1.008908698592949765e-01
1.008986032748012129e-01
1.009122193357580161e-01
1.009061087895453263e-01
1.009360858179583764e-01
1.009382686520438610e-01
1.009448876935692685e-01
1.009492780182034422e-01
1.009670469110015567e-01
1.009526323019638294e-01
1.009514423232386465e-01
1.009842028651661006e-01
1.009734975992061801e-01
1.010063804790725106e-01
1.009742523113272422e-01
1.009912943365331300e-01
1.010043998207670601e-01
1.010177888699568538e-01
1.010041364769874161e-01
1.010118785777791017e-01
1.010027744522871279e-01
1.009952196154125514e-01
1.009880371666821847e-01
1.009805719537818364e-01
1.009853920204934474e-01
1.010026793727951122e-01
1.009828388022623036e-01
1.010072015380072408e-01
1.009976392736700451e-01
1.009942507247568455e-01
1.009795728893921746e-01
1.009764363523486530e-01
1.009450849896323388e-01
1.009578091644931785e-01
1.009358663269581541e-01
1.009679773616073695e-01
1.009786007097184801e-01
1.009763468319795354e-01
1.009287041961316606e-01
1.009618942398196745e-01
1.009638886388378592e-01
1.009315372479100414e-01
1.009625922290430661e-01
1.009284631208305361e-01
1.009508201333986360e-01
1.009097626348163385e-01
1.009409472451730516e-01
1.009419064456566484e-01
1.009424088877218795e-01
1.009125532863886093e-01
1.009129413142039189e-01
1.009059250701407617e-01
1.009101092358867247e-01
1.009161590137894471e-01
1.009026531157238699e-01
1.009074946299497039e-01
1.009307485079483924e-01
1.009155438714925690e-01
1.009265964607728716e-01
1.008879817851223021e-01
1.008786488306538109e-01
1.008591557171710090e-01
1.008290558796850617e-01
1.008662778558886280e-01
1.008653249834958049e-01
1.008675712405757152e-01
1.008455705346690545e-01
1.008182979698978993e-01
1.007972438398954118e-01
1.007789667229629371e-01
1.007963429186777421e-01
1.008193010885616719e-01
1.008145661072399751e-01
1.007979265948525383e-01
1.007941477935922481e-01
1.007582710320751446e-01
1.007445988478326004e-01
1.007164965383028632e-01
1.006990777100143231e-01
1.007009148549232458e-01
1.006941963560462894e-01
1.007261478770893337e-01
1.007018366265941128e-01
1.006846413013484376e-01
1.007030785190720368e-01
1.007043631039948595e-01
1.006681821391001569e-01
1.006576401827291162e-01
1.006498433559762096e-01
1.006682188907593034e-01
1.006715546610761902e-01
1.006587497411137733e-01
1.006607905992997487e-01
1.006703489641811861e-01
1.006460105319104542e-01
1.006954542185258816e-01
1.007045145282162713e-01
1.007080907887726307e-01
1.006823368622509901e-01
1.007270267159972449e-01
1.007449528891838919e-01
1.007550105165837540e-01
1.007624516501655493e-01
1.007687822662412663e-01
1.008324139191652813e-01
1.008353688467551884e-01
1.008555986726100417e-01
1.008763978958039653e-01
1.008470407289513981e-01
1.009169479162764643e-01
1.009537503954002213e-01
1.009312118408127457e-01
1.009602670943882952e-01
1.009607049475042678e-01
1.009757197273795093e-01
1.009756159066054204e-01
1.009471909115877558e-01
1.009576467648751474e-01
1.009943365166819929e-01
1.009936065274346095e-01
1.009643636020243762e-01
1.009916931413764873e-01
1.009655233879223069e-01
1.009536988298134763e-01
1.009752775572210354e-01
1.009625345680302544e-01
1.009552589340148437e-01
1.009635245882264387e-01
1.009336676689698287e-01
1.009485792172062080e-01
1.009275186213404729e-01
1.009255855795871959e-01
1.009094991744795000e-01
1.009114718785842912e-01
1.009122250357722683e-01
1.009071793114468957e-01
1.009082239887838656e-01
1.009104591815657703e-01
1.008897558332705890e-01
1.008828159222141113e-01
1.008709684944938817e-01
1.008650070279583921e-01
1.008580657934525365e-01
1.008565503842886041e-01
1.008793100873799642e-01
1.008581048186042162e-01
1.008427727905423510e-01
1.008445359984978806e-01
1.008212816579969473e-01
1.008459360457143461e-01
1.008380938235031998e-01
1.008294844900233384e-01
1.008399163076952182e-01
1.008408482144273893e-01
1.008369297469806775e-01
1.008396161389127216e-01
1.008173424425178877e-01
1.008093149817277101e-01
1.008310182698308743e-01
1.008099978687310161e-01
1.008338890925630782e-01
1.008255862512009993e-01
1.008296506691913758e-01
1.008366524426200506e-01
1.008179795054061773e-01
1.008108216140153335e-01
1.008358405412704134e-01
1.008381388823985647e-01
1.008310620092243287e-01
1.008413474904394647e-01
1.008197343927969003e-01
1.008282906475256868e-01
1.008381090755281623e-01
1.008283576396558912e-01
1.008292761897903456e-01
1.008245209557888655e-01
1.008230535135182099e-01
1.008392372410700927e-01
1.008293166143919839e-01
1.008324076851591089e-01
1.008294581178041660e-01
1.008204195969456263e-01
1.008457692276429202e-01
1.008259017825987036e-01
1.008541259935829548e-01
1.008372944172429286e-01
1.008211960696796111e-01
1.008145235417785696e-01
1.008537978899447518e-01
1.008339953116817178e-01
1.008679646616907621e-01
1.008598051649672450e-01
1.008415260732541952e-01
1.008534596399687233e-01
1.008616344850817304e-01
1.008616148733149920e-01
1.008556464011014647e-01
1.008340105028918410e-01
1.008279648460848471e-01
1.008335895140052979e-01
1.008522233908056009e-01
1.008604587568677768e-01
1.008598379759385461e-01
1.008773621766818340e-01
1.008808057233983035e-01
1.008683372126803202e-01
1.008672641468071063e-01
1.008602989555862778e-01
1.008491051660920651e-01
1.008603220292265679e-01
1.008828338135546593e-01
1.009039413247407868e-01
1.008807058806654444e-01
1.008729388540432897e-01
1.008725073617133400e-01
1.008654302126240770e-01
1.008784166254347164e-01
1.008985482720031329e-01
1.008862643869806452e-01
1.008626174154072241e-01
1.008300374597348587e-01
1.008756711530571504e-01
1.008468024656668238e-01
1.008274858102894966e-01
1.008001575327279881e-01
1.007726764459926927e-01
1.007662635552896702e-01
1.007406676741634810e-01
1.007040431635231603e-01
1.007044366118014234e-01
1.006287570364864381e-01
1.006253051453567804e-01
1.006157483438183953e-01
1.005616911839075506e-01
1.005192894138777632e-01
1.005382288800139995e-01
1.006444055155605588e-01
1.007074559039233680e-01
1.007481737177444298e-01
1.007863015611684954e-01
1.008158623922748715e-01
1.007857021427969318e-01
1.008224279237635995e-01
1.008072043809070117e-01
1.007924213351716475e-01
1.007832523040516626e-01
1.007846479279176644e-01
1.008173495026893074e-01
1.007968591022085914e-01
1.007887014461663899e-01
1.008144226193709303e-01
1.007949988255721907e-01
1.008268334208388406e-01
1.008316537336851892e-01
1.008012989935857390e-01
1.008105988043922208e-01
1.007890718449386963e-01
1.008322325344239989e-01
1.008237557345249696e-01
1.008351453989526636e-01
1.008601382577526406e-01
1.008608140424678140e-01
1.008872300564165048e-01
1.008864739043818792e-01
1.009104079563956369e-01
1.009244000457426016e-01
1.009444651792113651e-01
1.009619567239274790e-01
1.009705071662837794e-01
1.009891419239429267e-01
1.010119137911812404e-01
1.010185150547255190e-01
1.010288037063599570e-01
1.010473527891423834e-01
1.010644661782526266e-01
1.010771477187423772e-01
1.011040671270143909e-01
1.010961596678747465e-01
1.011279552129715209e-01
1.011489275066490834e-01
1.011483784537832165e-01
1.011867422860349003e-01
1.012427395216234649e-01
1.012754148597226900e-01
1.012992391619659538e-01
1.013192050153166601e-01
1.013141538591277174e-01
1.013273391073782059e-01
1.013293808666453910e-01
1.013150209039974381e-01
1.013225308832586269e-01
1.013168730323380784e-01
1.013418630329445819e-01
1.013342471382506355e-01
1.013113285621636411e-01
1.013031366044690046e-01
1.013143776407119390e-01
1.013004668086292803e-01
1.013243896155872764e-01
1.013227575357401600e-01
1.013267364404615289e-01
1.013381165480026769e-01
1.013285183725099736e-01
1.013285037982145087e-01
1.013279353775686231e-01
1.013245020751056547e-01
1.013290228460196063e-01
1.013282162031078487e-01
1.013331869441807531e-01
1.013558541357146570e-01
1.013634411096508009e-01
1.013620649513197192e-01
1.013636486212995125e-01
1.013512625852098781e-01
1.013496400074410109e-01
1.013484600132088659e-01
1.013358449378649884e-01
1.013486397636284564e-01
1.013375854086492056e-01
1.013478243197765138e-01
1.013404206512031752e-01
1.013363152737166983e-01
1.013209606825654086e-01
