7.846751137290780553e-02
7.917416758708199775e-02
7.985682861705249713e-02
8.053727629435709912e-02
8.121869909000649368e-02
8.189894677327770600e-02
8.253256164120530147e-02
8.316559928585839923e-02
8.379035141287670407e-02
8.441755055142100006e-02
8.505748050521430570e-02
8.568460239176939330e-02
8.630250234634449791e-02
8.690069064582049696e-02
8.750987930730930175e-02
8.810030854039120618e-02
8.868469510126909816e-02
8.928672416648590626e-02
8.986806814892339679e-02
9.044423800184789308e-02
9.098657271909370292e-02
9.153907252718679333e-02
9.210168792777810587e-02
9.262738531711819934e-02
9.314569746767979719e-02
9.368931188197619775e-02
9.421398656640740665e-02
9.473641122264669923e-02
9.522572980658509934e-02
9.572230572181980590e-02
9.622766213727490525e-02
9.672931124363309818e-02
9.722259281179759793e-02
9.771423112853179493e-02
9.819815728779919539e-02
9.865819886258840599e-02
9.911868933674319870e-02
9.958625651481720076e-02
1.000368664881132047e-01
1.005018874827355996e-01
1.009268939193402048e-01
1.013678183143175981e-01
1.017807982881417939e-01
1.021751900092795068e-01
1.025669849376936033e-01
1.029689796679471026e-01
1.033557269701188969e-01
1.037137468306723043e-01
1.040712697553801969e-01
1.044292555343016987e-01
1.047736606111903945e-01
1.050979581961341974e-01
1.054252586406688036e-01
1.057456971517009015e-01
1.060494127548485960e-01
1.063460739838185953e-01
1.066663241282684998e-01
1.069700646068760946e-01
1.072613554196204938e-01
1.075525055095661042e-01
1.078297891245383056e-01
1.080885166297936018e-01
1.083746624456010943e-01
1.086189490497811994e-01
1.088668685390419000e-01
1.091333213442711031e-01
1.093632277135847958e-01
1.096049582918228044e-01
1.098770988449589009e-01
1.101467118755460051e-01
1.103253126028732045e-01
1.104905329011457993e-01
1.106638366593263034e-01
1.108284168583436036e-01
1.110067900536964997e-01
1.111835195230144041e-01
1.113551363808999023e-01
1.115331050218043019e-01
1.116956689085657067e-01
1.118694269160181998e-01
1.120263468690664982e-01
1.121875992981499065e-01
1.123391044341311984e-01
1.124600772313759933e-01
1.125742405316080968e-01
1.126823962281935931e-01
1.127799217788481023e-01
1.128646316791050985e-01
1.129451927204709050e-01
1.130402349727439026e-01
1.131271229071360018e-01
1.132029719439966026e-01
1.132721425586707964e-01
1.133436856516333996e-01
1.134058087165362994e-01
1.134576725309963952e-01
1.135181067623673018e-01
1.135809888117988997e-01
1.136453239962134931e-01
1.136988619106911041e-01
1.137268206654306058e-01
1.137521146019628004e-01
1.137686612836337069e-01
1.137840424548886009e-01
1.137989100288138988e-01
1.138112807435500001e-01
1.138087141397185059e-01
1.137980394599907019e-01
1.137811838086993932e-01
1.137589890108560015e-01
1.137340843254032036e-01
1.137065807238853005e-01
1.136774207575527995e-01
1.136447712866967968e-01
1.136154283798684050e-01
1.135898188609435061e-01
1.135536654512977056e-01
1.135178662796618998e-01
1.134682182872641942e-01
1.134109049278625991e-01
1.133622315150780019e-01
1.133056690364943053e-01
1.132415803731633974e-01
1.131811129628784024e-01
1.131143840175785065e-01
1.130303046082200974e-01
1.129382662306768065e-01
1.128558917547979046e-01
1.127680022603398946e-01
1.126712725988364971e-01
1.125761377312554934e-01
1.124755127574415953e-01
1.123779640313652961e-01
1.122763988121168038e-01
1.121809463520778982e-01
1.120754838690635052e-01
1.119735571236425975e-01
1.118585409662585933e-01
1.117465283827363959e-01
1.116398794200914035e-01
1.115372338078190056e-01
1.114473322667233063e-01
1.113386933747086971e-01
1.112341469438087038e-01
1.111278010328742016e-01
1.110076605016230011e-01
1.108869195374612981e-01
1.107609866636160012e-01
1.106291259860051057e-01
1.104983642014041034e-01
1.103571729560623993e-01
1.102109912161438054e-01
1.100644339026300017e-01
1.099105727794788961e-01
1.097608911382197960e-01
1.096000817477509048e-01
1.094480077331801970e-01
1.092838383561991061e-01
1.091232124831562067e-01
1.089635628589997046e-01
1.087992012512409012e-01
1.086363627869244980e-01
1.084753959767427028e-01
1.083036300883011005e-01
1.081352971405546981e-01
1.079656868902699046e-01
1.077963699160768979e-01
1.076231751533169023e-01
1.074426464184237012e-01
1.072748609850699975e-01
1.070921017151175020e-01
1.069152954841136038e-01
1.067376065091514975e-01
1.065568750298199058e-01
1.063755329085749046e-01
1.061964424712062982e-01
1.060163900607881959e-01
1.058349014117856007e-01
1.056552193504917969e-01
1.054776966122158988e-01
1.052911439868028931e-01
1.051085940220688048e-01
1.049269479095379931e-01
1.047443749937023022e-01
1.045614642424131935e-01
1.043798305678314969e-01
1.041956641693086022e-01
1.040096249677704976e-01
1.038267208551458959e-01
1.036412920764046008e-01
1.034537643621491060e-01
1.032686693103762043e-01
1.030815194823832964e-01
1.028926308329177058e-01
1.027080532372919991e-01
1.025200892596836999e-01
1.023396261336970009e-01
1.021543242014029962e-01
1.019679581117057948e-01
1.017872778411834933e-01
1.016020273006494057e-01
1.014217337321081935e-01
1.012461802026242974e-01
1.010645669327416007e-01
1.008877579913902006e-01
1.007083414862228049e-01
1.005377892975090059e-01
1.003648001470708040e-01
1.001919185594702943e-01
1.000299249621048048e-01
9.986276475645289308e-02
9.969930860389750182e-02
9.954186406493180372e-02
9.938874936143579641e-02
9.923178192975549983e-02
9.907840579904809986e-02
9.892800455810039917e-02
9.878368591742610338e-02
9.863541544027930319e-02
9.849583295532729488e-02
9.835365898982929844e-02
9.821636049617299413e-02
9.808402530908240380e-02
9.795506386391640563e-02
9.782184294275909908e-02
9.769321587736619350e-02
9.756543318273970533e-02
9.744121223136870125e-02
9.731899899283180666e-02
9.719851724183309338e-02
9.708086481473329754e-02
9.696751817126250672e-02
9.685413758204680645e-02
9.674451002199750682e-02
9.663405643503769626e-02
9.653011877861200629e-02
9.642328535724109528e-02
9.632345194601500682e-02
9.622106349720969953e-02
9.612923304689019455e-02
9.602744072344840398e-02
9.593978029694250065e-02
9.585666967637869462e-02
9.577429650836520592e-02
9.568955844944700140e-02
9.560856120325969543e-02
9.553721296948669561e-02
9.546915155251230189e-02
9.539702522795250050e-02
9.532891074099079931e-02
9.526343712843969580e-02
9.519844128559069862e-02
9.514771662503390681e-02
9.509292376909919686e-02
9.504277562414799319e-02
9.499271003445780570e-02
9.494018339781469529e-02
9.488967783853739790e-02
9.485218573067609460e-02
9.481736819948570483e-02
9.477445423191850626e-02
9.474282066611279529e-02
9.470987180746649747e-02
9.469399169515950454e-02
9.466225298719750658e-02
9.464764686185569986e-02
9.462564078479709928e-02
9.461184814011379396e-02
9.459209334762939958e-02
9.457898796250729934e-02
9.456632418915460192e-02
9.456132970653159664e-02
9.454811914781199866e-02
9.455102168111710614e-02
9.454677748364509471e-02
9.455033967250900395e-02
9.454815627724690030e-02
9.455486029449089447e-02
9.456375736847630331e-02
9.457547304819839684e-02
9.458901034585069645e-02
9.460361076316650686e-02
9.462385398635339562e-02
9.464688752089860102e-02
9.466518595232339961e-02
9.469457616479450002e-02
9.471880129862379760e-02
9.474970029343339484e-02
9.478303554942520137e-02
9.481980129923159306e-02
9.485807623701829339e-02
9.490539698716279893e-02
9.494387494391240412e-02
9.498760309264810131e-02
9.503695209253699983e-02
9.508671579587339717e-02
9.514008350887770415e-02
9.519416010594300426e-02
9.525121890881360631e-02
9.530843049828080504e-02
9.536709823269240438e-02
9.543149074995670167e-02
9.549584535190390466e-02
9.556478747495500414e-02
9.563370847237889771e-02
9.570446234753529624e-02
9.577187143710559625e-02
9.584562696257420411e-02
9.591906694892010643e-02
9.599846742960320423e-02
9.607511891099050627e-02
9.615445086353839599e-02
9.623013299509800000e-02
9.631412156987799456e-02
9.639818400531899312e-02
9.648049313729069321e-02
9.656755774364389477e-02
9.665389472419970429e-02
9.673992293871290504e-02
9.682693983704969420e-02
9.691728690214260200e-02
9.700380982011179432e-02
9.709558380812660650e-02
9.718501927188159806e-02
9.727568199133940219e-02
9.736686908430909615e-02
9.746191809509789639e-02
9.755380732752839956e-02
9.764677854120509815e-02
9.774176401232810563e-02
9.783422268464779525e-02
9.793013698913899390e-02
9.802610140500619962e-02
9.811721696799920178e-02
9.821241251858109367e-02
9.830699964504770183e-02
9.840419496704519431e-02
9.849397618835320500e-02
9.859184320120080447e-02
9.868684153828659322e-02
9.878168276474870446e-02
9.887683290110549361e-02
9.896986944917360307e-02
9.906582307431820167e-02
9.915710223162629844e-02
9.924838555706839982e-02
9.933996627826989501e-02
9.943167401542520045e-02
9.952177485158819614e-02
9.961011196156510650e-02
9.969930844255610325e-02
9.979141963606499854e-02
9.987811518309930303e-02
9.996764430439609994e-02
1.000539981963771974e-01
1.001387525002877948e-01
1.002238890266661936e-01
1.003124273152768003e-01
1.003971306981171069e-01
1.004813385298869016e-01
1.005628844834512980e-01
1.006469685373534012e-01
1.007269561498038979e-01
1.008068788112791991e-01
1.008829067477849950e-01
1.009619644857848025e-01
1.010383458466170975e-01
1.011141092154274057e-01
1.011873374580065932e-01
1.012604954714004940e-01
1.013314288430806065e-01
1.014044948425815995e-01
1.014723033936023033e-01
1.015405569849820999e-01
1.016106849503109061e-01
1.016780077405702032e-01
1.017456689456364000e-01
1.018079470198600955e-01
1.018670701843405052e-01
1.019301922566987068e-01
1.019914942969138982e-01
1.020530386375722992e-01
1.021062066652670963e-01
1.021645332349127994e-01
1.022204926187332968e-01
1.022744342518893956e-01
1.023307379393287031e-01
1.023806770603340049e-01
1.024327186232738968e-01
1.024783663467264960e-01
1.025262164910566987e-01
1.025726284223051066e-01
1.026160025196140024e-01
1.026611826038995035e-01
1.027037248955730009e-01
1.027431307555355944e-01
1.027817211332333058e-01
1.028222563845506976e-01
1.028638460097339030e-01
1.029007421031364056e-01
1.029401594774368989e-01
1.029795508627165956e-01
1.030224637930873960e-01
1.030629166355502002e-01
1.031006488877903027e-01
1.031423217786756052e-01
1.031754434507523022e-01
1.032178841391740987e-01
1.032529111551583056e-01
1.032864746404001943e-01
1.033177483825108017e-01
1.033432380938141965e-01
1.033628109611375995e-01
1.033781583691381067e-01
1.033977583613296947e-01
1.034065102959671051e-01
1.034102859216094045e-01
1.034152663575919062e-01
1.034136709174050955e-01
1.034126078323753944e-01
1.034044125870386965e-01
1.033987857142231043e-01
1.033898431956417063e-01
1.033732450415728032e-01
1.033621236334649057e-01
1.033457649445906068e-01
1.033269080079785990e-01
1.033081593062224052e-01
1.032900593715865012e-01
1.032657288373955984e-01
1.032437860318975997e-01
1.032167402965922937e-01
1.031898146283670020e-01
1.031595698579185066e-01
1.031331171503784006e-01
1.030965993150206039e-01
1.030655045227094058e-01
1.030302932455916948e-01
1.029896146205566965e-01
1.029497395932276044e-01
1.029093724041468955e-01
1.028653616359664069e-01
1.028227068095148994e-01
1.027782382205407047e-01
1.027315726705198967e-01
1.026844217018168942e-01
1.026330182015804948e-01
1.025800464674825052e-01
1.025291349075531933e-01
1.024770649025956992e-01
1.024203959649236939e-01
1.023661479476841996e-01
1.023113699142987054e-01
1.022483276598637053e-01
1.021882502684002964e-01
1.021213617148651054e-01
1.020623447646678006e-01
1.019964710473842961e-01
1.019273101030014061e-01
1.018601178883228042e-01
1.017931992039031036e-01
1.017173075161760948e-01
1.016449231929922037e-01
1.015701858858451961e-01
1.014990046725882944e-01
1.014228557881171056e-01
1.013483838662266046e-01
1.012702198638436024e-01
1.011906340223334977e-01
1.011177884566547974e-01
1.010413647906266976e-01
1.009594550847432992e-01
1.008817169103622957e-01
1.008010804387271947e-01
1.007211096175843063e-01
1.006393846113150942e-01
1.005664099774613990e-01
1.004888389587846043e-01
1.004120736897567007e-01
1.003311785760348934e-01
1.002527638534085053e-01
1.001769095777522989e-01
1.000994982329209970e-01
1.000238811140866935e-01
9.994520738603049348e-02
9.987318988368179551e-02
9.979825608750819699e-02
9.972420248811879329e-02
9.964878219791939440e-02
9.957755693571419819e-02
9.950614076921060480e-02
9.943424428531490167e-02
9.936389760115789394e-02
9.929454594864969841e-02
9.922431098780119807e-02
9.915656500240579985e-02
9.908611436571999886e-02
9.901606731263930261e-02
9.895062933246219494e-02
9.888819191219309912e-02
9.882009282530300476e-02
9.875891354100850561e-02
9.869530124925980641e-02
9.862999338515389403e-02
9.857085327713489831e-02
9.851057384603770228e-02
9.845101450815380018e-02
9.839754567290889820e-02
9.833776517747490342e-02
9.828383932724360506e-02
9.821350244900059479e-02
9.817379394855969832e-02
9.812558199741010234e-02
9.807328751513469389e-02
9.802212224252070116e-02
9.797866464052000512e-02
9.792655313590349631e-02
9.788210355669209328e-02
9.783949091301910594e-02
9.779532965881120032e-02
9.775251874403109720e-02
9.771219942724469754e-02
9.767209388889269706e-02
9.763473827057279897e-02
9.759860787428989437e-02
9.756171525825439728e-02
9.752857451610150163e-02
9.749534829799870461e-02
9.746608249733039464e-02
9.743444987397900658e-02
9.740920643029560289e-02
9.738019454990179402e-02
9.735445591552589761e-02
9.732951110155560470e-02
9.731128722540779985e-02
9.728546591757100681e-02
9.727046728691089716e-02
9.725449789436479975e-02
9.723836440856979679e-02
9.721838393929439770e-02
9.720827097345370593e-02
9.720011873928259549e-02
9.719209417524689310e-02
9.718635571185470223e-02
9.718134338059379596e-02
9.717281725505269585e-02
9.717659863879760107e-02
9.717569597493229405e-02
9.717447086108960130e-02
9.718397504658149444e-02
9.718695934283169691e-02
9.719093236405880465e-02
9.720431106580719460e-02
9.721583603774870685e-02
9.722663832063399569e-02
9.724230532019570439e-02
9.725948668902950622e-02
9.727730685362580287e-02
9.729724372757689310e-02
9.731666287453000219e-02
9.733988590900989613e-02
9.736730005515589759e-02
9.739259333541890051e-02
9.741959950587800177e-02
9.744842990632940349e-02
9.748302900615410382e-02
9.751449030886490121e-02
9.754755574844070631e-02
9.758110887183089888e-02
9.761549152629919734e-02
9.765367247187979605e-02
9.769335276940349644e-02
9.773411751860300312e-02
9.777732681217769783e-02
9.781755504849219685e-02
9.785974816044480662e-02
9.790457736358350316e-02
9.794971342385040691e-02
9.799746352042730535e-02
9.804685777221000542e-02
9.809507001744580124e-02
9.814460061915560030e-02
9.819678989006609682e-02
9.824641781129959950e-02
9.830067796250199774e-02
9.835578160426529382e-02
9.841142201559680003e-02
9.846623269268260648e-02
9.852149014457829701e-02
9.857848394944629389e-02
9.863505107067009614e-02
9.869452699683030350e-02
9.875485742060280403e-02
9.881584498646689418e-02
9.887563970111350187e-02
9.893567256047869352e-02
9.899731927196420145e-02
9.905969343756980405e-02
9.912407541034590208e-02
9.918860428544200303e-02
9.924861268738849329e-02
9.931701168050789674e-02
9.938437797852170408e-02
9.944786133852749621e-02
9.951566664590390243e-02
9.958005142678159893e-02
9.964533442168489741e-02
9.971489353702080172e-02
9.977904649775899693e-02
9.984911628341650025e-02
9.991342951702070208e-02
9.998320990998139923e-02
1.000465210869612986e-01
1.001160303369743043e-01
1.001807760820739024e-01
1.002472992124932988e-01
1.003149276573845061e-01
1.003809329114593030e-01
1.004468568698601016e-01
1.005125055780880933e-01
1.005760388391763044e-01
1.006403172020011033e-01
1.007037932615925946e-01
1.007675126098571960e-01
1.008272881704554008e-01
1.008865184301181994e-01
1.009469375734134006e-01
1.010026669929444953e-01
1.010591409954306047e-01
1.011132460193432947e-01
1.011671182121727935e-01
1.012143827222699022e-01
1.012646723483467959e-01
1.013152662276043947e-01
1.013678132824176042e-01
1.014195981622791065e-01
1.014646732307173949e-01
1.015160995070417960e-01
1.015677258966053986e-01
1.016224396479745024e-01
1.016795046331785968e-01
1.017420166234647011e-01
1.018086046534007055e-01
1.018999680937226066e-01
1.019650739306578041e-01
1.020413222808228965e-01
1.021188147284581016e-01
1.022037128898189012e-01
1.022876293918107971e-01
1.023741104755178932e-01
1.024612447640722984e-01
1.025424718340046948e-01
1.026153492582880938e-01
1.026927561792956994e-01
1.027655881493297063e-01
1.028329104906861025e-01
1.028966238814092993e-01
1.029473659353072057e-01
1.030012348075984019e-01
1.030429115826417968e-01
1.030790399825567000e-01
1.031099683459529986e-01
1.031319202927078044e-01
1.031550802130778016e-01
1.031707519287854979e-01
1.031887985994452972e-01
1.032025031233325951e-01
1.032157134171717006e-01
1.032267824484546931e-01
1.032345853386325008e-01
1.032398642227635027e-01
1.032441586826771951e-01
1.032477256345828015e-01
1.032465454785956999e-01
1.032469659030014059e-01
1.032482411021840990e-01
1.032420939118486036e-01
1.032354739917843989e-01
1.032336135204010019e-01
1.032329897126678941e-01
1.032272403517484061e-01
1.032217177718053047e-01
1.032146258692678009e-01
1.032070735152831042e-01
1.031969997479579987e-01
1.031895013581572984e-01
1.031787616484888953e-01
1.031663878917885024e-01
1.031531877628912020e-01
1.031401919954988006e-01
1.031231951041159944e-01
1.031142097619871939e-01
1.030986970914778006e-01
1.030859694285354011e-01
1.030699671905075943e-01
1.030532734869172018e-01
1.030306506949461021e-01
1.030104135432274026e-01
1.029895132444936939e-01
1.029666222305930939e-01
1.029426569353403959e-01
1.029181458616636041e-01
1.028930289511540003e-01
1.028689442567091994e-01
1.028514267138628951e-01
1.028329686287308004e-01
1.028137024187195936e-01
1.027915542464862969e-01
1.027792090382634027e-01
1.027615275326266980e-01
1.027484214702150955e-01
1.027292199763022024e-01
1.027126672095076965e-01
1.026995582864982937e-01
1.026841131247939048e-01
1.026734875369027938e-01
1.026534028522687048e-01
1.026469234649215051e-01
1.026311257719998010e-01
1.026219372831561061e-01
1.026070985164466015e-01
1.025948158227732027e-01
1.025823130926643983e-01
1.025674124919822988e-01
1.025487265822806054e-01
1.025370809719926002e-01
1.025171875960821932e-01
1.024952183737529027e-01
1.024757902470484067e-01
1.024545415976390039e-01
1.024343217493243058e-01
1.024081758986527951e-01
1.023785992583435001e-01
1.023527761392134944e-01
1.023208867665068994e-01
1.022922256945572039e-01
1.022614978876534991e-01
1.022305602519877066e-01
1.021999393233764958e-01
1.021639623579563977e-01
1.021307423555055938e-01
1.020935317712051982e-01
1.020583590994550011e-01
1.020202162793912015e-01
1.019868396933922977e-01
1.019465284236990010e-01
1.019127570175789033e-01
1.018716064205363037e-01
1.018298066275366009e-01
1.017893206602649980e-01
1.017494694579331033e-01
1.017075971013800956e-01
1.016690674292106966e-01
1.016270374392783948e-01
1.015853120020731998e-01
1.015427354685212030e-01
1.015016288217718970e-01
1.014591072920674047e-01
1.014145351545241019e-01
1.013751131369871050e-01
1.013308260275578021e-01
1.012876819769230052e-01
1.012454104775221964e-01
1.012036901581010034e-01
1.011623073490539038e-01
1.011163551091763951e-01
1.010771085464279018e-01
1.010337270447345948e-01
1.009918054703300011e-01
1.009452371787623037e-01
1.009034318325048030e-01
1.008614660649907041e-01
1.008171684120919009e-01
1.007733756332918063e-01
1.007290717354338005e-01
1.006905025716226948e-01
1.006455074058377058e-01
1.006060174192388024e-01
1.005591886992818068e-01
1.005181213803481022e-01
1.004769939463470985e-01
1.004344524874730971e-01
1.003913319865859938e-01
1.003490867653613061e-01
1.003069299439643958e-01
1.002672310737734995e-01
1.002197289750443032e-01
1.001828649907709062e-01
1.001409676015140027e-01
1.001005880227345962e-01
1.000589500751612043e-01
1.000207637511236064e-01
9.997720199932219609e-02
9.994028104621639763e-02
9.989957180244249391e-02
9.985963580792039940e-02
9.982383273303729876e-02
9.978520868268589417e-02
9.974970547107239738e-02
9.971316241666029756e-02
9.967896921051029591e-02
9.964506263719709322e-02
9.960945197081509661e-02
9.957277560060109889e-02
9.954017720502429667e-02
9.950622243481090090e-02
9.947380849987490226e-02
9.943825128990779749e-02
9.940896018452720362e-02
9.937648556870409822e-02
9.934615058972590118e-02
9.931804565901360127e-02
9.928806958620689516e-02
9.926221460832990173e-02
9.923122689908510374e-02
9.920379136746680648e-02
9.917864369483639364e-02
9.915503321044620566e-02
9.912946768274899512e-02
9.910424952412180688e-02
9.907974476120709473e-02
9.905885078579319825e-02
9.903114273027829872e-02
9.901531087867600223e-02
9.899295873298369353e-02
9.897367210639629320e-02
9.895160195567369310e-02
9.893366983249170243e-02
9.891641608556769882e-02
9.889595243462169505e-02
9.887989929168890246e-02
9.886902916602849367e-02
9.885137793566950437e-02
9.883891393423969995e-02
9.882287907365640278e-02
9.881185610193099489e-02
9.879752835877239625e-02
9.878442675195210632e-02
9.877273679267159490e-02
9.876275391888189592e-02
9.875077680879139341e-02
9.873997879716059356e-02
9.872842929859340644e-02
9.871819476423379647e-02
9.870936883281550278e-02
9.870263063742550080e-02
9.869366926090210324e-02
9.868241180108359989e-02
9.867387084016669696e-02
9.866537023498929415e-02
9.865825143766600303e-02
9.865132683693640658e-02
9.864444063440050425e-02
9.863688852935630080e-02
9.862874678457279887e-02
9.862118621062479495e-02
9.861177025849759969e-02
9.860486136002630242e-02
9.859706576018950619e-02
9.859102978311830301e-02
9.858184286884570657e-02
9.857575915439910352e-02
9.856541231972440475e-02
9.856306226029319661e-02
9.855341495740349567e-02
9.854333521276749386e-02
9.853839333293260005e-02
9.853344262836989664e-02
9.852524379827229395e-02
9.852007913379190462e-02
9.850620545189769928e-02
9.850053386349620632e-02
9.849487884328729514e-02
9.848918897423909746e-02
9.848018191678330202e-02
9.847118242235690377e-02
9.846221134029700672e-02
9.845672235758229363e-02
9.844559531856260370e-02
9.843683733483230003e-02
9.843201388158140386e-02
9.842312099720060270e-02
9.841356900534189989e-02
9.840225152570709899e-02
9.839758676967749751e-02
9.838815104824799596e-02
9.837999193695240452e-02
9.836993053411979826e-02
9.836278692083759434e-02
9.835378185400529827e-02
9.834305670667389809e-02
9.833625184309589817e-02
9.832565516119759486e-02
9.832016318839829905e-02
9.831337358088790279e-02
9.830282994126640639e-02
9.829678259282599584e-02
9.829347548829579784e-02
9.828661453411620397e-02
9.827782480455710123e-02
9.827158716314389475e-02
9.826577921260010173e-02
9.825900847661239723e-02
9.825669348834359385e-02
9.825219250901809365e-02
9.824910785928180068e-02
9.824168035299160606e-02
9.823969697304420212e-02
9.823927478194209584e-02
9.823123878411679777e-02
9.823027083286249572e-02
9.822680200080159685e-02
9.822972950019709382e-02
9.822895640761389324e-02
9.822760752237809367e-02
9.823121287692719583e-02
9.822914542138549976e-02
9.822875429733990416e-02
9.823667309126869751e-02
9.823715597286289403e-02
9.823710251233930268e-02
9.824581214645039529e-02
9.824820555867209981e-02
9.824977686996110016e-02
9.825528719600999661e-02
9.826164041021299977e-02
9.827113804895110105e-02
9.827274590895369866e-02
9.828357263462260407e-02
9.828930278410930033e-02
9.829712935182109701e-02
9.831053130165469389e-02
9.831679553016839379e-02
9.832828912423889622e-02
9.833238941558659907e-02
9.834740810675089706e-02
9.835793736261359832e-02
9.836987968958570139e-02
9.838555722670019876e-02
9.839586671744729451e-02
9.840810830897230022e-02
9.842032045095580606e-02
9.843473737571599436e-02
9.844981402784029612e-02
9.846366262288029636e-02
9.847798341798620625e-02
9.849543970614549337e-02
9.851035126462590052e-02
9.852483502961699446e-02
9.854317085863430192e-02
9.855845776298320648e-02
9.858075318099490669e-02
9.859769142509990092e-02
9.861528623430930451e-02
9.863055000231500669e-02
9.865002955857539446e-02
9.866933730154819893e-02
9.869212283243790351e-02
9.871172574235420605e-02
9.873455346077189554e-02
9.875379431545240616e-02
9.877629870548150504e-02
9.879934898631499707e-02
9.882227015533050218e-02
9.884720882045119894e-02
9.887121377301169578e-02
9.889532829104880074e-02
9.892074971008249507e-02
9.894505200248210341e-02
9.897494430528150366e-02
9.899909892058539329e-02
9.902483265017959779e-02
9.905335435807050004e-02
9.908231807862670493e-02
9.911216696284939898e-02
9.913991843318420427e-02
9.917112278395630309e-02
9.919962717024490007e-02
9.923212088525119878e-02
9.926448786560569670e-02
9.929623278022700616e-02
9.933207304437639829e-02
9.936181536482660559e-02
9.939655113595970148e-02
9.943283094862430394e-02
9.946771523590609843e-02
9.950460337102300101e-02
9.954276837211059603e-02
9.958351473916279839e-02
9.962180054491870385e-02
9.965921812119139800e-02
9.969867409286059523e-02
9.973976409297009849e-02
9.978567289886700054e-02
9.982570897609069349e-02
9.986739544450219663e-02
9.991425073370829857e-02
9.995579085735480096e-02
9.999883675374439396e-02
1.000469283016812982e-01
1.000909668886167947e-01
1.001393766143312963e-01
1.001838918284435054e-01
1.002315289295656053e-01
1.002709560350071027e-01
1.003188916558176019e-01
1.003633679421448016e-01
1.004078794972668998e-01
1.004553428005627025e-01
1.005046528457669980e-01
1.005456716266384942e-01
1.005991167423253979e-01
1.006438720211745019e-01
1.007006661742554932e-01
1.007530344633725955e-01
1.008076162003787996e-01
1.008544725941227932e-01
1.009141981423281043e-01
1.009676792070011014e-01
1.010319605754665950e-01
1.010927654439389978e-01
1.011644392623886057e-01
1.012344467858406066e-01
1.013072112421131016e-01
1.013757130669031004e-01
1.014392170767688950e-01
1.015138397259839065e-01
1.015897291361387011e-01
1.016636011529192946e-01
1.017338322559333957e-01
1.017973710012494981e-01
1.018601311634239059e-01
1.019106402017966040e-01
1.019633029890019971e-01
1.020047389432786056e-01
1.020423985934086064e-01
1.020770581516123043e-01
1.021034969330374964e-01
1.021190503564702035e-01
1.021377741753101975e-01
1.021504798269179948e-01
1.021594572589104022e-01
1.021673656676775066e-01
1.021709272519951001e-01
1.021750431120545949e-01
1.021744466948489027e-01
1.021764250467823015e-01
1.021771493615897947e-01
1.021780635875012000e-01
1.021793477336394029e-01
1.021794542201760053e-01
1.021844208703476947e-01
1.021841982009658034e-01
1.021817604057426027e-01
1.021827080804054988e-01
1.021842403357832996e-01
1.021824153015748055e-01
1.021860379939250052e-01
1.021852336935886035e-01
1.021841649673480984e-01
1.021856766413394985e-01
1.021820151746593019e-01
1.021786797561113069e-01
1.021754928090087972e-01
1.021712553018901959e-01
1.021675294999925959e-01
1.021676477737838012e-01
1.021643460690984939e-01
1.021632544958537975e-01
1.021624752223466021e-01
1.021629681407981993e-01
1.021586345505512000e-01
1.021576161875616950e-01
1.021623850537150963e-01
1.021612658704302012e-01
1.021635325275473960e-01
1.021612982934693992e-01
1.021641592275751992e-01
1.021631938230633946e-01
1.021590578819330936e-01
1.021589142133444011e-01
1.021545563101861065e-01
1.021536878768931067e-01
1.021552158687046991e-01
1.021517139203873964e-01
1.021480563318069024e-01
1.021473594113893046e-01
1.021389030740887938e-01
1.021311640973967955e-01
1.021278428134703986e-01
1.021153876994582987e-01
1.021073360602698932e-01
1.020973287656460060e-01
1.020830852752960954e-01
1.020685738626157940e-01
1.020540949072726994e-01
1.020344815759282042e-01
1.020188544124552982e-01
1.020009984230114963e-01
1.019823546627224020e-01
1.019636029412902961e-01
1.019496147527109986e-01
1.019250463304296056e-01
1.019127344623381032e-01
1.018968385151979017e-01
1.018793053361179979e-01
1.018663082525911034e-01
1.018497211373881051e-01
1.018346050615352993e-01
1.018213187090498961e-01
1.018056175400374047e-01
1.017943845686629933e-01
1.017797980611899050e-01
1.017652747477813951e-01
1.017489717822915030e-01
1.017308713237982942e-01
1.017163544926993068e-01
1.016954382453570949e-01
1.016815123415017036e-01
1.016631832604071028e-01
1.016418895824857949e-01
1.016212450358831981e-01
1.016091173138820997e-01
1.015839756308767050e-01
1.015759835755697948e-01
1.015622750087672027e-01
1.015462399339386035e-01
1.015306883356787010e-01
1.015164817462668040e-01
1.014985738048028024e-01
1.014821380409414026e-01
1.014641457251401063e-01
1.014467681844836017e-01
1.014305974011212030e-01
1.014084375797957988e-01
1.013893204827279043e-01
1.013688032139634931e-01
1.013466890739767035e-01
1.013233851395261981e-01
1.013050595643160967e-01
1.012811679624537053e-01
1.012605914669768015e-01
1.012407676856496991e-01
1.012174842371982991e-01
1.011942284563742966e-01
1.011736422283224940e-01
1.011522417017105963e-01
1.011325954635658997e-01
1.011132425670274032e-01
1.010888940362189986e-01
1.010677549311388007e-01
1.010455136434088991e-01
1.010261787126010002e-01
1.010038857420036962e-01
1.009869025577670998e-01
1.009603420224487041e-01
1.009433981409213060e-01
1.009192611631745951e-01
1.008993441605323949e-01
1.008799533407807036e-01
1.008572234614049934e-01
1.008375143530862023e-01
1.008161510249983017e-01
1.007919512417153052e-01
1.007719006141080953e-01
1.007486401021330941e-01
1.007273358639373950e-01
1.007061283269200941e-01
1.006864035296197030e-01
1.006629402971077059e-01
1.006398729627906025e-01
1.006174551929308048e-01
1.005958996665776983e-01
1.005742643752969984e-01
1.005532957113808024e-01
1.005306371499292001e-01
1.005124989398415020e-01
1.004874326561017023e-01
1.004668274998312960e-01
1.004434481093983977e-01
1.004219597974411043e-01
1.004013490904036021e-01
1.003793427910368991e-01
1.003594164027657026e-01
1.003382927795222063e-01
1.003173283761040063e-01
1.002980924074756974e-01
1.002785383688515053e-01
1.002607097931644958e-01
1.002397691600858953e-01
1.002232367331920004e-01
1.002035984410721975e-01
1.001885921149660019e-01
1.001676560752216977e-01
1.001536660969555986e-01
1.001358470242491028e-01
1.001249087185916986e-01
1.001077461994795970e-01
1.000957384264359040e-01
1.000792160625910976e-01
1.000655912031696987e-01
1.000557139519859945e-01
1.000426629353912966e-01
1.000312453154963976e-01
1.000197205269331979e-01
1.000083869234588974e-01
1.000001193220663026e-01
9.998799437786480560e-02
9.997938021043760448e-02
9.997151438777189536e-02
9.996381756588100520e-02
9.995618707530809499e-02
9.995033050913050554e-02
9.994191380621370024e-02
9.993432902349129454e-02
9.992679690048529573e-02
9.992532300029820236e-02
9.991971702040100545e-02
9.991440146264919664e-02
9.991046214964169336e-02
9.990328386051590404e-02
9.990135359386970171e-02
9.989727718337269857e-02
9.989126117652949444e-02
9.988848454085809403e-02
9.988649664908499926e-02
9.988548652982040532e-02
9.987881736528959886e-02
9.987669959573859668e-02
9.987568722827930290e-02
9.987047903225429457e-02
9.986747942454049509e-02
9.986534606873609388e-02
9.985959449837029933e-02
9.986173567575939991e-02
9.985736989452730084e-02
9.985477778462580056e-02
9.985313002176779418e-02
9.985056089303169513e-02
9.984750063055819469e-02
9.984399781169900345e-02
9.983981127431409974e-02
9.983832983868720645e-02
9.983318467534139928e-02
9.982783050099690303e-02
9.982601353186319748e-02
9.982283350945339584e-02
9.981847513930970639e-02
9.981621542967369920e-02
9.980973257478489846e-02
9.980733035101040096e-02
9.980226349568920019e-02
9.979561023778460438e-02
9.979041189547720181e-02
9.978712786204170515e-02
9.977910732591889487e-02
9.977634193781269312e-02
9.977183278282300560e-02
9.976560009270089846e-02
9.975973792531399320e-02
9.975147035474500601e-02
9.974445990994290634e-02
9.973983431734549654e-02
9.973251974953069310e-02
9.972698820399369946e-02
9.972006616840919935e-02
9.971543520942689753e-02
9.970787863977030596e-02
9.970259006920739742e-02
9.969054804527049951e-02
9.968665851558719537e-02
9.968137235629749571e-02
9.967447881523959496e-02
9.966785582785950282e-02
9.965980573268780340e-02
9.964901698322800594e-02
9.964414798433439413e-02
9.963673554938110022e-02
9.962977406724779494e-02
9.962103782843870214e-02
9.961417583193520053e-02
9.960862865810160560e-02
9.959932631662679614e-02
9.959359470246580137e-02
9.958638182384739468e-02
9.957757705992979769e-02
9.957278951295449321e-02
9.956592755450220655e-02
9.956286399404409848e-02
9.955349721289490084e-02
9.954523401564900620e-02
9.953918054242240354e-02
9.953668199091220137e-02
9.953271206013189487e-02
9.953017402713450201e-02
9.952248356381880601e-02
9.952018453899000305e-02
9.951412750812220487e-02
9.951273202252340633e-02
9.950971765185759321e-02
9.951074448353959545e-02
9.950721907368820229e-02
9.950533064074849887e-02
9.950607333018429701e-02
9.950409976398889855e-02
9.950508083404159543e-02
9.950768549395849760e-02
9.951016603170670383e-02
9.951128106721969513e-02
9.951704450687440251e-02
9.951983077835309388e-02
9.952246622561719547e-02
9.952551779183979597e-02
9.953266937240590195e-02
9.954048787769489981e-02
9.954782897643239814e-02
9.955471210641879398e-02
9.956017880868839320e-02
9.957005821897199627e-02
9.957519547528490000e-02
9.958782829103120238e-02
9.959763586191530682e-02
9.960587694624689625e-02
9.961923088678459326e-02
9.962625204130390322e-02
9.963794970525820249e-02
9.965505381065639656e-02
9.966725025806989768e-02
9.967867781192299437e-02
9.969306941155860191e-02
9.970355469763929335e-02
9.971947430801959833e-02
9.973095543660609463e-02
9.974853820753000477e-02
9.976281262724659427e-02
9.977763178481190154e-02
9.979261490408959656e-02
9.980646160947520551e-02
9.982167373916339681e-02
9.983460486728319705e-02
9.985163830882519409e-02
9.986603458691170609e-02
9.988482602062760674e-02
9.989634305089950539e-02
9.991475413852270171e-02
9.992418678551670541e-02
9.993891924809850114e-02
9.995060234594099757e-02
9.996756415672529428e-02
9.997965327810509617e-02
9.999175584735159328e-02
1.000083514014034058e-01
1.000194128819417022e-01
1.000247020119143931e-01
1.000378581977424963e-01
1.000480066436465060e-01
1.000555647454196978e-01
1.000663837776644000e-01
1.000721376169688009e-01
1.000811485073120066e-01
1.000879383155520996e-01
1.000951813593814049e-01
1.001012650079045052e-01
1.001062749595218043e-01
1.001123793194415024e-01
1.001184921733922067e-01
1.001255131011091065e-01
1.001222749782424981e-01
1.001447038063447009e-01
1.001439673782928003e-01
1.001513950246736007e-01
1.001543531544584059e-01
1.001598123007410995e-01
1.001645882074038013e-01
1.001655083246521943e-01
1.001705546366581934e-01
1.001727663627391962e-01
1.001776008944161023e-01
1.001769673389300008e-01
1.001814221131323013e-01
1.001802914531964989e-01
1.001812694038974050e-01
1.001832650603396990e-01
1.001888006250949981e-01
1.001901648367306968e-01
1.001887413774504992e-01
1.001887533345375975e-01
1.001835977802666006e-01
1.001828343867379040e-01
1.001822067611720934e-01
1.001822156947231035e-01
1.001749266854622955e-01
1.001747030968432040e-01
1.001695807853178050e-01
1.001658403998647029e-01
1.001609715014818019e-01
1.001566417595625980e-01
1.001514400532055038e-01
1.001417611035267941e-01
1.001357076230234983e-01
1.001244298976581987e-01
1.001223311287298967e-01
1.001076459488810938e-01
1.000961609832085042e-01
1.000730185242598991e-01
1.000570936871326977e-01
1.000514166497447066e-01
1.000419995541848989e-01
1.000263315308222017e-01
1.000147177370914048e-01
1.000033673501131981e-01
9.999360638004040069e-02
9.998069495271019735e-02
9.996944678767639980e-02
9.995857713089879859e-02
9.994704599240360199e-02
9.993653293023750661e-02
9.992483245855279805e-02
9.991517513798570116e-02
9.990506201751229998e-02
9.989380689373550393e-02
9.988306569668670143e-02
9.987045187918390521e-02
9.986158094303680677e-02
9.985276742006529704e-02
9.984552222110690267e-02
9.983727142611739658e-02
9.983074570556900451e-02
9.982077298135359766e-02
9.981123490522740560e-02
9.980431228914829478e-02
9.979961577567969533e-02
9.979684662929970418e-02
9.979300302158550240e-02
9.978911608463819638e-02
9.978293967094499506e-02
9.978189983031160448e-02
9.978103441161320641e-02
9.977988592979360194e-02
9.978028114749500077e-02
9.977896817582139477e-02
9.978118039535090189e-02
9.978167626713420335e-02
9.978625038735650099e-02
9.978690032436800250e-02
9.979322031603160559e-02
9.980003148600839757e-02
9.980707582116130072e-02
9.981427067838130607e-02
9.982148072040540610e-02
9.983234645847680055e-02
9.984031988318739503e-02
9.985705409754550010e-02
9.986396919243009651e-02
9.987658490388319488e-02
9.989290806644900156e-02
9.990601993572649497e-02
9.991981472750249837e-02
9.993740048742609516e-02
9.995033151201039578e-02
9.996231576808960184e-02
9.997526209419900500e-02
9.999063001881100532e-02
1.000083306045135983e-01
1.000280247230262987e-01
1.000474102790618047e-01
1.000781220569837981e-01
1.001020741463490987e-01
1.001797180040955998e-01
1.002115454501597003e-01
1.002336243317420994e-01
1.002641859582188988e-01
1.002914715988821037e-01
1.003172631557738975e-01
1.003470647709698987e-01
1.003720878543651052e-01
1.004022711420932967e-01
1.004342897161876053e-01
1.004572759541499938e-01
1.004889574581910028e-01
1.005157674335358936e-01
1.005429423135991013e-01
1.005721501647329069e-01
1.006016788118149069e-01
1.006252090420055034e-01
1.006546278500076996e-01
1.006829493609427972e-01
1.007098999250409938e-01
1.007352332504782982e-01
1.007606041684779019e-01
1.007863478599617946e-01
1.008124116752806970e-01
1.008388206385101987e-01
1.008661898020427050e-01
1.008940811868520998e-01
1.009231320045299030e-01
1.009523995157061982e-01
1.009809181458246052e-01
1.010077692280800937e-01
1.010368431798891048e-01
1.010648120209669959e-01
1.010903186226927986e-01
1.011173897434154978e-01
1.011413839066497011e-01
1.011690598502495014e-01
1.011950379176310977e-01
1.012229268334215032e-01
1.012486631298943063e-01
1.012749708612570021e-01
1.012988323113099970e-01
1.013279802690180004e-01
1.013596272026283940e-01
1.013871395828170041e-01
1.014147790504183050e-01
1.014443412208616002e-01
1.014709291469914065e-01
1.014974580665772980e-01
1.015202310128743984e-01
1.015367671364296037e-01
1.015577500075580952e-01
1.015711872690013978e-01
1.015896847765467986e-01
1.015992063573175064e-01
1.016105232629520988e-01
1.016198110283483003e-01
1.016303845838597980e-01
1.016372945001266931e-01
1.016456014222249932e-01
1.016521713214184053e-01
1.016544216993614941e-01
1.016610885297608985e-01
1.016623546437532971e-01
1.016631382027193969e-01
1.016631390123914069e-01
1.016627642708042983e-01
1.016632695957837007e-01
1.016598350440774956e-01
1.016514529962612989e-01
1.016475197878231040e-01
1.016424585612615977e-01
1.016333524399830046e-01
1.016260805595173011e-01
1.016214595395197040e-01
1.016152447443959966e-01
1.016086714323379964e-01
1.016025056542790989e-01
1.015954956231178014e-01
1.015888491250967057e-01
1.015820389112044031e-01
1.015777605705957959e-01
1.015698292882346032e-01
1.015621524261813013e-01
1.015539679180492982e-01
1.015464160315903974e-01
1.015358179296682040e-01
1.015291842914280013e-01
1.015193805573124941e-01
1.015115773094183022e-01
1.014981151656751956e-01
1.014793062759870995e-01
1.014686171349843957e-01
1.014570376075606961e-01
1.014470918293405993e-01
1.014289503217456062e-01
1.014109351372689954e-01
1.013905353220578009e-01
1.013811760484099045e-01
1.013644301829473016e-01
1.013497246845370958e-01
1.013304470201978058e-01
1.013130627077241941e-01
1.012982136348883067e-01
1.012791523009993061e-01
1.012592272432299018e-01
1.012414832962332950e-01
1.012205815736497011e-01
1.012021879218902992e-01
1.011831994927324951e-01
1.011641438898814027e-01
1.011451361339253951e-01
1.011245972388597064e-01
1.011060129561915932e-01
1.010821019402940030e-01
1.010613029492594961e-01
1.010396793797822962e-01
1.010247826465942023e-01
1.010069929011721962e-01
1.009961768282529038e-01
1.009814823958686963e-01
1.009626182712634046e-01
1.009453993645928055e-01
1.009283952228628989e-01
1.009072623716340961e-01
1.008897366784227007e-01
1.008647048803700957e-01
1.008419957911803055e-01
1.008195703567874024e-01
1.007972845561598968e-01
1.007729148123984037e-01
1.007526055940981963e-01
1.007255994735835047e-01
1.007024306902550015e-01
1.006761079355198013e-01
1.006546258687115031e-01
1.006260907650915054e-01
1.006036650188213005e-01
1.005806010289122948e-01
1.005550002840454038e-01
1.005298856501063987e-01
1.005056889581043000e-01
1.004794770938100962e-01
1.004566969787477060e-01
1.004330000326555949e-01
1.004089132215470054e-01
1.003837032223977022e-01
1.003604669607563032e-01
1.003363528806229948e-01
1.003134857371505012e-01
1.002944836184451044e-01
1.002700454861120000e-01
1.002466960183852063e-01
1.002277978087218052e-01
1.002036678597324065e-01
1.001810388388515993e-01
1.001620700049482976e-01
1.001397078922000028e-01
1.001240843157298055e-01
1.001032558396370981e-01
1.000848265245055935e-01
1.000659377829274943e-01
1.000498689861424040e-01
1.000316855373847985e-01
1.000178670514338952e-01
1.000000662038307980e-01
9.998777989946400213e-02
9.997112680811960639e-02
9.995759405454360258e-02
9.994934630996500646e-02
9.993400886241360359e-02
9.992404852156069883e-02
9.991336797842470530e-02
9.990315172908749430e-02
9.989371102260040380e-02
9.988493030023430641e-02
9.987710159238939733e-02
9.986824145220060678e-02
9.986214346610079728e-02
9.985776557930080288e-02
9.985162680677910074e-02
9.984690280786540084e-02
9.984452285865859367e-02
9.984096383481400050e-02
9.983790441787959713e-02
9.983597175169109383e-02
9.983332032110550647e-02
9.983368699153269410e-02
9.983260107642670522e-02
9.983280547440659403e-02
9.983458039214579416e-02
9.983563771967279843e-02
9.983674964447869504e-02
9.984165945056609759e-02
9.984361824470269764e-02
9.984654660877219368e-02
9.984834905332540256e-02
9.985390358763260310e-02
9.985766810436019769e-02
9.986154348767249667e-02
9.987009017874880212e-02
9.987432872490789593e-02
9.988002211814789311e-02
9.988711914719429485e-02
9.989210989453299605e-02
9.990146766343580009e-02
9.990749229764600559e-02
9.991665907049729345e-02
9.992497520316949433e-02
9.993171460612990109e-02
9.993879434651900540e-02
9.994911806528780640e-02
9.995638792434320685e-02
9.996806232944289994e-02
9.997245493003230343e-02
9.998152114045469330e-02
9.999011871778759608e-02
1.000000269180258000e-01
1.000055448635402966e-01
1.000130016015677997e-01
1.000245135950509068e-01
1.000325639545986967e-01
1.000420047375129989e-01
1.000478453382856042e-01
1.000568590604875019e-01
1.000658760016619048e-01
1.000714512162231978e-01
1.000786319334752011e-01
1.000879752270976003e-01
1.000929465980815031e-01
1.000981586577713994e-01
1.001031939619464045e-01
1.001106459120559983e-01
1.001162604011183038e-01
1.001227590408984014e-01
1.001284370695476045e-01
1.001336553725989953e-01
1.001405289871249993e-01
1.001441799466575022e-01
1.001470401111923952e-01
1.001527015563539041e-01
1.001538823329941041e-01
1.001591277365365962e-01
1.001617068291508067e-01
1.001657590462160935e-01
1.001709585109072931e-01
1.001730153559852038e-01
1.001733009909174937e-01
1.001790719532926061e-01
1.001804811488957031e-01
1.001818120050339961e-01
1.001857231647174939e-01
1.001870552026780936e-01
1.001921979098562981e-01
1.001911376894042000e-01
1.001931649871724977e-01
1.001956705256531049e-01
1.001968083449560065e-01
1.002000818202331001e-01
1.002008084994204934e-01
1.002035161286898013e-01
1.002050731681741053e-01
1.002082607614930981e-01
1.002100034841470061e-01
1.002131594506695950e-01
1.002197014200306019e-01
1.002169499716402956e-01
1.002205406977413060e-01
1.002221030122133066e-01
1.002253531167816014e-01
1.002265662604785029e-01
1.002288590015315006e-01
1.002302392719281038e-01
1.002379461557715984e-01
1.002409328475215994e-01
1.002429571672054931e-01
1.002448073131956968e-01
1.002470640342081054e-01
1.002502102807063949e-01
1.002554433628234931e-01
1.002570700603970938e-01
1.002617441823281941e-01
1.002628105047451978e-01
1.002675502195443935e-01
1.002690955728900990e-01
1.002718173489195036e-01
1.002746449213325064e-01
1.002753548195921968e-01
1.002769032357560958e-01
1.002803384868880959e-01
1.002856911349001012e-01
1.002853292927563950e-01
1.002858755590697037e-01
1.002914498522031045e-01
1.002925643595788952e-01
1.002928011159271021e-01
1.002934139112714035e-01
1.002938245143241980e-01
1.002966132494222951e-01
1.002914323218331988e-01
1.002910788664085062e-01
1.002876227882924937e-01
1.002904114738582958e-01
1.002812795852835032e-01
1.002850048780735970e-01
1.002802622819501943e-01
1.002777595538531935e-01
1.002751127484363958e-01
1.002715245092823948e-01
1.002640069523949018e-01
1.002587161130152060e-01
1.002525365142861030e-01
1.002468813484115040e-01
1.002447930320442965e-01
1.002344686469385932e-01
1.002255531865696020e-01
1.002174107013519971e-01
1.002059524493549986e-01
1.002010011109442933e-01
1.001941763445770017e-01
1.001799658429678996e-01
1.001710468310780949e-01
1.001611382652996957e-01
1.001510783862601950e-01
1.001394809458685947e-01
1.001285299903977993e-01
1.001199812225749969e-01
1.001116602179524945e-01
1.000988558133653061e-01
1.000887903582736022e-01
1.000819435366964022e-01
1.000696388061698000e-01
1.000620954586902978e-01
1.000532061762069019e-01
1.000413499287873959e-01
1.000324850200332016e-01
1.000256262763541959e-01
1.000165998061609968e-01
1.000076423169988932e-01
1.000008162488870006e-01
9.999462071703620059e-02
9.998789397225489595e-02
9.997669663051239608e-02
9.997208038443139433e-02
9.996635247506030497e-02
9.995932628732559500e-02
9.995609564771819333e-02
9.995035940262969598e-02
9.994165523464160206e-02
9.993642605489930220e-02
9.993473376860159685e-02
9.993008066121410182e-02
9.992640678578580682e-02
9.992383269433870174e-02
9.991945003502930578e-02
9.991385221684009887e-02
9.991158777388020606e-02
9.990695654647969992e-02
9.990730233726290155e-02
9.990467040823010347e-02
9.990518581496170281e-02
9.990197567853259519e-02
9.990267621014339849e-02
9.990227568701820493e-02
9.990016015349459377e-02
9.989985799155350066e-02
9.990157160672449854e-02
9.990130158917739922e-02
9.990072124111690210e-02
9.990308850137989694e-02
9.990228726216729416e-02
9.990392158545779999e-02
9.990359712819329996e-02
9.990478457957760461e-02
9.990593618303070245e-02
9.990986719108370384e-02
9.991002362609520404e-02
9.991036396003200037e-02
9.991350229490360280e-02
9.991455316560189648e-02
9.992000089102319460e-02
9.992292179135819907e-02
9.992231131970530367e-02
9.992221237196459438e-02
9.992463832884319885e-02
9.992845941035839730e-02
9.993025225842010195e-02
9.993154557976950680e-02
9.993514043408530112e-02
9.993633599778829757e-02
9.993861455994529353e-02
9.994290357308950601e-02
9.994511330126849835e-02
9.995131528389150644e-02
9.995100365504519524e-02
9.995543697873200684e-02
9.995645458841780073e-02
9.995948292742759533e-02
9.996051960672540371e-02
9.996496659764479709e-02
9.996815720297830277e-02
9.997411037496049813e-02
9.997711852595199400e-02
9.997976080326050063e-02
9.998506578398179412e-02
9.998587604085880376e-02
9.998986419860980690e-02
9.999396620907899380e-02
9.999891401127010415e-02
1.000037253916727931e-01
1.000080015401094979e-01
1.000123290168569989e-01
1.000171097430703065e-01
1.000223333814957982e-01
1.000249580787426068e-01
1.000326406846561988e-01
1.000379559290657944e-01
1.000446913697942003e-01
1.000516336040270932e-01
1.000584408134899961e-01
1.000665220446557979e-01
1.000739975345397020e-01
1.000814791785861052e-01
1.000930158038620954e-01
1.001002367884307048e-01
1.001095571258242001e-01
1.001223368200409997e-01
1.001304453282728935e-01
1.001415407448432021e-01
1.001525370087772010e-01
1.001649739113564946e-01
1.001765077242372931e-01
1.001879116011274024e-01
1.002004199052923955e-01
1.002135182578056949e-01
1.002269492619990987e-01
1.002429085208405013e-01
1.002536591706567060e-01
1.002681974369347973e-01
1.002829207769089931e-01
1.003017940230920002e-01
1.003180994192384018e-01
1.003341908920904052e-01
1.003514887282930951e-01
1.003709813384364991e-01
1.003984583922422069e-01
1.004181829267865034e-01
1.004424622387993932e-01
1.004648930651563937e-01
1.004901207409212016e-01
1.005130736143524939e-01
1.005396021942507045e-01
1.005621445887674020e-01
1.005841453581415995e-01
1.006068165631626016e-01
1.006293619930239969e-01
1.006570559925006048e-01
1.006763382475104052e-01
1.006952822273514958e-01
1.007179972208148006e-01
1.007374167251165048e-01
1.007628016858388986e-01
1.007833067135957966e-01
1.008025038752061037e-01
1.008212275678630060e-01
1.008420290281561021e-01
1.008593519757258056e-01
1.008751561234692007e-01
1.008963327862707066e-01
1.009143306332724033e-01
1.009284883576801045e-01
1.009497278085161043e-01
1.009654053254907952e-01
1.009831440242578982e-01
1.010003995486775941e-01
1.010162881661427065e-01
1.010325757223624055e-01
1.010503280680779964e-01
1.010661889611454006e-01
1.010834876477439970e-01
1.010965002898424059e-01
1.011149273421404066e-01
1.011298673756574062e-01
1.011478602370901037e-01
1.011617830908240062e-01
1.011802140446298043e-01
1.011904637931139023e-01
1.012063946392104952e-01
1.012204876896544009e-01
1.012310879643500972e-01
1.012484999308681938e-01
1.012633933590560004e-01
1.012783125884377938e-01
1.012916520055884007e-01
1.013020248072293017e-01
1.013119230391411052e-01
1.013244417020481014e-01
1.013340582149983016e-01
1.013427462238296051e-01
1.013535058004215034e-01
1.013632510893292954e-01
1.013708691639294973e-01
1.013774728137895043e-01
1.013814479233933058e-01
1.013885281340917016e-01
1.013937954816837017e-01
1.013977742101137974e-01
1.014041269304822024e-01
1.014046052651409041e-01
1.014045016145405931e-01
1.014050997191111997e-01
1.014052786310901955e-01
1.014055571207785056e-01
1.014065212227659024e-01
1.014032865052789945e-01
1.014012929418399017e-01
1.013993833227643943e-01
1.013979221518852003e-01
1.013951119473679024e-01
1.013917339559813058e-01
1.013863257276135937e-01
1.013826481808420971e-01
1.013770736821389962e-01
1.013718579503451039e-01
1.013624477660085982e-01
1.013576137452670001e-01
1.013545218293064043e-01
1.013450828659260977e-01
1.013370702021026970e-01
1.013290013806782963e-01
1.013233149793524995e-01
1.013137835669501025e-01
1.013077616733547986e-01
