7.828253161830280027e-02
7.891799882298640434e-02
7.959323607811470691e-02
8.028484727559749567e-02
8.102406257704640458e-02
8.178613980552780494e-02
8.232591611540669707e-02
8.298878760848349412e-02
8.349986791961590271e-02
8.407468595253110577e-02
8.478952877992079751e-02
8.542655230648239784e-02
8.606882240383270655e-02
8.659108663844740372e-02
8.721152202598810022e-02
8.779531907633400523e-02
8.830929320159569551e-02
8.905230633116499595e-02
8.959268487472750453e-02
9.021831570017699309e-02
9.079243512165899310e-02
9.123394594937810076e-02
9.178476032339540069e-02
9.230604912295249653e-02
9.271152616144029412e-02
9.332488545135510238e-02
9.380927804926869618e-02
9.448508604381010423e-02
9.469093155171219578e-02
9.527199486541759743e-02
9.588745086177889732e-02
9.642445992717919856e-02
9.701629321014029750e-02
9.750571252472520212e-02
9.799453804094909737e-02
9.849483127765870649e-02
9.886439790166079433e-02
9.930320063253640639e-02
9.988931499938899505e-02
1.003238233699074999e-01
1.008359248607545028e-01
1.012567341304369956e-01
1.016571392729413992e-01
1.020555734409425014e-01
1.024566849636158045e-01
1.029264047385363978e-01
1.033391031988924041e-01
1.037026820623384998e-01
1.040511844453458068e-01
1.043953463374119039e-01
1.046911938311897022e-01
1.050578680767356998e-01
1.053281759406543006e-01
1.056336774133019990e-01
1.059164817502059042e-01
1.062384448177231960e-01
1.065576066688831008e-01
1.067999415642685995e-01
1.071269958633136038e-01
1.073341554045918050e-01
1.076511958325670065e-01
1.079281186258474051e-01
1.082798995124286956e-01
1.084875012324534038e-01
1.087166030498598057e-01
1.090218898462776004e-01
1.091525770628935937e-01
1.095286426583793049e-01
1.097826304280340032e-01
1.099906720752290012e-01
1.101983330998757976e-01
1.102882221523119044e-01
1.104687859479148021e-01
1.106838944783361950e-01
1.109183415007939932e-01
1.111379565327527963e-01
1.113432410723251970e-01
1.114518554362701058e-01
1.115755506020800064e-01
1.116710461532343934e-01
1.118097243252102052e-01
1.119582338984692060e-01
1.120807867263747953e-01
1.122634083661820936e-01
1.124283819252574063e-01
1.125173365801207942e-01
1.126221227618054016e-01
1.127697061378594989e-01
1.128554353079229966e-01
1.129232704961682932e-01
1.130046714960992044e-01
1.130615841818742029e-01
1.131040869921102060e-01
1.131190242793592982e-01
1.131631136634384943e-01
1.132222791869913064e-01
1.132426001287658995e-01
1.132831163257683044e-01
1.133394880301368951e-01
1.134215047282057937e-01
1.134381495698744968e-01
1.135089634271027048e-01
1.135440244270700949e-01
1.135532523821655010e-01
1.135935259106481965e-01
1.136186707497190973e-01
1.136469271665783015e-01
1.136136609908695028e-01
1.136317673916450999e-01
1.136333766765457998e-01
1.136181530886946067e-01
1.136244641919157000e-01
1.136330411397493967e-01
1.136231429997497933e-01
1.136067907853902936e-01
1.136481214047275062e-01
1.136165342883176943e-01
1.136193813533930980e-01
1.136174064992014066e-01
1.135843028525498066e-01
1.135700527795567016e-01
1.135494593133443975e-01
1.134710455914074989e-01
1.134640300553776959e-01
1.134697801031410991e-01
1.133810226074671024e-01
1.132121177919434979e-01
1.131765659611879971e-01
1.132427770727403027e-01
1.132039788765027005e-01
1.131422488354947020e-01
1.130697558571889944e-01
1.130252513579746987e-01
1.129492698290607000e-01
1.129422963934307023e-01
1.128829640464130007e-01
1.127929248045434069e-01
1.126722877520296012e-01
1.125323005642674956e-01
1.124153017067236054e-01
1.123619117885077956e-01
1.124199697775725010e-01
1.122602063304978942e-01
1.121496166749220008e-01
1.120602838587977934e-01
1.119030808673941030e-01
1.117912495848047971e-01
1.116685284346742024e-01
1.115239665504634964e-01
1.114155008376452038e-01
1.112790448830519030e-01
1.111134990502437997e-01
1.109801155940063067e-01
1.108594810885164955e-01
1.107314866078466936e-01
1.105771847109282974e-01
1.104714249089616962e-01
1.102880854071951050e-01
1.101474994390095052e-01
1.100143175223500941e-01
1.098387913098966967e-01
1.096892117852666937e-01
1.095539255722556005e-01
1.093266790469877986e-01
1.091961947077207951e-01
1.090468726020607931e-01
1.088760940718663944e-01
1.086820858570116954e-01
1.084538663218375942e-01
1.083565191063474015e-01
1.081206730524885973e-01
1.079320890667656990e-01
1.077780555957695979e-01
1.075824337738021941e-01
1.073814383747490053e-01
1.072292158942091955e-01
1.070397974434759980e-01
1.068694830351152036e-01
1.067016180961938981e-01
1.065838890311544968e-01
1.063770583260541941e-01
1.062088523868136986e-01
1.060202071907019039e-01
1.058600076060040029e-01
1.056810612575625058e-01
1.055066637259415990e-01
1.053518180419941025e-01
1.051681824636375023e-01
1.049904635811109016e-01
1.047970078638262997e-01
1.046157836316621015e-01
1.044127912069681974e-01
1.042345564251157958e-01
1.040297827378116047e-01
1.038566789605557955e-01
1.036926027503198983e-01
1.035202979682176005e-01
1.033596764779882993e-01
1.031651445311893012e-01
1.029914681575825053e-01
1.028126232169605941e-01
1.026379301806084055e-01
1.025065935514418991e-01
1.022905102586250947e-01
1.021101618565426056e-01
1.019272523960435967e-01
1.017739516999907057e-01
1.016037710647557935e-01
1.014040713504127944e-01
1.012514245621330966e-01
1.010611559562566014e-01
1.008896847759764015e-01
1.007539420425554999e-01
1.005989146120424976e-01
1.004542857734580935e-01
1.002976798738881986e-01
1.001425796611335045e-01
1.000062887019575047e-01
9.983556831037020129e-02
9.969872289814099564e-02
9.955700536750819452e-02
9.940993486753149644e-02
9.931692403966620175e-02
9.918548578441120644e-02
9.903847073865709727e-02
9.889466119717719994e-02
9.877344367781379364e-02
9.865582742870460109e-02
9.854065799269920434e-02
9.841412607937620460e-02
9.828170506271259599e-02
9.818325181709740279e-02
9.808226072841809418e-02
9.795744096776949628e-02
9.785611333452809424e-02
9.776162251742939735e-02
9.761644986271640623e-02
9.751862562222179953e-02
9.742432817433209491e-02
9.733756807912880005e-02
9.717392317533629642e-02
9.710598531716280180e-02
9.705863112033499829e-02
9.699362576353870447e-02
9.686755196000790269e-02
9.677023621618069393e-02
9.672606966491970049e-02
9.672227633106879330e-02
9.660699809564199381e-02
9.655097200307960481e-02
9.645583922626070617e-02
9.637551324318639756e-02
9.633905592194569323e-02
9.626647972749879933e-02
9.624613439448209684e-02
9.617944296465399945e-02
9.612510798232609677e-02
9.606233428452200240e-02
9.604412973905709916e-02
9.595472033597769734e-02
9.589051207838310276e-02
9.587335488114359650e-02
9.584392509937560145e-02
9.585334208920720522e-02
9.581746749313090061e-02
9.582557096176119726e-02
9.579161640336039674e-02
9.579828680345850445e-02
9.574714417639509922e-02
9.574858001048640321e-02
9.572692158624220016e-02
9.574477822178760478e-02
9.568459688204500324e-02
9.571370299084309974e-02
9.568046659542220334e-02
9.572122305602000225e-02
9.566530085823289620e-02
9.566210604283049979e-02
9.571942113445930378e-02
9.569697231549359473e-02
9.573163298275269573e-02
9.572188629341189803e-02
9.574147565860069431e-02
9.579395677577129398e-02
9.575447804818000563e-02
9.582887739855390496e-02
9.579027633050210544e-02
9.584224174939910690e-02
9.588367209580289652e-02
9.591713671215340575e-02
9.594302315537009407e-02
9.604565414434169945e-02
9.606587341194990082e-02
9.609659145817719961e-02
9.612771111807230651e-02
9.621184114600479786e-02
9.623834171364270551e-02
9.630717284813250512e-02
9.635848245492820152e-02
9.641257848687739829e-02
9.646054463196890305e-02
9.653064405132469328e-02
9.657991530606820085e-02
9.668668686983999949e-02
9.676707816139619445e-02
9.684423582252020546e-02
9.687443228991339528e-02
9.694959597857999434e-02
9.703911220988729880e-02
9.710891238947759463e-02
9.718996394362580671e-02
9.728723827994829876e-02
9.734553071820810366e-02
9.744745203866229943e-02
9.753984799445310216e-02
9.761197395416219835e-02
9.770059231378630527e-02
9.779073718783699853e-02
9.786558381468710155e-02
9.796503273580739468e-02
9.805975816608369922e-02
9.813824472778570618e-02
9.823608663010299780e-02
9.829597386287200478e-02
9.840195057105040333e-02
9.847196031271969463e-02
9.859718393481230192e-02
9.869556307008429952e-02
9.877522221529279334e-02
9.887496161332259836e-02
9.895993176454939699e-02
9.905064142016989370e-02
9.915574218902910297e-02
9.922939581347470228e-02
9.932171294845949794e-02
9.942388042144249816e-02
9.953818230062499994e-02
9.958178192060339329e-02
9.970987752129069348e-02
9.980795181326110321e-02
9.990538296741599544e-02
1.000088554486704001e-01
1.000990703112703967e-01
1.001980870947271063e-01
1.002788634662579031e-01
1.003803978999270041e-01
1.004400512941451967e-01
1.005343245679019004e-01
1.006439648531495951e-01
1.007218479388840016e-01
1.007974741066575974e-01
1.009007383535692054e-01
1.009920203227645946e-01
1.010872287878342018e-01
1.011690085999236016e-01
1.012461216752580939e-01
1.013300099040670976e-01
1.014557137963798955e-01
1.015139519820763003e-01
1.016203984290540013e-01
1.016780492429804061e-01
1.017891852184588941e-01
1.018490048545180049e-01
1.019299123057784973e-01
1.019969651952113004e-01
1.020910912442966056e-01
1.021662965120028049e-01
1.022265716075295983e-01
1.023146048647630979e-01
1.023680908079433044e-01
1.024387394766571036e-01
1.025160573046473012e-01
1.025561858504966950e-01
1.026298520034111955e-01
1.026870633670169952e-01
1.027857728475758958e-01
1.028461994027816961e-01
1.028941083410835067e-01
1.029198776059882942e-01
1.029941049761990968e-01
1.030461973299243994e-01
1.031150088375215046e-01
1.031332861880114998e-01
1.032122874416334934e-01
1.032630146762020945e-01
1.033306133626774037e-01
1.033921904606333042e-01
1.034132859236465002e-01
1.034823047779528937e-01
1.034967936946442069e-01
1.035389317096450934e-01
1.035910941692952947e-01
1.036221238747088019e-01
1.036754230461190002e-01
1.037067083843064008e-01
1.037426858766836019e-01
1.037733953205187964e-01
1.038028987012168947e-01
1.038257099664230965e-01
1.038343866942448013e-01
1.038519041709708990e-01
1.038634221201582969e-01
1.038618249131830068e-01
1.038787125051054971e-01
1.038667105726917977e-01
1.038884159141224006e-01
1.038717632039092981e-01
1.038800238438298967e-01
1.038847190471437060e-01
1.038667901572777053e-01
1.038617567037803946e-01
1.038404144950746955e-01
1.038271740120867981e-01
1.037987132095710974e-01
1.037835701131791938e-01
1.037740866858005012e-01
1.037613436234289949e-01
1.037609030862304965e-01
1.037646018904330031e-01
1.037800452144683055e-01
1.037864017227841940e-01
1.038014154048819970e-01
1.038167651589087942e-01
1.038292467176552963e-01
1.038528160341830042e-01
1.038662584539492978e-01
1.038732966300855015e-01
1.038858348989327024e-01
1.038930724202153932e-01
1.038935610047213992e-01
1.038990072495361988e-01
1.038969111449448979e-01
1.038887946113846023e-01
1.038932497164359037e-01
1.039079646785519007e-01
1.038748402028485951e-01
1.038897821905468005e-01
1.038807958130330972e-01
1.038732068438845968e-01
1.038582385665449970e-01
1.038401547862558977e-01
1.038339038772766038e-01
1.038084567555636051e-01
1.037866778071076940e-01
1.037650414228019069e-01
1.037184307796257948e-01
1.036719874326605950e-01
1.036094082945101941e-01
1.035868749972018998e-01
1.035384429057838035e-01
1.034918293303375980e-01
1.034411463673033937e-01
1.034187417743597931e-01
1.033357315645206942e-01
1.032886631910980013e-01
1.031982962628961026e-01
1.031821032988170933e-01
1.031118113161768046e-01
1.030241860304337009e-01
1.029817532319882017e-01
1.029287708452304995e-01
1.028160905629385002e-01
1.027587585525834984e-01
1.026646382529707996e-01
1.025925040712460934e-01
1.025203248642997944e-01
1.024569790913752027e-01
1.023671140745553987e-01
1.022551236909181038e-01
1.022183658506141957e-01
1.021644026678802941e-01
1.020385992892641064e-01
1.019859752960896038e-01
1.018673939906880044e-01
1.017777436449616019e-01
1.016960464692960031e-01
1.016680447241350982e-01
1.016115421935789020e-01
1.015156830156535989e-01
1.014276371538415933e-01
1.013606140527652938e-01
1.012764548868276965e-01
1.011903715324003056e-01
1.011193228023155033e-01
1.010389470480776014e-01
1.009974019115434940e-01
1.009141915007975981e-01
1.008273125515714019e-01
1.007681510746368941e-01
1.007015045562534017e-01
1.006553363048368066e-01
1.005736225007002049e-01
1.005095854322559934e-01
1.004491246081811034e-01
1.003849305783422047e-01
1.003173653893311978e-01
1.002476905999698936e-01
1.001578885333983954e-01
1.001217772848519011e-01
1.000527332181004037e-01
9.998776842428999667e-02
9.992188762032469529e-02
9.987472305793289318e-02
9.978869162286120587e-02
9.973111344302869330e-02
9.967303863123849750e-02
9.960995043719170217e-02
9.955981992130649716e-02
9.950225156094540113e-02
9.943846345448449642e-02
9.934292052653040384e-02
9.934360209326019431e-02
9.931247135851549446e-02
9.926145382309800591e-02
9.921245984419539699e-02
9.916793933201299704e-02
9.908902123402910100e-02
9.904414556268879843e-02
9.900466371222639561e-02
9.895643389237379628e-02
9.894218837472089356e-02
9.889355652275630404e-02
9.884006444121390400e-02
9.880587994102689453e-02
9.876445900283960244e-02
9.873166337514950597e-02
9.870651872102230440e-02
9.864916773840090580e-02
9.863782406922999568e-02
9.859812150465510627e-02
9.856979519510189469e-02
9.852116457973579544e-02
9.850275095927890634e-02
9.848148509100000669e-02
9.847427373942159445e-02
9.841445694650639842e-02
9.841640868582110513e-02
9.841460963688830610e-02
9.837465440682539863e-02
9.833278530325019473e-02
9.832689932842750280e-02
9.833010857727890464e-02
9.831627264847170311e-02
9.832658862513020404e-02
9.831682595503220268e-02
9.825423069282339383e-02
9.831453763291819747e-02
9.832152126214589727e-02
9.829074586208820519e-02
9.832584914390310460e-02
9.830792249995730370e-02
9.828421148580830657e-02
9.831308667878979612e-02
9.833741494430330021e-02
9.834315880850269531e-02
9.834900311243530147e-02
9.837573882322890595e-02
9.839679260561440266e-02
9.841188990228200151e-02
9.840421444261750195e-02
9.843803892032540470e-02
9.848904464193969366e-02
9.850132166358589736e-02
9.854190366856259431e-02
9.854491216473379445e-02
9.859704703383249946e-02
9.862847337029440054e-02
9.865841695225420482e-02
9.868425978185189906e-02
9.871891688341459525e-02
9.875962906640259331e-02
9.880565817596960454e-02
9.884817836618470244e-02
9.890420948434540394e-02
9.892042132623879436e-02
9.895534186578540392e-02
9.900665780601550225e-02
9.906514868806369500e-02
9.909191803296579781e-02
9.916003327829139846e-02
9.919270454023869366e-02
9.924965230678059469e-02
9.929949813572060136e-02
9.932490816361010111e-02
9.938759192900320505e-02
9.944614756285570512e-02
9.952764423565499396e-02
9.956287032813490590e-02
9.962531968567500673e-02
9.967635156808320185e-02
9.973789581712459718e-02
9.979510607482379447e-02
9.986059516786209567e-02
9.992587274188720337e-02
9.998151015426369470e-02
1.000421334815553009e-01
1.001007812339719943e-01
1.001608186136655060e-01
1.002408019881891044e-01
1.003316441592850966e-01
1.003353735710825062e-01
1.004349285335496972e-01
1.005161607940207036e-01
1.005509535609598049e-01
1.006486912353847935e-01
1.007088224371078949e-01
1.007447869455879025e-01
1.008189697754169056e-01
1.008625128642749030e-01
1.009637971318314009e-01
1.009914748540543944e-01
1.010892831651571955e-01
1.011273491279888054e-01
1.012195758482363067e-01
1.012691173270546946e-01
1.013247190396271979e-01
1.013897905889292045e-01
1.014685219285560019e-01
1.015063100171758048e-01
1.015709536534047941e-01
1.015880064764495966e-01
1.016189554563328018e-01
1.016455633554639998e-01
1.016641415236546053e-01
1.016472027290585972e-01
1.016634668503054034e-01
1.016658324320284940e-01
1.016581177588701951e-01
1.016412148191636056e-01
1.016279357014451962e-01
1.016032514623539940e-01
1.015353552655545999e-01
1.015290374547491020e-01
1.015352095943855004e-01
1.015446449455973954e-01
1.015514379239945003e-01
1.015502340504775003e-01
1.016514741613575995e-01
1.016060369353534998e-01
1.016633505665559961e-01
1.016782752333310058e-01
1.016703139431733988e-01
1.019025088589403938e-01
1.019652844884921944e-01
1.019982380801626037e-01
1.020489441055176943e-01
1.021394257940271000e-01
1.022331731162573060e-01
1.022950682117542975e-01
1.023812193429390061e-01
1.024865830498765951e-01
1.025778050148258014e-01
1.026711041068872066e-01
1.027440007939145056e-01
1.028360800836036065e-01
1.029041539778585007e-01
1.029667643021134060e-01
1.030198535857476949e-01
1.030753349403995961e-01
1.031158709311146976e-01
1.031528386450663998e-01
1.032024383461126044e-01
1.032252531574121973e-01
1.032577496360234937e-01
1.032815259551950055e-01
1.032893773255760955e-01
1.033230784795276941e-01
1.033379522331489969e-01
1.033648074094315056e-01
1.033707427698928039e-01
1.033643633379150995e-01
1.033853305565870934e-01
1.034426133360600020e-01
1.034036086941674953e-01
1.034108494188936966e-01
1.034503473816859032e-01
1.034437462839787047e-01
1.034180831217673957e-01
1.034059111240329953e-01
1.034583474660110969e-01
1.034757610144631940e-01
1.034780834683184936e-01
1.034732572363934039e-01
1.034622589170340057e-01
1.034445632978971963e-01
1.034513982399752063e-01
1.034317855667291064e-01
1.034334030115684061e-01
1.034451533264660050e-01
1.034282684091613058e-01
1.034248982318193011e-01
1.034289099648667970e-01
1.034180417238623056e-01
1.034469651758909009e-01
1.034311285270470976e-01
1.034243733544104038e-01
1.033802336077472017e-01
1.033670377162240056e-01
1.033800714235284940e-01
1.033702045332119956e-01
1.033658212636193036e-01
1.033342634819981037e-01
1.032991326935363968e-01
1.032494386356024030e-01
1.032750232180144057e-01
1.032996884901361961e-01
1.033050197766040984e-01
1.032468374257731053e-01
1.032921396165800004e-01
1.032503816059879009e-01
1.032517896011718034e-01
1.031761300787017027e-01
1.031275085580504042e-01
1.031246673172957068e-01
1.030921310285823067e-01
1.030668059169446010e-01
1.029818947039621013e-01
1.030326059610695011e-01
1.030134854611543943e-01
1.030592239553961981e-01
1.030540500810081944e-01
1.030854008022989987e-01
1.031228938525856065e-01
1.031399869113991952e-01
1.031404016322576001e-01
1.032154893668700973e-01
1.032198095680857963e-01
1.032290273154793936e-01
1.032525656503529982e-01
1.032645969514205952e-01
1.033040169105514938e-01
1.032939560288342051e-01
1.032926043286657991e-01
1.032917880024292051e-01
1.032562713853066999e-01
1.032714506740566029e-01
1.032552279104310966e-01
1.032626755924993950e-01
1.032314340370714956e-01
1.032039477545518003e-01
1.031758710787322036e-01
1.031640725776128975e-01
1.031290712762577971e-01
1.030734606729060004e-01
1.030931379095303968e-01
1.030204008214675032e-01
1.030246569935703016e-01
1.029758057080862044e-01
1.029248913134784005e-01
1.028674123426650960e-01
1.028381118032000996e-01
1.028008478138019016e-01
1.027724300489590986e-01
1.027412126927290947e-01
1.027012546458760944e-01
1.026499109067588039e-01
1.026293011519675974e-01
1.025838952558222050e-01
1.025110141586620949e-01
1.025157679907611058e-01
1.024623219189916973e-01
1.024039579343595935e-01
1.023722128605060039e-01
1.023480753295047951e-01
1.023062840777853033e-01
1.022474338760460955e-01
1.022238911416246954e-01
1.021855998675597066e-01
1.021348605591950037e-01
1.020832547239893945e-01
1.020334986148983963e-01
1.020066607804829967e-01
1.019391635600210982e-01
1.018959855029663020e-01
1.018491187333275955e-01
1.018329229396929964e-01
1.017574979992762058e-01
1.017745748778083048e-01
1.016769054893627011e-01
1.016738164497985042e-01
1.016203781063440004e-01
1.015829849300871057e-01
1.015412559111683044e-01
1.015155443808162944e-01
1.014714241891958024e-01
1.014502355185007976e-01
1.013725729032344952e-01
1.013462637660458021e-01
1.013138292777019944e-01
1.012604051121751975e-01
1.012296327425992043e-01
1.011963313107275969e-01
1.011461842998220007e-01
1.011092306014958059e-01
1.010674615452245989e-01
1.010213844916441062e-01
1.009937156843510042e-01
1.009339182431726045e-01
1.009153679538396936e-01
1.008700302726888015e-01
1.008540279064897016e-01
1.008095420582856006e-01
1.007969014917543954e-01
1.007218799980580948e-01
1.007253522402172946e-01
1.006791226447544957e-01
1.006487943102058052e-01
1.006009694953220041e-01
1.005693109626096954e-01
1.005413365775307960e-01
1.005030532993860942e-01
1.004779467223850947e-01
1.004250689235568067e-01
1.004349357381164043e-01
1.003865430626146998e-01
1.003682893329771036e-01
1.003404864167426053e-01
1.003154636591953031e-01
1.002937133503712941e-01
1.002698099411082067e-01
1.002385296653235947e-01
1.002193312790126967e-01
1.001756809242704965e-01
1.001846263825171973e-01
1.001427013917916969e-01
1.001354304470278983e-01
1.000926191562044043e-01
1.000757075381853017e-01
1.000745122593305059e-01
1.000471605009882053e-01
1.000076535071148937e-01
1.000036684140745979e-01
9.998760522569269393e-02
9.999087884623769629e-02
9.997206605553460301e-02
9.997743947253019681e-02
9.995443645893410667e-02
9.993098191801430552e-02
9.993050188003410605e-02
9.991655688143920300e-02
9.990321194123380488e-02
9.987377594754960619e-02
9.987478420054039796e-02
9.985428113109920401e-02
9.983866061499969968e-02
9.984875667459240656e-02
9.984519395660290675e-02
9.980959054774030115e-02
9.980836542040860682e-02
9.982795435548989793e-02
9.980072003102999356e-02
9.980100477246889312e-02
9.981765824657989894e-02
9.979059829275270521e-02
9.977252220380079806e-02
9.978378155310120567e-02
9.976693430246469374e-02
9.975542497204499537e-02
9.974241802483879704e-02
9.974241599827279869e-02
9.971616416959069862e-02
9.972687286829459707e-02
9.966954303456780628e-02
9.970437965188279350e-02
9.969471568498809722e-02
9.967410886916569512e-02
9.967082930745810310e-02
9.967922850986120353e-02
9.966675415356419931e-02
9.967664167814370424e-02
9.962159867796560597e-02
9.963969952013780607e-02
9.964043673648320665e-02
9.963675403238610173e-02
9.962929503583850543e-02
9.961309503607529425e-02
9.959568936267169936e-02
9.959640079414010250e-02
9.958876906983869792e-02
9.958551952687069719e-02
9.956902217451679693e-02
9.955764807619389700e-02
9.954047449777879419e-02
9.951882138595889715e-02
9.955730210872390518e-02
9.951826847095950057e-02
9.952372524159100453e-02
9.952155940226989350e-02
9.951391165877079836e-02
9.948370015114420262e-02
9.947886869223150630e-02
9.948281279602269600e-02
9.944790606933809340e-02
9.945682666500850477e-02
9.944043512702090137e-02
9.941629570791310488e-02
9.942656482600960299e-02
9.944531678646839623e-02
9.944276941671870151e-02
9.940081924788199408e-02
9.941112185990620687e-02
9.940490961642049761e-02
9.937362818062120406e-02
9.937190751064710337e-02
9.937160429853719723e-02
9.938174904119770336e-02
9.934930565341870690e-02
9.936240086892429713e-02
9.938416994965529327e-02
9.933659416865660285e-02
9.934105332840810487e-02
9.931361649535999647e-02
9.935328658496410392e-02
9.934971399824710225e-02
9.935536438080040667e-02
9.937071382698049737e-02
9.933698699114250352e-02
9.932586779266970589e-02
9.937188588588689864e-02
9.935747059047289609e-02
9.931731912462689327e-02
9.937901009074419367e-02
9.937512055682730383e-02
9.934995788129680205e-02
9.937078924725330220e-02
9.936942517848500189e-02
9.939059039194329814e-02
9.936402521086669382e-02
9.940067444118499962e-02
9.939239245105009612e-02
9.940670478948610000e-02
9.942543330722050654e-02
9.941075123733759955e-02
9.944488375070209552e-02
9.941988211422270183e-02
9.945255015173400104e-02
9.946047148832980189e-02
9.947995407219850650e-02
9.948752002891350643e-02
9.950279127806870016e-02
9.950152637064260674e-02
9.951472306034379878e-02
9.953703743171800344e-02
9.953941206008430631e-02
9.956549293817600066e-02
9.957303711278120417e-02
9.960025901251380598e-02
9.961126496355909854e-02
9.963952924188740345e-02
9.967679694473509378e-02
9.965978843429150469e-02
9.971147116823049494e-02
9.973163434701179386e-02
9.974221207763039887e-02
9.973789285549659878e-02
9.976645952251149418e-02
9.979555822801630671e-02
9.981465904161769542e-02
9.983826572978220237e-02
9.985697971059240285e-02
9.987443649839160276e-02
9.989297703003749418e-02
9.991706932801849850e-02
9.994984679339050104e-02
9.997297088787179820e-02
9.999825110305360365e-02
1.000069785605386952e-01
1.000352187994598963e-01
1.000611526694746983e-01
1.001109706861083026e-01
1.001495578261191038e-01
1.001432196172128003e-01
1.001748700149752980e-01
1.001977114476109987e-01
1.002416491036429991e-01
1.002605730718820060e-01
1.002923540264475943e-01
1.003223423488834032e-01
1.003517561499968069e-01
1.003846358583637965e-01
1.004171533416590989e-01
1.004713242130949036e-01
1.004831749150922049e-01
1.005063538378617033e-01
1.005592374010606943e-01
1.005978000329560973e-01
1.006183803087462025e-01
1.006554442276269973e-01
1.007080876510844936e-01
1.007452373294732001e-01
1.007674875832715033e-01
1.007946885660413044e-01
1.008166127503531961e-01
1.008898306636642067e-01
1.009207970123895959e-01
1.009524332254704976e-01
1.010034397586676014e-01
1.010431559329612039e-01
1.010796436461375986e-01
1.011361102494964942e-01
1.011486371384802962e-01
1.011935772744764067e-01
1.012465866282307031e-01
1.012972299987292962e-01
1.013030469915228993e-01
1.013418670667929067e-01
1.013639660927643932e-01
1.013635374876162981e-01
1.013943833646896026e-01
1.013635976525650989e-01
1.013696385041674974e-01
1.013926858656064994e-01
1.013602171232565047e-01
1.014361376069839032e-01
1.014725411952150935e-01
1.015302313899548031e-01
1.015175361686703054e-01
1.015721880455304066e-01
1.015727152817064022e-01
1.016297220379789035e-01
1.016389394176336058e-01
1.016483674847455942e-01
1.016654329477379021e-01
1.017033325139451994e-01
1.017039480070685009e-01
1.016278601872967063e-01
1.016013411373276054e-01
1.016482697886289949e-01
1.017109759759857041e-01
1.017679298639822955e-01
1.018268165661113944e-01
1.019074536933683023e-01
1.019688967211264952e-01
1.020335346329841048e-01
1.020966517908768051e-01
1.021541492752709029e-01
1.022098830396381969e-01
1.022536060391935064e-01
1.022807586469501040e-01
1.023165457702420039e-01
1.023375805756985002e-01
1.023429686238869069e-01
1.023447046404099975e-01
1.023455311169104986e-01
1.023600343700270948e-01
1.023494390495058026e-01
1.023592116666739021e-01
1.023689382902191053e-01
1.023634608515605060e-01
1.023877210410800015e-01
1.023766424665985969e-01
1.024091630995059982e-01
1.024076773414028946e-01
1.023884472968730058e-01
1.024090325114663941e-01
1.024143615708973942e-01
1.023849447752655933e-01
1.024210600735351029e-01
1.024236085108990030e-01
1.024120638249682025e-01
1.024457735759417981e-01
1.024456491469843966e-01
1.024463057299950935e-01
1.024563817130025034e-01
1.024411444051989001e-01
1.024221857491315057e-01
1.024486438639044955e-01
1.024228369070280947e-01
1.024201589508619975e-01
1.024378250138276991e-01
1.024431171002952029e-01
1.024255121007870001e-01
1.024204394897823972e-01
1.024658503593248032e-01
1.024448660736252958e-01
1.024787333992474986e-01
1.024556948479690976e-01
1.024804733411438934e-01
1.024801591194207939e-01
1.024457207396056030e-01
1.024688948185732973e-01
1.024261626801114961e-01
1.024759553082291996e-01
1.024855505770481956e-01
1.024579903348131066e-01
1.024369141308495018e-01
1.024936441019994038e-01
1.024571037729996997e-01
1.024356023383190956e-01
1.024798054845491996e-01
1.024199534486362057e-01
1.024510413367086953e-01
1.024208095352588943e-01
1.024283286305558982e-01
1.024092143338374977e-01
1.024260778218735041e-01
1.024039393542983956e-01
1.023841734558004063e-01
1.023827822836116952e-01
1.023781704755993976e-01
1.023550342506604066e-01
1.023858768726065988e-01
1.023117136746356931e-01
1.023521214968407950e-01
1.023491604164497998e-01
1.023056708593401004e-01
1.023201217935839069e-01
1.023039545894084967e-01
1.022640046982963985e-01
1.022958251855451972e-01
1.022834449962275044e-01
1.022743645603426954e-01
1.022718442562025043e-01
1.022720138083518943e-01
1.022369798239533972e-01
1.022360528526747997e-01
1.022207238898105996e-01
1.021586434545117966e-01
1.021582630187160001e-01
1.020835915302878982e-01
1.020315207518894957e-01
1.019511686240176934e-01
1.019941708690682985e-01
1.018943532238889976e-01
1.019826926553038943e-01
1.020180148276018939e-01
1.020397347181044023e-01
1.020687649861594937e-01
1.020951928903190975e-01
1.021329035368790938e-01
1.021851477810891001e-01
1.022040356213309992e-01
1.022284013891292948e-01
1.022815163114143971e-01
1.022680502318957935e-01
1.022809668175296977e-01
1.022926809276493015e-01
1.023099717231345934e-01
1.022837027008624000e-01
1.023062393572991002e-01
1.022737627678494965e-01
1.022659309652347998e-01
1.022835284472412981e-01
1.022466975614572948e-01
1.022297397025436066e-01
1.022122982284505016e-01
1.022190124399082051e-01
1.021948823895423020e-01
1.021983044969849985e-01
1.021540329222255933e-01
1.021323939766125982e-01
1.021226623898127961e-01
1.021157324785221948e-01
1.020679193796354967e-01
1.020859327055675947e-01
1.020211391734928974e-01
1.020428897404214996e-01
1.019957449880938005e-01
1.019873142962035018e-01
1.019684531337975014e-01
1.019555462826828990e-01
1.019251828167199031e-01
1.019106919176791942e-01
1.018681286996576951e-01
1.018560408251465987e-01
1.018270423040530948e-01
1.018230341738532996e-01
1.018042943992746030e-01
1.017960300949018043e-01
1.017743072598288057e-01
1.017329351578953045e-01
1.017261050604598011e-01
1.017050560389505948e-01
1.016886354966767964e-01
1.016692307521021021e-01
1.016422085540685943e-01
1.016506286591896957e-01
1.016069072608380974e-01
1.015950828123741018e-01
1.015748502386828039e-01
1.015573908964592931e-01
1.015343377598511981e-01
1.015003502992252032e-01
1.014937296883070966e-01
1.014727687747813967e-01
1.014666108039369991e-01
1.014219486921587032e-01
1.014176241587358002e-01
1.013916911439973062e-01
1.013768987297637009e-01
1.013681858812335995e-01
1.013453059924433047e-01
1.013341828393913013e-01
1.013146902917796965e-01
1.012953178148823935e-01
1.012772777383000034e-01
1.012736246825605979e-01
1.012618233842365045e-01
1.012592011335265996e-01
1.012221455502436973e-01
1.012108926675011067e-01
1.012021262643219982e-01
1.012013917225734055e-01
1.011812823510342962e-01
1.011723696887417007e-01
1.011655569953921058e-01
1.011627195825770958e-01
1.011352856400525996e-01
1.011185837151809958e-01
1.011289555037972049e-01
1.011232500581697030e-01
1.011144515608408956e-01
1.010853982500392045e-01
1.010871874334846043e-01
1.010909325048417046e-01
1.010748497448994004e-01
1.010837321380298054e-01
1.010720644410715019e-01
1.010546579999028055e-01
1.010620387007415966e-01
1.010499263800502950e-01
1.010684403666766984e-01
1.010539646699278038e-01
1.010306112252660066e-01
1.010162724016684943e-01
1.010249847907690041e-01
1.010506156861820937e-01
1.010086152660962938e-01
1.010208260220916004e-01
1.010209853732175062e-01
1.010119594784850972e-01
1.010064372099340052e-01
1.010104913246833991e-01
1.009928982499140038e-01
1.010118136153412005e-01
1.009996220053327037e-01
1.010015435573466958e-01
1.009984596579495963e-01
1.009836856716219977e-01
1.009799026602579003e-01
1.009854400733724011e-01
1.009766587194669968e-01
1.009830610241081034e-01
1.009917146781049019e-01
1.009644453548042969e-01
1.009639396248912940e-01
1.009605085171431937e-01
1.009516615572007975e-01
1.009501179385687980e-01
1.009427051850706053e-01
1.009511657428208004e-01
1.009482789212036991e-01
1.009382222111309957e-01
1.009328731044192989e-01
1.009378376027305069e-01
1.009025046882298937e-01
1.009224296708750024e-01
1.009137519556043000e-01
1.009168870894452952e-01
1.009066589483745974e-01
1.008750354175968061e-01
1.008570739049242937e-01
1.008708037818959041e-01
1.008509065721639036e-01
1.008658516702485991e-01
1.008532230581171002e-01
1.008446419653264980e-01
1.008386842899730990e-01
1.008452521800262958e-01
1.008010929007737005e-01
1.008192718419298056e-01
1.008206364562113933e-01
1.008074040000302013e-01
1.007987000505957964e-01
1.007944106073539042e-01
1.007820400603322980e-01
1.007856879372961006e-01
1.007702140811588959e-01
1.007736920465179958e-01
1.007637446645111984e-01
1.007411874251308015e-01
1.007519854517764935e-01
1.007178782344009954e-01
1.007301349646348015e-01
1.007268046854030014e-01
1.007037070188729067e-01
1.007051889015398993e-01
1.006930338264983987e-01
1.007147006246729010e-01
1.006963665076494041e-01
1.006648076095019023e-01
1.006620219581147030e-01
1.006577199751517021e-01
1.006601594722315030e-01
1.006530717431041999e-01
1.006419992783176981e-01
1.006641692221616063e-01
1.006334204246322056e-01
1.006487607866368983e-01
1.006283937893859975e-01
1.006340896932849949e-01
1.006309432386977010e-01
1.006206574437989026e-01
1.006335397873242971e-01
1.006189793772857971e-01
1.006257734024545991e-01
1.006254013530778063e-01
1.006315954524891060e-01
1.006324373985820059e-01
1.006292120417330016e-01
1.006195438137792997e-01
1.006324255301943027e-01
1.006110341856265994e-01
1.006243785804915997e-01
1.006539265933848043e-01
1.006695803335949935e-01
1.006660020386987986e-01
1.006552848681094986e-01
1.006847006724071042e-01
1.006707299504940034e-01
1.006983667235017976e-01
1.006976513473891999e-01
1.006889949347196944e-01
1.007249993108566971e-01
1.007204483732910966e-01
1.007206957787980944e-01
1.007558529875215991e-01
1.007689131450927034e-01
1.007578706256874040e-01
1.007920327611667999e-01
1.007905495980835064e-01
1.008109787837823956e-01
1.008233457031536967e-01
1.008397515028671004e-01
1.008580526530147015e-01
1.008718502802847944e-01
1.008839378567262940e-01
1.008943539467652001e-01
1.009173652913292057e-01
1.009164191122828985e-01
1.009285807929548029e-01
1.009321346531644042e-01
1.009793493946510023e-01
1.009829840162094067e-01
1.010263640138418934e-01
1.009987452176918932e-01
1.010278633517250058e-01
1.010225480529309966e-01
1.010407587168938026e-01
1.010611789928820975e-01
1.010575732793582981e-01
1.011076905679802046e-01
1.011263038406601950e-01
1.011096868539724941e-01
1.011140827046533991e-01
1.011277729255412039e-01
1.011247550637652953e-01
1.011503900191722954e-01
1.011473528236671027e-01
1.011559237557086988e-01
1.011436404294191044e-01
1.011407938904619053e-01
1.011399590262796050e-01
1.011356389950529011e-01
1.011251547302177006e-01
1.011289052925891940e-01
1.011809185859793986e-01
1.010744125416155048e-01
1.013419409819344974e-01
1.012838270394375018e-01
1.013422283850019950e-01
1.013402543795565020e-01
1.013476629896090941e-01
1.013724139923839057e-01
1.013501744463179977e-01
1.014018312115572001e-01
1.013980291525939936e-01
1.014078219664716063e-01
1.014058573910369965e-01
1.013963213479533026e-01
1.013746952585842936e-01
1.013603500538606955e-01
1.013702436731197948e-01
1.014010880525594016e-01
1.014042411931027066e-01
1.014031818374406951e-01
1.014109721082625953e-01
1.013852269790032068e-01
1.013716999041466005e-01
1.013986732378486938e-01
1.013956339407143942e-01
1.013693823803304972e-01
1.013947334848482040e-01
1.014014556697340058e-01
1.013692789339007000e-01
1.013669200356239058e-01
1.013784960148998993e-01
1.013651725603059023e-01
1.013192832149456962e-01
1.013200265835055014e-01
1.012919432796235003e-01
1.013604280713886058e-01
1.012902181156691978e-01
1.012292200130470998e-01
1.010125955988415980e-01
1.009448889462892934e-01
1.010064681892620941e-01
1.009982776854081998e-01
1.009558533804807978e-01
1.009632338727139977e-01
1.009490106062663067e-01
1.009408654791899007e-01
1.009441768584560944e-01
1.009622587190819043e-01
1.009549335946395981e-01
1.009510388197203956e-01
1.009579131384519962e-01
1.009604851080821986e-01
1.009645335516241998e-01
1.009675901141580956e-01
1.009643359424070991e-01
1.009565714789888990e-01
1.009482229508547046e-01
1.009556522864140937e-01
1.009386370320067006e-01
1.009373757471214994e-01
1.009236555460549939e-01
1.009307619013708052e-01
1.009127558877166014e-01
1.008954203672998984e-01
1.008907842760747992e-01
1.008835381253354035e-01
1.008937544064671954e-01
1.008903223095589941e-01
1.008806456892201026e-01
1.008391742128249974e-01
1.008611921652785987e-01
1.008636847906891065e-01
1.008616977018293032e-01
1.008499833582383043e-01
1.008375807461212997e-01
1.008398963680108978e-01
1.008396902618676066e-01
1.008307092749225059e-01
1.008193656535490007e-01
1.008039075513038063e-01
1.008143313349030012e-01
1.008139267722372029e-01
1.008023777011517047e-01
1.007856452109795048e-01
1.007923982965368975e-01
1.007766164006909937e-01
1.007987797612084069e-01
1.007322704553643977e-01
1.007339759304546056e-01
1.007416734271258940e-01
1.007227166972703980e-01
1.006941059726812054e-01
1.006791972095757021e-01
1.006385589545940040e-01
1.005474109588711945e-01
1.004614466174188064e-01
1.004279503045684974e-01
1.004043956466933035e-01
1.003947857123947962e-01
1.003746678359589972e-01
1.004790967436870047e-01
1.005253637430514047e-01
1.012180227341208938e-01
1.013394508050037973e-01
1.013182669124781943e-01
1.013701322462572940e-01
1.013579650581076935e-01
1.013678957827637978e-01
1.013882694727261946e-01
1.013746676469507030e-01
1.014016571548189000e-01
1.014199044678449069e-01
1.014021258995100039e-01
1.014265678248412045e-01
1.014239741350373980e-01
1.014181001678975957e-01
1.014384953233455067e-01
1.014562590479950038e-01
1.014505202535972983e-01
1.014583875876075014e-01
1.014707790851302055e-01
1.014643231516958038e-01
1.014666281114968011e-01
1.014660146561093962e-01
1.014727278719254056e-01
1.014743409817009945e-01
1.014708165399901968e-01
1.014758746740180018e-01
1.014749449634949063e-01
1.014786891959655046e-01
1.014816771123338013e-01
1.014859657483992983e-01
1.014851717234397932e-01
1.014995999274758975e-01
1.015017335453994030e-01
1.015058245183050045e-01
1.015159185612242027e-01
1.015011875709609934e-01
1.015007979891529022e-01
1.014988322558288969e-01
1.015054908113832005e-01
1.014950967473005061e-01
1.015050320547772056e-01
1.015139830121957049e-01
1.015672501658081012e-01
1.016264906071703000e-01
1.016559935546207938e-01
1.016702173119419933e-01
1.016679821588779981e-01
1.016695288190403029e-01
1.017033501502244003e-01
1.017153168181933048e-01
1.017312557065020995e-01
1.017586526767574051e-01
1.017759960998708968e-01
1.017892923285863976e-01
1.018071097390066959e-01
1.018290514947450959e-01
1.018508073366477945e-01
1.018643903917322013e-01
1.018641778424295985e-01
1.018770398153708012e-01
1.018868281812936039e-01
1.018771352117350953e-01
1.018879423565455938e-01
1.018893706978225983e-01
1.018979855534196954e-01
1.019105970854484039e-01
1.019106156650464029e-01
1.019284949114185046e-01
1.019240737230840965e-01
1.019182168099557056e-01
1.019284741227692026e-01
1.019421198684588997e-01
1.019302653878589038e-01
1.019352446752385954e-01
1.019525157308165952e-01
1.019294310533531006e-01
1.019466188436627951e-01
1.019510491505923044e-01
1.019391370128291952e-01
1.019640183129238986e-01
1.019564148199637033e-01
1.019723083393459934e-01
1.019538117086435935e-01
1.019678955213925015e-01
1.019768577516264041e-01
1.019519297451124962e-01
1.019601412988639932e-01
1.019767309596493060e-01
1.019531446134425978e-01
1.019986650394180960e-01
1.019518314497282058e-01
1.018805835297856982e-01
1.018810379483885004e-01
1.019232760412765032e-01
1.019417790313443956e-01
1.018936107594076018e-01
1.017737364195043931e-01
1.017130553803045068e-01
1.017466503416613044e-01
1.017358864852512951e-01
1.017417807225460963e-01
1.016958340345666956e-01
1.016820357039180944e-01
1.016959313686868066e-01
1.016679836881316940e-01
1.016382028473478971e-01
1.016481250628980953e-01
1.016302571892127027e-01
1.016282274931817053e-01
1.016015326462603036e-01
1.015786774309602042e-01
1.015668525356420993e-01
1.015192426411760940e-01
1.014949394912642994e-01
1.014324659543456020e-01
1.013693563959549016e-01
1.013108397131082944e-01
1.013395008058158020e-01
1.013636453130457998e-01
1.014645367133250042e-01
1.015071080659774999e-01
1.015540574262293050e-01
1.016061400984105967e-01
1.016497981062400996e-01
1.016844283358425000e-01
1.017079227113022039e-01
1.017092633113766964e-01
1.017328890788942036e-01
1.017371833498998956e-01
1.017480164110969032e-01
1.017535334869999059e-01
1.017520663874753040e-01
1.017427033072973025e-01
1.017407090844936052e-01
1.017258741522013982e-01
1.017271275928764984e-01
1.016787998888433048e-01
1.016855107862588009e-01
1.016745368300202984e-01
1.016590827943399944e-01
1.016283907461254937e-01
1.016230759010720019e-01
1.015866894156880057e-01
1.015787940049185933e-01
1.015527819868251025e-01
1.015418349889392058e-01
1.015199726643050970e-01
1.014923563253312955e-01
1.014799814942480977e-01
1.014519368717131942e-01
1.014530131431471000e-01
1.014205145935811042e-01
1.013784860569524049e-01
1.013933080594280056e-01
1.013530645866566049e-01
1.013381117276825061e-01
1.013085756441042956e-01
1.012882025629760069e-01
1.012929002486201990e-01
1.012580193828580000e-01
1.012199421225744994e-01
1.012111762523602992e-01
1.011819136716586992e-01
1.011883709567776013e-01
1.011629355712430067e-01
1.011493411360050998e-01
1.011419015581192932e-01
1.011101959266210992e-01
1.010896426567069045e-01
1.011080535255624024e-01
1.010737546692098004e-01
1.010700417701111964e-01
1.010395310086319026e-01
1.010539086323466035e-01
1.010354448775760972e-01
1.010311094542646060e-01
1.010121453273716968e-01
1.009888742526880018e-01
1.009921974037956000e-01
1.010027058900831998e-01
1.009725348429189040e-01
1.009793443944485003e-01
1.009927999867020060e-01
1.009846149316627056e-01
1.009747771739540056e-01
1.009763714346283009e-01
1.009675839258856039e-01
1.009683336023291939e-01
1.009663785943028941e-01
1.009643254408574969e-01
1.009832417003860977e-01
1.009725382725918941e-01
1.009657169380062947e-01
1.009910537810906062e-01
1.009741224344963967e-01
1.009950713954728962e-01
1.009810389152246968e-01
1.009918114888782997e-01
1.009963189576409959e-01
1.009985766726123058e-01
1.010118154659409018e-01
1.010103160188559057e-01
1.010104687311590005e-01
1.010265062854961982e-01
1.010101671244442029e-01
1.010384097049308039e-01
1.010347400880993035e-01
1.010405532806414042e-01
1.010550278918841971e-01
1.010549298591641026e-01
1.010479562712847945e-01
1.010751756532870943e-01
1.010706262136568945e-01
1.010918805839083057e-01
1.010775069664841957e-01
1.010716149854196944e-01
1.010860796829447933e-01
1.011011710581704998e-01
1.010950579279177031e-01
1.010885562126948994e-01
1.011015008399881038e-01
1.011045543018744969e-01
1.011250776878414998e-01
1.011178319280523069e-01
1.011266306705796980e-01
1.011232716358405059e-01
1.011326488444399957e-01
1.011076954465696953e-01
1.011201113748887992e-01
1.011074318403582945e-01
1.011013135917741002e-01
1.010845084896476037e-01
1.010828228125540962e-01
1.010853938175987066e-01
1.010876010301083039e-01
1.010855902068926032e-01
1.010627974453725958e-01
1.010728654972818941e-01
1.010629838717358037e-01
1.010560687894436066e-01
1.010804232116683937e-01
1.010356022563635991e-01
1.010565439972344048e-01
1.010320047998160969e-01
1.010359073278129932e-01
1.010455832124665942e-01
1.010429093814342039e-01
1.010071417269901989e-01
1.010420346236809985e-01
1.010298212227725978e-01
1.010111191458090973e-01
1.010254572093619019e-01
1.010128568951895039e-01
1.010491469315911994e-01
1.010090394913465972e-01
1.010064009015996939e-01
1.010090107248955010e-01
1.010062847820921983e-01
1.009948421900389998e-01
1.009762361943508935e-01
1.009772780316929019e-01
1.009757784392391056e-01
1.009804943192908061e-01
1.009643812591591028e-01
1.009728031135870008e-01
1.010008802077081991e-01
1.009687493160021932e-01
1.009825065033290031e-01
1.009670329324113963e-01
1.009614914744721981e-01
1.009282058769780943e-01
1.009152128158792988e-01
1.009285411450236009e-01
1.009424477750335003e-01
1.009398861323523994e-01
1.009157401212275040e-01
1.009054555192848979e-01
1.008940967856583049e-01
1.008963533251661937e-01
1.009057539054731972e-01
1.009053562620598060e-01
1.009019778704525055e-01
1.008799872691654026e-01
1.008740196063439010e-01
1.008567571640205940e-01
1.008555887787982025e-01
1.008356091586291026e-01
1.008269607479261032e-01
1.008238528796058936e-01
1.008194098007061945e-01
1.008280108833650018e-01
1.007807830709804009e-01
1.007839934975300056e-01
1.008160615738779992e-01
1.008136235389158059e-01
1.008101638025177965e-01
1.007898944434543059e-01
1.007855894216242998e-01
1.008114328949526045e-01
1.007639287037588038e-01
1.007578198091448052e-01
1.007443566866750018e-01
1.007974481898780972e-01
1.006995177065349995e-01
1.007747317591601993e-01
1.007645235655507954e-01
1.007719362040093991e-01
1.008061077885662044e-01
1.008350189225013932e-01
1.008257832782255975e-01
1.008296136479152061e-01
1.008692505902341052e-01
1.008703738994674998e-01
1.009309800605150964e-01
1.009329695026631030e-01
1.009640814857060004e-01
1.009621982579687050e-01
1.009474416886235043e-01
1.009936627819971039e-01
1.010271966075215050e-01
1.010115909819568059e-01
1.010238997177449055e-01
1.010524174983041951e-01
1.010551738660431936e-01
1.010416941774482935e-01
1.010525006587580932e-01
1.010571126396876962e-01
1.010884845785020025e-01
1.010776736909232004e-01
1.010816449806768019e-01
1.011000656608021936e-01
1.010755285249422958e-01
1.010777818755425050e-01
1.010902152921122066e-01
1.010833292935117977e-01
1.010800095584900998e-01
1.010848389253708041e-01
1.010715163200360950e-01
1.010820448032681979e-01
1.010587659703904018e-01
1.010580175443456935e-01
1.010609406414216954e-01
1.010312800367348940e-01
1.010467733163362969e-01
1.010374722912946999e-01
1.010198388998548996e-01
1.010309143179596025e-01
1.010324773270236953e-01
1.010240290101040023e-01
1.010086958614744984e-01
1.010168588901552006e-01
1.010152536639137982e-01
1.010020418582081997e-01
1.009931813316365945e-01
1.009951917719048992e-01
1.009885427163327021e-01
1.009766960073148062e-01
1.009692318473186939e-01
1.009928202685520943e-01
1.009579277422960053e-01
1.009741781089318058e-01
1.009591886042168069e-01
1.009661416342078066e-01
1.009735939691503021e-01
1.009697945537967045e-01
1.009475810012181035e-01
1.009652183778767948e-01
1.009658774183560953e-01
1.009628677739627944e-01
1.009662825906511019e-01
1.009632478677131989e-01
1.009677232329900948e-01
1.009701448264521961e-01
1.009604520583376047e-01
1.009439732440755022e-01
1.009653518338539946e-01
1.009665187983307955e-01
1.009572607238947983e-01
1.009578148146765969e-01
1.009621323745325955e-01
1.009683212041402045e-01
1.009755081077708949e-01
1.009642357213958036e-01
1.009576042256920964e-01
1.009571860949925043e-01
1.009841987235975957e-01
1.009775231885323976e-01
1.009646705983169995e-01
1.009757489608761050e-01
1.009642828325054004e-01
1.009574107274200938e-01
1.009839405728917006e-01
1.009616235300070941e-01
1.009883822743512932e-01
1.009683757589991959e-01
1.009809009307458955e-01
1.009509522451465940e-01
1.009794045315964978e-01
1.009607698313138013e-01
1.009765975778469937e-01
1.009723547447071990e-01
1.009884335785986992e-01
1.009670074313606947e-01
1.009752328097646978e-01
1.009863223256336068e-01
1.009723119983911011e-01
1.009816507119404017e-01
1.009714522062010039e-01
1.009809026666565052e-01
1.009838886063633978e-01
1.009830477276151967e-01
1.009900604637135046e-01
1.009933095200089004e-01
1.010019774318975938e-01
1.009761788578337066e-01
1.009784435425321036e-01
1.009757162923886065e-01
1.009773235490031007e-01
1.009920303062537966e-01
1.010023387363545022e-01
1.009995491864738998e-01
1.009875546735069934e-01
1.009802384120351976e-01
1.009790792284547961e-01
1.009860453383957940e-01
1.009796653735405003e-01
1.010105232110301010e-01
1.009816374875490003e-01
1.009723314915882963e-01
1.009499861352196048e-01
1.009618537254628051e-01
1.009361474694766003e-01
1.009360276120857963e-01
1.008996057013041014e-01
1.008866735368715989e-01
1.008739484638993961e-01
1.008496975128057027e-01
1.008024080525946053e-01
1.007835599309722940e-01
1.007612426162411978e-01
1.007789109960715024e-01
1.007557012548012942e-01
1.007274178758977012e-01
1.007230788215565942e-01
1.007321002534669052e-01
1.008386033948163035e-01
1.008587056855902997e-01
1.009096343953581054e-01
1.009277346515747992e-01
1.009671582412037943e-01
1.009600954149920959e-01
1.009952844941645056e-01
1.009973591842674989e-01
1.010026477927015026e-01
1.010124252633280012e-01
1.010151120271956943e-01
1.010420975910154978e-01
1.010315141613814943e-01
1.009729186305892978e-01
1.009909286242382936e-01
1.009761336300463996e-01
1.010174072103142973e-01
1.010116382184143985e-01
1.010357548086135010e-01
1.010223087904923017e-01
1.010424150361260015e-01
1.010438976080724055e-01
1.010539121748302988e-01
1.010773678442564022e-01
1.011051181907219043e-01
1.010865639826132034e-01
1.011094223687923066e-01
1.011309849431596963e-01
1.011386558454497042e-01
1.011597288895419999e-01
1.011793593843092059e-01
1.011830668562407054e-01
1.012118852108690042e-01
1.012186696037996048e-01
1.012496676694717990e-01
1.012527552947220938e-01
1.012696362686753976e-01
1.012859128028929939e-01
1.012931074221632005e-01
1.013056477908074043e-01
1.013301946168412015e-01
1.013444468885792010e-01
1.013613357944218030e-01
1.013878673645229045e-01
1.013999758978706006e-01
1.014324601149579064e-01
1.015098374615211047e-01
1.015509785556757000e-01
1.015704705442463940e-01
1.015876397932246045e-01
1.015940479483325026e-01
1.016003310555610994e-01
1.016039153391348066e-01
1.016051293819641016e-01
1.016084562152141935e-01
1.016014581049811960e-01
1.016151883887921048e-01
1.016202526593553007e-01
1.016090853349777001e-01
1.016121848604921996e-01
1.016169624064721944e-01
1.016107126228085050e-01
1.016211974591493955e-01
1.016224875466414934e-01
1.016286917313497934e-01
1.016417266344375042e-01
1.016388933957375063e-01
1.016408683352587050e-01
1.016523053055530951e-01
1.016428227416962954e-01
1.016402205920511059e-01
1.016397231905823983e-01
1.016474621071234985e-01
1.016512754917786032e-01
1.016625409196050961e-01
1.016687339597133061e-01
1.016637317404170959e-01
1.016670885784455997e-01
1.017034635804883042e-01
1.016822506098895990e-01
1.016661526379055019e-01
1.016941571257432980e-01
1.016966525571372931e-01
1.016898426909574049e-01
1.016537858080203000e-01
1.016801781414646971e-01
1.016767809786704030e-01
1.016890107354455064e-01
