7.515932542955830464e-02
7.595020452000070255e-02
7.672211876358239757e-02
7.738847071793940324e-02
7.802723639247230447e-02
7.869957318215349551e-02
7.941447374189600228e-02
8.010873451715200266e-02
8.086585414391619930e-02
8.157359189341749361e-02
8.215633559272239594e-02
8.277094350677140222e-02
8.332171548951819440e-02
8.392887682181300602e-02
8.461517126346780604e-02
8.523769033806710693e-02
8.587635979938310071e-02
8.641477590420920674e-02
8.703839160172770206e-02
8.760427988642470465e-02
8.810457244661300258e-02
8.881778597329299807e-02
8.945728045746539903e-02
9.005659921241289390e-02
9.046135587091359842e-02
9.104259244319329314e-02
9.170419813435279344e-02
9.216691948841769511e-02
9.264640136917770552e-02
9.334945453220630518e-02
9.383825382822100214e-02
9.435666750505120048e-02
9.479231781504039722e-02
9.535663901751649518e-02
9.583336861961340436e-02
9.630114136899470267e-02
9.675205689056899649e-02
9.738530624369780286e-02
9.787896826350510338e-02
9.825523612038150612e-02
9.873186324593459517e-02
9.928653315087170028e-02
9.976340849027419411e-02
1.003024035999033059e-01
1.008364013984411056e-01
1.012671096977282026e-01
1.015487959544441043e-01
1.019420756550914048e-01
1.022576758557082049e-01
1.027303541683236981e-01
1.031245240389170037e-01
1.035207871359323933e-01
1.037941074544145026e-01
1.041177941346141944e-01
1.043966251558581942e-01
1.047931543883196953e-01
1.051293947463615985e-01
1.055302639819822030e-01
1.058279969621089972e-01
1.060322954730135020e-01
1.063692534944482987e-01
1.066591103453510964e-01
1.068980829707265046e-01
1.070986017685927050e-01
1.074945699468751042e-01
1.076357324004276056e-01
1.080394843030746954e-01
1.083751820466987009e-01
1.085728555990140010e-01
1.087543797377129029e-01
1.090543130934450017e-01
1.091472243885406035e-01
1.094111027946266940e-01
1.098305187401844990e-01
1.100154056663883023e-01
1.101800036723813020e-01
1.103590539176856067e-01
1.104009208897537980e-01
1.106012399147056069e-01
1.108097305204974042e-01
1.110126332902088980e-01
1.112248995420266062e-01
1.113544463046673011e-01
1.115332840584624952e-01
1.117358696067746043e-01
1.119306829908298939e-01
1.122335607946139957e-01
1.122930664509751014e-01
1.123165810104963941e-01
1.124110695439718005e-01
1.124916959705658942e-01
1.124933807978499012e-01
1.125564466893344967e-01
1.127137832135507028e-01
1.127838341468758998e-01
1.128478552691089959e-01
1.129455143214677937e-01
1.130419376957395028e-01
1.131228527273246964e-01
1.132475468480648034e-01
1.132909730004665050e-01
1.133716013892324959e-01
1.134061537381457069e-01
1.134724249028929988e-01
1.135091877175873065e-01
1.135185797566782007e-01
1.135241332774837991e-01
1.135407063168008962e-01
1.135504579528746061e-01
1.135425157411141944e-01
1.135509246456307964e-01
1.135506833900053053e-01
1.135599524121082976e-01
1.135717828099918059e-01
1.135689173658401968e-01
1.135825864195104951e-01
1.135799031048893987e-01
1.135853795306461939e-01
1.135948362846164045e-01
1.135993670397807964e-01
1.136031356045606039e-01
1.136100655102491030e-01
1.136182348791842933e-01
1.136180831019421994e-01
1.136168795758845940e-01
1.136016671929740013e-01
1.135879403739502996e-01
1.135585007468028068e-01
1.135340220312116982e-01
1.134551033506610018e-01
1.134336975985811014e-01
1.134021678921769000e-01
1.133042057687967952e-01
1.132209290434811055e-01
1.131373654906250997e-01
1.130358112071682963e-01
1.129321172057600048e-01
1.128360448229304980e-01
1.127276570881500933e-01
1.126237132006322056e-01
1.125332263249415043e-01
1.123949524606441958e-01
1.123343900237887966e-01
1.122289826795031947e-01
1.121443074775159976e-01
1.120458094437317975e-01
1.119360399122656946e-01
1.118693172452120965e-01
1.117692502614748978e-01
1.116706620905248970e-01
1.115848906528068007e-01
1.114825395007591063e-01
1.113790875971186062e-01
1.112832305519194931e-01
1.111300581710740060e-01
1.109931395197246984e-01
1.108828625563170051e-01
1.107156718964992931e-01
1.106035481841561030e-01
1.104029039085489966e-01
1.102667710372193938e-01
1.101050103958530063e-01
1.099553265091675058e-01
1.097870465637783982e-01
1.096142592221539952e-01
1.094617270694779043e-01
1.093133272849050042e-01
1.091248443333732998e-01
1.089554252746087054e-01
1.087960783254405955e-01
1.086557727764601022e-01
1.084968625850269014e-01
1.082746262896342043e-01
1.081804096248071001e-01
1.079724858087303951e-01
1.078121055524375038e-01
1.076585788624701001e-01
1.074745428246596940e-01
1.072935220195929962e-01
1.071149985652058989e-01
1.069297953197231033e-01
1.067387022629897042e-01
1.065664935005588981e-01
1.063775166178355935e-01
1.061721738500884943e-01
1.059876393036645048e-01
1.058068473966077977e-01
1.056323522999409042e-01
1.054465934960024942e-01
1.053016836573270054e-01
1.050850295012659974e-01
1.049265459972010955e-01
1.047464888853058967e-01
1.045704195875333947e-01
1.043875909865605023e-01
1.042124705977888061e-01
1.040272568635983025e-01
1.038365908495220979e-01
1.036603891414212969e-01
1.034611888173795069e-01
1.033205543288272937e-01
1.030966172363369932e-01
1.029115517203281066e-01
1.027263538352858052e-01
1.025394907225421065e-01
1.023885125445986033e-01
1.021774222081785061e-01
1.019962488570863024e-01
1.018377716097935010e-01
1.016195074304496043e-01
1.014693157635472992e-01
1.013206366255750973e-01
1.011114169102227955e-01
1.009514044599968963e-01
1.007885826008620006e-01
1.006259239543411954e-01
1.004656635353664007e-01
1.003149760334312024e-01
1.001517420824216964e-01
1.000012632779374022e-01
9.984593609995980057e-02
9.971193133819690468e-02
9.955574207796880071e-02
9.941703252184169726e-02
9.927022106118650602e-02
9.913802092897459894e-02
9.900669509911480537e-02
9.886988459376079563e-02
9.874204411778389479e-02
9.862494498086239736e-02
9.846272023185760613e-02
9.835462142985129663e-02
9.822895894641789361e-02
9.811256461278010377e-02
9.798908569065520324e-02
9.788413240315860242e-02
9.776373012148920072e-02
9.765562369312709434e-02
9.753366386306150382e-02
9.743303061311819890e-02
9.732806772572699661e-02
9.719994240385830542e-02
9.710020283547350639e-02
9.703333371940310592e-02
9.690167421802599323e-02
9.682588631152219683e-02
9.674240620769609944e-02
9.666209743061120185e-02
9.658303738652319892e-02
9.648801879969590156e-02
9.641579031723269966e-02
9.633874431763529700e-02
9.623938715949910405e-02
9.617626310031590631e-02
9.610443159372999977e-02
9.607576405642770379e-02
9.600400937961670045e-02
9.595317432079759901e-02
9.590063386627850628e-02
9.583758977949949354e-02
9.578724595146069498e-02
9.575451135827159344e-02
9.569388946437150378e-02
9.568041640492569444e-02
9.560442082432489552e-02
9.560811503484030471e-02
9.557549180414000312e-02
9.554168868308629547e-02
9.549978980069090406e-02
9.548124885576679544e-02
9.546298074096229436e-02
9.540946622455759307e-02
9.542445627076399928e-02
9.539673799842900148e-02
9.538566575994360253e-02
9.535080984939109383e-02
9.532924150143179398e-02
9.535882373290610614e-02
9.535321456529979867e-02
9.536109051982930018e-02
9.530648056856250161e-02
9.532019031738669934e-02
9.536579729469500666e-02
9.537457112786300317e-02
9.538627271317839940e-02
9.540496287497990391e-02
9.539787898713220082e-02
9.545413708277490639e-02
9.547019273616390300e-02
9.546519057318030022e-02
9.548512899623129435e-02
9.551517208037629825e-02
9.558036732272509606e-02
9.561174296622129698e-02
9.564492777404540180e-02
9.569677490435950229e-02
9.573150785481329694e-02
9.577389045721039496e-02
9.584507350048600272e-02
9.586974879069209976e-02
9.595986812025640578e-02
9.602328227071549316e-02
9.607783051483290149e-02
9.612230149172709681e-02
9.618550244702439578e-02
9.625932604231049461e-02
9.631458002337639490e-02
9.639982417012710192e-02
9.646288363845050007e-02
9.653270112863690522e-02
9.659284648984879651e-02
9.664853180240159936e-02
9.674113112869850428e-02
9.683882186241400680e-02
9.691053940539540168e-02
9.698751960293050534e-02
9.702845170447579881e-02
9.713345026589380315e-02
9.722749749531220398e-02
9.731098382335340302e-02
9.735926821402500486e-02
9.743901837500769381e-02
9.754358422590370115e-02
9.765259474539379758e-02
9.775335464567880273e-02
9.783984176197230154e-02
9.794553953564349991e-02
9.804423792292679685e-02
9.812913327670240438e-02
9.820954792572110514e-02
9.830268395335109433e-02
9.840545449392550104e-02
9.850345020004340479e-02
9.860186836187620485e-02
9.870264537332749943e-02
9.879588995480230451e-02
9.888550528571669884e-02
9.898592865419160447e-02
9.907365918340499400e-02
9.916959861258430042e-02
9.926760360024840246e-02
9.935899295853610480e-02
9.944686648315359534e-02
9.953909297158319847e-02
9.964559035685849331e-02
9.972897668956709483e-02
9.982018101130979426e-02
9.991848940153490177e-02
9.999867024609250532e-02
1.001019150019334947e-01
1.001983174444172064e-01
1.002975862629164050e-01
1.003845661571022979e-01
1.004669465323548977e-01
1.005607916208322988e-01
1.006642246619114944e-01
1.007567644308789007e-01
1.008541438365082032e-01
1.009376473887127063e-01
1.010143338597388057e-01
1.011290808343670022e-01
1.011717600777237019e-01
1.012900680707995021e-01
1.013405411359128983e-01
1.014424239879446049e-01
1.015354092516237983e-01
1.015802276242584040e-01
1.016847535644360007e-01
1.017185366224836046e-01
1.018305996368281952e-01
1.019178850107782947e-01
1.019990281778107022e-01
1.020660046240454005e-01
1.021075023409464960e-01
1.021723642734247012e-01
1.022552688275664978e-01
1.023126271143886962e-01
1.023749037870693018e-01
1.024674761740791973e-01
1.025542867866370000e-01
1.025970331791293960e-01
1.026592143908055949e-01
1.027001442607891057e-01
1.027731188896214010e-01
1.028338423779201066e-01
1.029050207949726015e-01
1.029467532875675967e-01
1.030212147976135029e-01
1.030654768769194984e-01
1.031137556280025958e-01
1.031725485781295054e-01
1.032102486981957001e-01
1.032760742062761999e-01
1.033246532045306032e-01
1.033577681218512956e-01
1.034157383638330957e-01
1.034568218937333001e-01
1.035081530625499013e-01
1.035455146068374049e-01
1.035819565313376989e-01
1.036184277723782993e-01
1.036619626498913038e-01
1.036886891070454009e-01
1.037233672851748945e-01
1.037534778945465030e-01
1.037857829507656954e-01
1.038398752810676950e-01
1.038854644388460952e-01
1.039465855434491964e-01
1.039739903731344006e-01
1.039653670313444994e-01
1.040724949536138977e-01
1.040616545932891990e-01
1.041174836077962962e-01
1.041557492502536986e-01
1.041372491654559002e-01
1.041464768859096945e-01
1.041370973136725026e-01
1.041486440019867982e-01
1.041449388470573056e-01
1.041469439864936009e-01
1.041599792900255034e-01
1.041459461202044051e-01
1.041520952609587963e-01
1.041375651888581944e-01
1.041556727020236939e-01
1.041439665099448963e-01
1.041201092028788966e-01
1.041329793548402965e-01
1.041061823923823959e-01
1.041035804673692000e-01
1.040967529457289958e-01
1.040925142522492047e-01
1.040728930955765047e-01
1.040708323930747969e-01
1.040272686071630065e-01
1.040380875087097007e-01
1.040014022745670008e-01
1.040075175357751958e-01
1.039506917776692047e-01
1.039406150464455975e-01
1.039317974586456000e-01
1.038709657735071984e-01
1.038120149912817036e-01
1.037833380163225017e-01
1.037575625847722005e-01
1.037108840254513942e-01
1.036579811578526022e-01
1.036058766542701931e-01
1.035751374429973032e-01
1.035341835012417999e-01
1.034552137709535968e-01
1.034061780445190010e-01
1.033515609434759036e-01
1.032880961831955935e-01
1.032504928354908980e-01
1.031791477119344963e-01
1.031186766303358038e-01
1.030642963933375011e-01
1.029754900486730962e-01
1.029413153511515022e-01
1.028593489028975932e-01
1.027890391413757015e-01
1.027180117089588063e-01
1.026568354899024954e-01
1.025753077006659048e-01
1.024931385048515053e-01
1.024382832045635933e-01
1.023714468682444950e-01
1.022767257500411947e-01
1.022205034609949964e-01
1.021245752221822956e-01
1.020574616779215960e-01
1.019780779479624033e-01
1.019043108057807040e-01
1.018217741860194953e-01
1.017567576302614990e-01
1.016641927987499971e-01
1.015882473801651004e-01
1.015011502536169036e-01
1.014365861420029047e-01
1.013598506248428038e-01
1.012864717992798952e-01
1.012025681978929031e-01
1.011159616763891989e-01
1.010480903005368941e-01
1.009791985747870019e-01
1.009050157282607996e-01
1.008472272055982027e-01
1.007661902980433039e-01
1.007010011536297045e-01
1.006267864767205061e-01
1.005430689421717011e-01
1.004839242556881951e-01
1.004106564106849037e-01
1.003422679614539986e-01
1.002729259043075027e-01
1.001933716396021939e-01
1.001330675930307001e-01
1.000862976870404014e-01
1.000055413941360050e-01
9.993587635551029469e-02
9.987653512716659909e-02
9.981185617294099921e-02
9.973555583959950455e-02
9.967965011887949811e-02
9.960793341292620284e-02
9.954966917353250122e-02
9.949368390531500295e-02
9.942764996133539313e-02
9.937019250680760585e-02
9.932595072815079973e-02
9.925398724262260441e-02
9.920878774454909566e-02
9.914404711628629907e-02
9.909785700873489922e-02
9.905177235864319474e-02
9.899156410096859871e-02
9.892803614909059795e-02
9.890292140790399311e-02
9.885072186598049815e-02
9.880641394019600010e-02
9.876575054585190472e-02
9.871960953946840034e-02
9.866921980510459655e-02
9.862196379633719756e-02
9.858790161535720131e-02
9.855159003652129435e-02
9.852255247900429391e-02
9.847443747597460495e-02
9.844144702751850273e-02
9.841730058651260160e-02
9.837245830535269742e-02
9.834093228866550018e-02
9.831671032835599677e-02
9.830238530055110391e-02
9.825681916071969668e-02
9.821782643168279481e-02
9.821467671222369744e-02
9.817062964210959697e-02
9.817155389065709836e-02
9.812388757331620692e-02
9.811146350332310140e-02
9.809276823982170102e-02
9.807571423448689651e-02
9.808292709799569520e-02
9.806740473100100663e-02
9.805444700434380600e-02
9.805225895927399682e-02
9.803910899713000338e-02
9.804203538469689894e-02
9.802584042607420667e-02
9.802950204198050688e-02
9.807070629654389415e-02
9.804999301249249510e-02
9.804699819079769341e-02
9.808905763393370447e-02
9.807051239987160662e-02
9.809330607581770445e-02
9.809665295160009679e-02
9.812673191445389631e-02
9.814396614193990342e-02
9.816788879092060160e-02
9.817642069807290539e-02
9.820228000673779378e-02
9.822274282625190200e-02
9.825685549313309397e-02
9.827510308797790528e-02
9.830377217491380326e-02
9.834652922770159567e-02
9.839808872404680329e-02
9.843539986889600357e-02
9.846643122348980315e-02
9.847897498609090028e-02
9.850317074757390656e-02
9.856124515503880690e-02
9.859606764311060201e-02
9.864814481066129515e-02
9.868777067519300672e-02
9.872054546593420077e-02
9.877773223935390479e-02
9.881832648418199805e-02
9.887658837784739363e-02
9.891036848472539722e-02
9.896267360067860508e-02
9.900871868593350000e-02
9.906386768637640006e-02
9.911906112310810146e-02
9.917113550322320670e-02
9.922635285812900219e-02
9.928689391469920633e-02
9.933788452738910590e-02
9.938951995615100121e-02
9.943452010755539361e-02
9.950078344649940232e-02
9.955717832177220228e-02
9.962887895545979866e-02
9.968425053346910425e-02
9.973769266896009844e-02
9.976967325885760518e-02
9.985380265740459449e-02
9.992017324148859403e-02
9.999467391109620462e-02
1.000513139684325037e-01
1.001027098977405050e-01
1.001794887942090984e-01
1.002444724490803019e-01
1.003132515803626945e-01
1.003904772630363068e-01
1.004544161563501042e-01
1.005183190882936034e-01
1.005769971816081049e-01
1.006459608263626931e-01
1.007333807331395048e-01
1.008010558608286034e-01
1.008627376921353014e-01
1.009434434097545019e-01
1.009926392420174984e-01
1.010465135595397940e-01
1.011435658300474938e-01
1.012041080226664946e-01
1.012571920980059048e-01
1.013279654076480046e-01
1.013895182735363998e-01
1.014524096590541935e-01
1.015060199072217034e-01
1.015615750646153004e-01
1.016130775901327027e-01
1.016799555224291995e-01
1.017280910314103948e-01
1.018168744493496980e-01
1.018558319339555041e-01
1.018896365469218052e-01
1.019308869582428029e-01
1.019606397221163030e-01
1.019750239225841043e-01
1.019876937015342933e-01
1.020178329352054020e-01
1.020580681062644990e-01
1.020983315103475009e-01
1.020915198198417972e-01
1.020775371309450008e-01
1.021322833808998021e-01
1.021495895002531018e-01
1.021382950942768958e-01
1.020149137503029019e-01
1.020779556942918997e-01
1.025206983849067943e-01
1.025584173980605973e-01
1.024869311916375980e-01
1.024926962350277970e-01
1.025091777678381055e-01
1.024844738765152002e-01
1.025323972281852042e-01
1.025667892853362045e-01
1.025854069720491951e-01
1.026290777251400027e-01
1.026935226640726950e-01
1.027547104167706032e-01
1.028305257356997987e-01
1.028982821695048067e-01
1.029418102732370943e-01
1.030088072796335047e-01
1.030564643582534967e-01
1.030985413503869019e-01
1.031260571643496937e-01
1.031487151004358005e-01
1.031777325078954977e-01
1.031894701598523034e-01
1.032120036089371057e-01
1.032272756808483988e-01
1.032328324660244934e-01
1.032666143517067953e-01
1.032641082026490992e-01
1.032760454572848041e-01
1.032928847268455019e-01
1.033033466464112066e-01
1.033093828215815024e-01
1.033238166290326027e-01
1.033306979412863952e-01
1.033294321582378938e-01
1.033320190082381990e-01
1.033325186527672968e-01
1.033441481966804049e-01
1.033672432688132053e-01
1.033681360641609953e-01
1.033677989836991051e-01
1.033734903205343059e-01
1.033622447663458954e-01
1.033705433040237043e-01
1.033674552539774055e-01
1.033720249544829023e-01
1.033735291503139059e-01
1.033842915446387956e-01
1.033776191332441002e-01
1.033892648852097057e-01
1.033787158870538986e-01
1.033857448569620030e-01
1.033852746004556983e-01
1.033863858281194037e-01
1.033850860973482971e-01
1.033929286016484067e-01
1.033856423302886018e-01
1.033880884342650019e-01
1.033798412359832053e-01
1.033783142947535955e-01
1.033757571126219937e-01
1.033782221538503965e-01
1.033670033908747066e-01
1.033622454353824993e-01
1.033534862507687058e-01
1.033577979310698058e-01
1.033509601464699945e-01
1.033449537718885980e-01
1.033469807081593972e-01
1.033567396060797033e-01
1.033560830773772032e-01
1.033233289739104999e-01
1.033190499974911969e-01
1.033235367271382044e-01
1.033245560120659018e-01
1.033283617461999981e-01
1.033132437364002038e-01
1.033079384662426992e-01
1.033155634956119950e-01
1.032912834571611954e-01
1.032886417512600963e-01
1.032803418000794032e-01
1.032675458308188049e-01
1.032825144418379054e-01
1.032592030566345936e-01
1.032434549310169980e-01
1.032347199520626951e-01
1.032348988843523052e-01
1.032044565483383053e-01
1.032062058075922939e-01
1.031794712812235948e-01
1.031425468655232935e-01
1.031274148974480054e-01
1.031138343641151978e-01
1.030802846046988963e-01
1.030597692786884984e-01
1.030263882207056031e-01
1.029816793074405934e-01
1.029688284167839946e-01
1.029471190691193944e-01
1.029129852785335975e-01
1.028722529057289059e-01
1.028501796622034031e-01
1.028138150125700034e-01
1.027806761836562999e-01
1.027477056223291968e-01
1.027076862881492053e-01
1.026627120607551957e-01
1.026309193323353963e-01
1.025952593848726974e-01
1.025561403520953985e-01
1.025251721591746989e-01
1.024753411051615992e-01
1.024339073184064031e-01
1.024015463348589006e-01
1.023419796238932006e-01
1.023032811091935945e-01
1.022682920683040952e-01
1.022301848339021990e-01
1.021875546015840047e-01
1.021467050393306958e-01
1.021021562711739022e-01
1.020666718568121051e-01
1.019970522760581949e-01
1.019896259524115945e-01
1.019446657005747964e-01
1.019062350726124971e-01
1.018657307524444972e-01
1.018107962030305041e-01
1.017794529345780047e-01
1.017292061366557032e-01
1.017160231927825981e-01
1.016192904728896035e-01
1.016358719656107051e-01
1.015738719916725041e-01
1.015195838234547038e-01
1.014899853682524056e-01
1.014356506433870958e-01
1.014052384506908960e-01
1.013731806380647055e-01
1.013386603275960030e-01
1.012937300517170042e-01
1.012258867668310997e-01
1.012103337364653050e-01
1.011187885874021003e-01
1.011314801420353932e-01
1.010544334312108994e-01
1.010134274314977015e-01
1.009749148363448951e-01
1.009487566418699050e-01
1.008713346446275944e-01
1.008806604855221056e-01
1.008130148424950939e-01
1.007800428415571020e-01
1.007570388262602062e-01
1.007157665471013069e-01
1.006838117303524988e-01
1.006292685287003968e-01
1.006113330866388045e-01
1.005632669041015975e-01
1.005468258080243066e-01
1.005069379663038054e-01
1.004634620619351965e-01
1.004334583705033951e-01
1.004096076614713062e-01
1.003658622522899946e-01
1.003468625604443942e-01
1.002697426406316955e-01
1.002711639930763954e-01
1.002490197026487950e-01
1.001831699013027988e-01
1.001921838356572003e-01
1.001507576534129001e-01
1.001153098143802989e-01
1.000748157357668061e-01
1.000724644444938999e-01
1.000350602730020050e-01
1.000286819261874960e-01
1.000051025983585001e-01
9.999804937105730152e-02
9.990569829714210370e-02
9.991734632186810572e-02
9.991293745474839894e-02
9.990704837002180316e-02
9.985822812109730606e-02
9.985332856169519544e-02
9.981950509593649767e-02
9.976129982745339519e-02
9.977874395806929364e-02
9.978212724603810480e-02
9.977243055565500340e-02
9.976312243473549335e-02
9.971210446014440454e-02
9.973406166243960203e-02
9.969043938915089775e-02
9.969405872975879712e-02
9.965988075773639376e-02
9.967851720832439366e-02
9.964928373502579539e-02
9.961292922373840564e-02
9.963126267064720265e-02
9.961319514644620399e-02
9.962278659548640114e-02
9.958119645698890188e-02
9.960515350139380331e-02
9.954839609138040057e-02
9.958444069932829990e-02
9.953714754662659758e-02
9.955100297516850105e-02
9.953165650869059966e-02
9.955665129642329858e-02
9.951498401898800639e-02
9.953507635417539745e-02
9.951783383979299902e-02
9.948073875673650590e-02
9.947094442233700429e-02
9.948813622481829377e-02
9.948046325695840408e-02
9.947290101588300570e-02
9.947424083934419681e-02
9.944098719889489513e-02
9.943791517233040167e-02
9.942966829383609317e-02
9.941255862444330071e-02
9.942206404988229718e-02
9.940468410072339500e-02
9.939119330094260685e-02
9.941706384132420471e-02
9.937480397713190083e-02
9.937613931977369586e-02
9.937087323330090483e-02
9.935993623018110621e-02
9.938751355283000077e-02
9.937913778844509327e-02
9.933981947814410352e-02
9.936089004383280576e-02
9.931850567015060305e-02
9.931446444139190033e-02
9.932447416836419352e-02
9.933007979898030027e-02
9.930429970636020509e-02
9.930201711431040079e-02
9.928244434983619915e-02
9.928078747198260112e-02
9.925796010687970572e-02
9.924121358596670051e-02
9.926539009860430030e-02
9.925873232657850265e-02
9.923426758438140538e-02
9.924986025525900368e-02
9.920578571035490456e-02
9.920159906855470500e-02
9.918430474422210152e-02
9.918167265566860125e-02
9.915974892504700322e-02
9.918817350220129891e-02
9.915637125579600253e-02
9.917404142960900559e-02
9.913361184311300645e-02
9.913497610786220493e-02
9.912376209927240001e-02
9.916316781872949737e-02
9.912652448867499688e-02
9.915439059355479756e-02
9.912378450832319554e-02
9.910414406129050557e-02
9.912665405612010316e-02
9.908307377504270430e-02
9.908528559317170137e-02
9.908184160840420585e-02
9.912040725324219870e-02
9.911107776656159773e-02
9.909566981486669923e-02
9.910637624046589322e-02
9.910339292955450130e-02
9.908011406365289930e-02
9.908557381112559348e-02
9.909370935872689745e-02
9.911731408569869617e-02
9.912424556453379443e-02
9.914225269762280690e-02
9.910400247851250399e-02
9.909953849668849679e-02
9.912047474193909358e-02
9.914585412393479846e-02
9.913686417538719597e-02
9.913202341167119680e-02
9.915931212420109331e-02
9.917290880714940693e-02
9.920805224296110059e-02
9.917341452687740422e-02
9.920221527443330578e-02
9.917486861285219890e-02
9.920972869053110155e-02
9.921189579231970423e-02
9.921442303043970234e-02
9.926459507911769564e-02
9.925376944038530325e-02
9.929954406975359527e-02
9.928901944004239755e-02
9.931905608287329434e-02
9.933689533812109507e-02
9.933845672602799326e-02
9.935149522050089332e-02
9.937310183843800493e-02
9.937592055074340180e-02
9.936136649364299411e-02
9.940824535572960474e-02
9.944115556103119702e-02
9.945813232465609832e-02
9.947276752513560527e-02
9.946346647326849422e-02
9.948587754408930173e-02
9.948060659954199858e-02
9.951597308470039316e-02
9.955486269750819794e-02
9.958781715159929770e-02
9.960555785456359779e-02
9.961988865993290365e-02
9.967290212357439450e-02
9.967911055743210180e-02
9.970249303235470539e-02
9.972328948567420193e-02
9.976017641912289513e-02
9.977748264645740217e-02
9.980671885256639508e-02
9.981807804044050270e-02
9.986937386337750577e-02
9.988541833824070293e-02
9.991607414631330231e-02
9.994489784678090016e-02
9.996369352893050286e-02
1.000178635274868028e-01
1.000453434643688994e-01
1.000490056966408942e-01
1.000905878697467000e-01
1.001246140908854942e-01
1.001506874424908933e-01
1.001475978725929056e-01
1.001818209077472988e-01
1.002411145168578960e-01
1.002527657678355943e-01
1.003128004370525961e-01
1.003200048341460066e-01
1.003787765502004992e-01
1.004100877782756057e-01
1.004648961116030997e-01
1.004678459157992976e-01
1.005206871670589058e-01
1.005158959642535044e-01
1.005781759338583992e-01
1.006159731583792932e-01
1.006358636643099047e-01
1.006760035071178061e-01
1.007056520888121032e-01
1.007243129785078961e-01
1.007439879627177043e-01
1.007775177839801972e-01
1.008122796609108029e-01
1.008335301875615958e-01
1.008652234003474951e-01
1.008756335771730933e-01
1.008797780079964956e-01
1.009097091137896030e-01
1.009128752286719971e-01
1.009238654300759069e-01
1.009438178687450949e-01
1.010040624602701054e-01
1.009749411060835017e-01
1.010793604206377955e-01
1.010633198288607981e-01
1.011464835754873060e-01
1.011946387000249026e-01
1.012397236571746933e-01
1.012425711634370035e-01
1.012976483382359016e-01
1.013079627372422964e-01
1.013184230549773052e-01
1.013019491822726020e-01
1.013520600178065001e-01
1.013682687926460019e-01
1.013906899410313978e-01
1.013792819251170957e-01
1.014138678595424004e-01
1.014785477755378029e-01
1.015852051703305947e-01
1.016736442765972942e-01
1.017437725352005051e-01
1.017943853332799048e-01
1.018390339376370052e-01
1.018773377035658984e-01
1.019253137372684026e-01
1.019469527327575009e-01
1.019897666942373021e-01
1.020170524940325063e-01
1.020553969883938039e-01
1.020704409274452995e-01
1.020955095470650054e-01
1.021166518390027034e-01
1.021244655808044022e-01
1.021403358890238949e-01
1.021466386039616980e-01
1.021691765666119939e-01
1.021697219862488931e-01
1.021751655610990961e-01
1.021906925745195982e-01
1.022024825970381939e-01
1.022106475735295034e-01
1.022233225792344991e-01
1.022275731823925060e-01
1.022292396974013029e-01
1.022310433948925984e-01
1.022386087183957959e-01
1.022480031476262069e-01
1.022548038327471959e-01
1.022620722840475033e-01
1.022531928046143956e-01
1.022798758365360966e-01
1.022796262626256003e-01
1.022778124507039976e-01
1.022787510997853061e-01
1.022810035459160022e-01
1.022859002417425001e-01
1.022842443146683988e-01
1.022932493316907054e-01
1.022937904000471021e-01
1.022888498944569957e-01
1.022923666706418017e-01
1.022884966072066942e-01
1.022939034193279945e-01
1.022970868907139980e-01
1.023041740348360068e-01
1.023005055281298037e-01
1.023026689432041947e-01
1.023068743692687049e-01
1.023076763164792041e-01
1.023085833246485943e-01
1.023111182513123940e-01
1.023085073226038949e-01
1.023145270352080055e-01
1.023084353002511049e-01
1.023156524073026014e-01
1.023165187923238961e-01
1.023151339783153063e-01
1.023265859389096005e-01
1.023204262401703063e-01
1.023135066799868986e-01
1.023306167915477016e-01
1.023193990204141063e-01
1.023306617668344048e-01
1.023308831978627931e-01
1.023340906625157948e-01
1.023382904406208022e-01
1.023370273490419036e-01
1.023411344035476955e-01
1.023360234530242968e-01
1.023395874185626941e-01
1.023412839273187963e-01
1.023412987380575012e-01
1.023461544786846977e-01
1.023411746130094002e-01
1.023437130139735057e-01
1.023400672288417995e-01
1.023368507186812049e-01
1.023388793925291973e-01
1.023330792923605043e-01
1.023302415479311056e-01
1.023276122635367047e-01
1.023180503057019991e-01
1.023195785793034052e-01
1.023074939896762986e-01
1.023152046841789009e-01
1.023173452039995018e-01
1.023022418702310005e-01
1.023007451601117002e-01
1.023048193284590013e-01
1.023087551048982025e-01
1.022974076097541013e-01
1.022774731293139977e-01
1.022818349097597973e-01
1.022797999823985976e-01
1.022625995530997006e-01
1.022627006700533997e-01
1.022466493565753060e-01
1.022474099475355058e-01
1.022326471171366991e-01
1.022409632556097042e-01
1.022214194540899956e-01
1.022169630343326974e-01
1.021977860849268005e-01
1.021941614516642949e-01
1.022053822216213020e-01
1.021894591287547949e-01
1.021709842828540937e-01
1.021623415656269934e-01
1.021353192815439015e-01
1.021237094745779950e-01
1.021119718659860010e-01
1.020920632814820983e-01
1.020985463913233054e-01
1.020669352993297946e-01
1.020657825145780961e-01
1.020355228611242032e-01
1.020109575101772054e-01
1.020028234883205986e-01
1.019690459243384056e-01
1.019724379045909013e-01
1.019394457634283935e-01
1.019233553291929023e-01
1.019088876684486056e-01
1.018928538800965983e-01
1.018557334535146047e-01
1.018656147436942938e-01
1.018291108144060986e-01
1.018217754487471954e-01
1.017991236218912937e-01
1.017896030390346984e-01
1.017809823409223935e-01
1.017460264162555056e-01
1.017091488702819985e-01
1.017131800499807004e-01
1.016820707271416935e-01
1.016751738350844952e-01
1.016453790642272981e-01
1.016235908702902979e-01
1.015854972985165972e-01
1.015763342533664987e-01
1.015559102390339030e-01
1.015388643909270056e-01
1.015241785398312974e-01
1.015169305770296931e-01
1.014809173244799051e-01
1.014601251636002982e-01
1.014366364987237951e-01
1.014143322712595940e-01
1.014049320775050056e-01
1.013785106144699938e-01
1.013619981972627981e-01
1.013331239408326034e-01
1.013211081877204017e-01
1.012962746269990000e-01
1.012476579052561942e-01
1.012423713841958950e-01
1.012204795743189001e-01
1.012104377827914015e-01
1.011984998613351949e-01
1.011757217303300010e-01
1.011484083013392959e-01
1.011336796352198947e-01
1.011139757074061007e-01
1.011014628173404067e-01
1.010739182827053023e-01
1.010631058032078061e-01
1.010401167512231940e-01
1.010470756541143045e-01
1.010092420801196045e-01
1.010016852751569050e-01
1.009833063093998062e-01
1.009824924997781981e-01
1.009884273453478948e-01
1.009820919002629991e-01
1.009451165798854050e-01
1.009386861494847992e-01
1.009313767883533025e-01
1.009432558902658983e-01
1.008988267376133008e-01
1.008879088493351978e-01
1.008813574864673990e-01
1.008838823369660048e-01
1.008673499011787933e-01
1.008597469692490978e-01
1.008471466251974064e-01
1.008409271392416012e-01
1.008352846056478069e-01
1.008315074981964016e-01
1.008193502822992971e-01
1.008498572946325972e-01
1.008065176888918030e-01
1.008155373348690043e-01
1.008219558289728951e-01
1.008095553716852055e-01
1.007916583781402059e-01
1.008035744162817937e-01
1.007924056803958940e-01
1.008031230948907980e-01
1.007888191430940938e-01
1.007882964003086051e-01
1.008028744682892969e-01
1.007610406369572054e-01
1.007600155135108949e-01
1.007671338096373936e-01
1.007487401514871039e-01
1.007623765349170003e-01
1.007621832999620048e-01
1.007550677673274969e-01
1.007497488352832038e-01
1.007509929969905987e-01
1.007272436452640030e-01
1.007473751251272004e-01
1.007379101096145951e-01
1.007319634293836058e-01
1.007347012491698057e-01
1.007151264676675040e-01
1.007193341608586951e-01
1.007213863996607034e-01
1.007123367934540936e-01
1.007100893866000046e-01
1.007100335567756993e-01
1.007118772769925036e-01
1.006992379164566992e-01
1.006879372115822985e-01
1.006727293530124967e-01
1.006879669414133954e-01
1.006741282983821956e-01
1.006704263419429951e-01
1.006538235648893054e-01
1.006599645770882984e-01
1.006566469251314044e-01
1.006290695211642938e-01
1.006405549831744933e-01
1.006417620764700066e-01
1.006306459614588061e-01
1.005893774925237932e-01
1.005900709878281979e-01
1.006110157613115952e-01
1.006029915778394040e-01
1.006067484485119040e-01
1.005615871231878983e-01
1.005830189648331957e-01
1.005781368542437992e-01
1.005785356123486962e-01
1.005717709378565056e-01
1.005680114861055990e-01
1.005233715401507993e-01
1.005428354037860988e-01
1.005350215449755946e-01
1.005215539122882029e-01
1.005271742703699039e-01
1.004920285730034057e-01
1.005032557823665046e-01
1.004762722720578955e-01
1.004934497289187018e-01
1.004800032245740937e-01
1.004764713776837015e-01
1.004650929921473007e-01
1.004414579022360060e-01
1.004636962708329029e-01
1.004593467301626020e-01
1.004148790904833971e-01
1.004266415777164967e-01
1.004286240723678975e-01
1.004054635766376963e-01
1.004321796055158006e-01
1.004066755113403042e-01
1.004205850140130057e-01
1.003770780299964999e-01
1.003781412971695985e-01
1.003804562279440038e-01
1.003748842196041935e-01
1.003707816904854944e-01
1.003743730002038953e-01
1.003714183742600990e-01
1.003683169746713011e-01
1.003673640427350938e-01
1.003727613723821022e-01
1.003749503589188991e-01
1.003642790039693949e-01
1.003819628803139935e-01
1.003706822003616050e-01
1.003781107079719931e-01
1.003766173466336953e-01
1.003766938045461965e-01
1.003808924618116993e-01
1.004024598048428030e-01
1.004039227405462975e-01
1.004103018230409067e-01
1.004104614423571018e-01
1.004177167288493044e-01
1.004355721588648942e-01
1.004444859635791054e-01
1.004419843198609968e-01
1.004631917121110996e-01
1.004366392060730973e-01
1.004495801047332049e-01
1.004985148463783950e-01
1.004974941547873979e-01
1.004884580440841974e-01
1.004967125584913940e-01
1.004960570239205042e-01
1.005358088745195028e-01
1.005138054599298003e-01
1.005385775137010995e-01
1.005772949786933046e-01
1.005560575600096956e-01
1.005768030730938012e-01
1.005695691995800028e-01
1.005824625662704030e-01
1.005841776182846981e-01
1.005981337718710039e-01
1.006114623793084029e-01
1.006297151709974053e-01
1.006280698687204017e-01
1.006501585583799985e-01
1.006521608370624932e-01
1.006406486638842940e-01
1.006605559042429987e-01
1.006709632193052012e-01
1.006641943764945979e-01
1.006861663686846042e-01
1.007123597596986941e-01
1.007018964827137986e-01
1.007177083655066002e-01
1.007269747064817034e-01
1.007416204011822025e-01
1.007246354567456065e-01
1.007217053447606037e-01
1.007284040777653017e-01
1.007377178111894950e-01
1.007428058988712044e-01
1.007432944404567932e-01
1.007349750817417011e-01
1.007507594500137993e-01
1.007450114083246057e-01
1.007485578174539959e-01
1.007463726256099951e-01
1.007493723535038965e-01
1.007620576288209974e-01
1.007786253148224009e-01
1.007732949206218975e-01
1.007764521893974030e-01
1.007735153949041035e-01
1.007894846373796061e-01
1.007982348876659967e-01
1.007928308827034936e-01
1.007820610876987988e-01
1.008039883057568059e-01
1.007776246284979998e-01
1.008035984419966974e-01
1.007964997791124945e-01
1.008003102365351983e-01
1.007882042370216030e-01
1.008011128639751952e-01
1.008104989190670986e-01
1.008014510851149015e-01
1.008009809891444036e-01
1.007887439763267973e-01
1.008144321531326965e-01
1.008005759631547954e-01
1.008045694429928058e-01
1.007726669130205033e-01
1.007991882335025069e-01
1.007747783090345017e-01
1.007930681886645974e-01
1.007824818265991990e-01
1.007855946303694017e-01
1.007880620665709964e-01
1.007921733550237037e-01
1.007709850950588015e-01
1.007314841440738046e-01
1.007618529491370041e-01
1.007280553113165944e-01
1.007250043803984974e-01
1.007137405275728981e-01
1.006914863871419957e-01
1.007247763861569972e-01
1.007054815686597993e-01
1.006811704941260044e-01
1.006868074776024052e-01
1.006776212017441996e-01
1.006726666757034039e-01
1.006632822764216978e-01
1.006586235123761025e-01
1.006490527525551043e-01
1.006531151165828003e-01
1.006325930994756007e-01
1.006343175155511999e-01
1.006514044060877050e-01
1.006288532516683987e-01
1.006155141712063994e-01
1.006289457948301991e-01
1.006049356595320049e-01
1.006034507597313027e-01
1.005986907314831980e-01
1.005987618065476014e-01
1.005945227973074063e-01
1.005855806328447982e-01
1.005820977757932999e-01
1.005600996848124012e-01
1.005632444007831944e-01
1.005626991938479015e-01
1.005577487089902994e-01
1.005578941020014022e-01
1.005549731604427066e-01
1.005469648154778961e-01
1.005521505310967012e-01
1.005751537400595003e-01
1.005434290010566029e-01
1.005531881835718955e-01
1.005444393083999993e-01
1.005414287852220007e-01
1.005403752584245053e-01
1.005504927319307018e-01
1.005450072031310038e-01
1.005411188082938057e-01
1.005768255096679969e-01
1.005497179390032053e-01
1.005591983404043044e-01
1.005604822687534983e-01
1.005647772826264025e-01
1.005687116118628016e-01
1.005823526383108069e-01
1.005894224500469003e-01
1.005908909775447002e-01
1.006018732746726957e-01
1.006191804230110037e-01
1.006138844742751060e-01
1.006222044046972963e-01
1.006250624350983058e-01
1.006223897889458041e-01
1.006445032132508022e-01
1.006480765362682966e-01
1.006753083183015013e-01
1.006693203952668952e-01
1.006810327325808052e-01
1.006981869136014951e-01
1.007097651917654990e-01
1.007600581372298937e-01
1.007889520820399037e-01
1.008084515756274002e-01
1.007713614816062031e-01
1.008075848224549986e-01
1.007702095513139939e-01
1.007940488944453067e-01
1.007868109325788936e-01
1.007820675919575970e-01
1.007949418594628055e-01
1.007745873160857952e-01
1.007664039206163931e-01
1.007662035655761956e-01
1.007743586081343984e-01
1.007555413140309025e-01
1.007302994451234057e-01
1.007268838027470942e-01
1.007269651929925958e-01
1.007173539308001964e-01
1.007148650459040035e-01
1.007098507450546049e-01
1.007086737968322931e-01
1.007194223373669983e-01
1.007262364529443038e-01
1.007414324534632033e-01
1.007617314140973053e-01
1.007865375200505953e-01
1.008172910685252999e-01
1.008475850039414062e-01
1.008872287977291976e-01
1.009095454860781949e-01
1.009452477472375931e-01
1.009826643037950999e-01
1.010165039894903027e-01
1.010511022997900021e-01
1.010735719695060042e-01
1.011225446127634042e-01
1.011498328161779953e-01
1.011923625536804983e-01
1.012150084178369963e-01
1.012474694712656997e-01
1.012789470610163944e-01
1.013008917800364006e-01
1.013329512806254995e-01
1.013637704678510970e-01
1.013967580542921021e-01
1.014211405385914977e-01
1.014517976314937980e-01
1.014669823966403012e-01
1.014940901709571047e-01
1.014950894845669943e-01
1.015282841958927984e-01
1.015303669723969932e-01
1.015603497210463974e-01
1.015722298626380998e-01
1.015849357675260023e-01
1.015948121156888956e-01
1.016153369210884005e-01
1.016212015737934932e-01
1.016372721076270053e-01
1.016533787087289947e-01
1.016512852939751993e-01
1.016715922822205992e-01
1.016722081164363051e-01
1.016915946203438975e-01
1.016935038255870061e-01
1.016975724967437988e-01
1.017190400967837027e-01
1.017195914888243957e-01
1.017269053382122007e-01
1.017384219380881999e-01
1.017415802168990940e-01
1.017528943546697068e-01
1.017482672818351974e-01
1.017566902906237025e-01
1.017657870419764049e-01
1.017625424827073993e-01
1.017761748813768019e-01
1.017743731163563009e-01
1.017732936090750967e-01
1.017763377946776931e-01
1.017805964044312950e-01
1.017841303573119999e-01
1.017881610455028951e-01
1.017949365808333978e-01
1.018003248576691971e-01
1.017947791506604027e-01
1.018009758968451972e-01
1.018016234252360069e-01
1.018082640214770934e-01
1.018000979452302057e-01
1.018036426929137955e-01
1.017941785794810039e-01
1.017935897924338029e-01
1.017995552655868996e-01
1.017924982996720046e-01
1.017928028699477960e-01
1.017940595971210949e-01
1.017937114582225938e-01
1.017915397414578954e-01
1.017889611639793968e-01
1.017826295509322992e-01
1.017801226109276008e-01
1.017827177393991062e-01
1.017865544701073988e-01
1.017756971596447957e-01
1.017615601560092065e-01
1.017623603643929980e-01
1.017686203436534015e-01
1.017725188802859060e-01
1.017519329760445956e-01
1.017538204959227977e-01
1.017675549265378981e-01
1.017553826137957002e-01
1.017361552392245932e-01
1.017274005775412049e-01
1.017219188347686931e-01
1.017152442938230039e-01
1.017046279506629985e-01
1.016949757356643974e-01
1.016879858621338034e-01
1.016840391241884967e-01
1.016681531310513059e-01
1.016721632351189064e-01
1.016526192205070983e-01
1.016515602017254022e-01
1.016334463513666048e-01
1.016220317815627050e-01
1.016155528382094997e-01
1.016036526853509037e-01
1.015793353969793034e-01
1.015723967869262001e-01
1.015502631804143935e-01
1.015387257936180981e-01
1.015174584151908033e-01
1.015071893341445014e-01
1.014738785758197009e-01
1.014632104133576934e-01
1.014405479242764946e-01
1.014313758050501973e-01
1.014071285977774933e-01
1.013869567254852000e-01
1.013647289357244019e-01
1.013540227373957991e-01
1.013065676577732943e-01
1.012805456849450031e-01
1.012737675955389938e-01
1.012401531144501987e-01
1.012141366945741999e-01
1.011947653845817058e-01
1.011760047506411048e-01
1.011578750740655952e-01
1.011380687885252011e-01
1.011135379128973028e-01
1.010916444984896051e-01
1.010400377201657041e-01
1.010559377604561965e-01
1.010103448761102002e-01
1.010265308548668056e-01
1.009949280106473973e-01
1.009870345007600062e-01
1.009717824434603062e-01
1.009524306568001933e-01
1.009253923651872026e-01
1.009184952704026972e-01
1.008926346709214938e-01
1.008653980041890053e-01
1.008678792401103974e-01
1.008543658907915946e-01
1.008326225738199050e-01
1.008377723165261031e-01
1.008268336183120034e-01
1.008152170100443945e-01
1.008052687132466041e-01
1.007906803414029967e-01
1.007898223270111970e-01
1.007795607225775020e-01
1.007733675030570986e-01
1.007648498011223942e-01
1.007547938445219060e-01
1.007500868586148068e-01
1.007418828877671008e-01
1.007422473359912002e-01
1.007383876218793939e-01
1.007275391216343047e-01
1.007220017795460026e-01
1.007254891723814022e-01
1.007264599489628015e-01
1.007281330628798932e-01
1.007221868885578020e-01
1.007257134980986957e-01
1.007291799221051026e-01
1.007289763849698039e-01
1.007278997033237006e-01
1.007253273450108982e-01
1.007281350732203984e-01
1.007250274171339055e-01
1.007358183114778066e-01
1.007375890930791995e-01
1.007389897112323934e-01
1.007449993401303978e-01
1.007487510204315984e-01
1.007496245750200969e-01
1.007592053753226941e-01
1.007630647049062994e-01
1.007755265783755044e-01
1.007710795278753957e-01
1.007779696086519017e-01
1.007930097928085994e-01
1.007834147733119023e-01
1.007901116147306014e-01
1.007979187820551986e-01
1.008040033188803003e-01
1.008221456184317938e-01
1.008093412120242005e-01
1.008086840211954993e-01
1.008193098168854995e-01
1.008387394874199067e-01
1.008272481389500957e-01
1.008206509408693941e-01
1.008423785660010064e-01
1.008474108070290948e-01
1.008511599669448949e-01
1.008502852436350961e-01
1.008568451162392965e-01
1.008644515648725037e-01
1.008701417125865002e-01
1.008701744323896032e-01
1.008655109262303062e-01
1.008746308954519000e-01
1.008719238888587943e-01
1.008769834130783943e-01
1.008891838887100018e-01
1.008805320323842986e-01
1.008852218471757989e-01
1.008982359085385944e-01
1.008905034600287992e-01
1.008998122275848036e-01
1.008969548166600977e-01
1.008918249837680026e-01
1.008977388957985055e-01
1.008849449393658948e-01
1.009053707668809974e-01
1.009064837303536022e-01
1.009041291987368971e-01
1.009197934723009976e-01
1.009187722186288966e-01
1.009231396114271956e-01
1.009052045735460978e-01
1.009173037171837012e-01
1.009092331513063989e-01
1.009093710057057947e-01
1.009190710249903977e-01
1.009143865399563939e-01
1.009154239886824039e-01
1.009130991535743954e-01
1.009202660109942001e-01
1.009223007408169004e-01
1.009133972761040998e-01
1.009169301528158036e-01
1.009236421835743996e-01
1.009276051891161985e-01
1.009371822579791939e-01
1.009216436324217037e-01
1.009279311533276963e-01
1.009331552105019042e-01
1.009246115269660932e-01
1.009259468733022941e-01
1.009228361166035065e-01
1.009276920849743048e-01
1.009173920266804025e-01
1.009285570556576056e-01
1.009094210944150027e-01
1.009440127657952047e-01
1.009425265823677004e-01
1.009417647896885956e-01
1.009378010211911952e-01
1.009401662412181960e-01
1.009370641931238988e-01
1.009435978536781936e-01
1.009337311736864945e-01
1.009387000138543961e-01
1.009485726973654990e-01
1.009420589136762053e-01
1.009490965266436058e-01
1.009528797942472050e-01
1.009450845689732063e-01
1.009500311079434970e-01
1.009466699947493967e-01
1.009383908049097944e-01
1.009495812117630065e-01
1.009613622063911947e-01
1.009543246907208952e-01
1.009647050256549938e-01
1.009626931913921027e-01
1.009599148648118033e-01
1.009623663723254045e-01
1.009597636707035978e-01
1.009615268067813043e-01
1.009621420443344991e-01
1.009509214558678009e-01
1.009500961887653953e-01
1.009525989123215978e-01
1.009733273622115957e-01
1.009595054705449968e-01
1.009550624941683017e-01
1.009576910203680011e-01
1.009598064495309949e-01
1.009611791960241950e-01
1.009452585307037964e-01
1.009589876814988019e-01
1.009385859172608063e-01
1.009300515272093940e-01
1.009507616193652951e-01
1.009396657876309999e-01
1.009291499399437020e-01
1.009155000604475966e-01
1.009199540126897027e-01
1.009229895641906988e-01
1.009175398284538061e-01
1.009105101646476932e-01
1.009173233122435953e-01
1.009080261909972992e-01
1.008964284939763978e-01
1.008929478698891019e-01
1.008871482654350032e-01
1.008871588801940056e-01
1.008845677931318047e-01
1.008758249431566945e-01
1.008731128922547016e-01
1.008719641924955973e-01
1.008572846907904996e-01
1.008564555495067988e-01
1.008482142872992038e-01
1.008454089827077044e-01
1.008284173425575969e-01
1.008341065656550989e-01
1.008267187608041932e-01
1.008236182592650992e-01
1.008174532942532065e-01
1.008157924694313007e-01
1.008069242821943989e-01
1.008003914925172939e-01
1.008047487805794062e-01
1.007915305150357960e-01
1.007863460596597066e-01
1.007734745246942065e-01
1.007780699478617037e-01
1.007751655879313007e-01
1.007742539970429979e-01
1.007713598220810053e-01
1.007572660685142063e-01
1.007737217627732995e-01
1.007758308699937960e-01
1.007594840614326054e-01
1.007528640599812952e-01
1.007661128119392985e-01
1.007388056846043045e-01
1.007480971676156939e-01
1.007455240188974005e-01
1.007550163590821973e-01
1.007409521899926969e-01
1.007485560666366992e-01
1.007444446174387970e-01
1.007433245210517941e-01
1.007402834426363025e-01
1.007505864271514007e-01
1.007445369275603991e-01
1.007471995526365988e-01
1.007467879745576056e-01
1.007503208472702999e-01
1.007453634249808050e-01
1.007428418428362032e-01
1.007454922033585026e-01
1.007436988763235064e-01
1.007460531956436978e-01
1.007416983492658014e-01
1.007432230007563045e-01
1.007599075987551940e-01
1.007540812957895965e-01
1.007696507432622041e-01
1.007578490882164030e-01
1.007515998132541002e-01
1.007587006849432060e-01
1.007533873041498024e-01
1.007854804022583067e-01
1.007601269655793996e-01
1.007506385293877038e-01
1.007804642535315015e-01
1.007595722252736942e-01
1.007626918471857952e-01
1.007704201839673963e-01
1.007945910473299067e-01
1.007998828503833960e-01
1.007695030154107940e-01
1.007964594575869038e-01
1.007952023298337996e-01
1.007884019650381047e-01
1.007919251565086993e-01
1.007810165606057018e-01
1.008069961139187037e-01
1.007898363599226965e-01
1.007870618340439978e-01
1.008100828632904067e-01
1.008187306889708063e-01
1.008130489191498974e-01
1.008095571476037011e-01
1.008146223369018046e-01
1.008224769421643963e-01
1.008112688942306018e-01
1.008228357589374957e-01
1.008288733489716982e-01
1.008286944018391973e-01
1.008260980129346979e-01
1.008300618067729942e-01
1.008316408679452020e-01
1.008328668965392944e-01
1.008414178399572037e-01
1.008433373988155968e-01
1.008500860531248988e-01
1.008474992700279932e-01
1.008554943882916943e-01
1.008465153945553999e-01
1.008680530684469001e-01
1.008718436262839996e-01
1.008698343801417013e-01
1.008827259318245961e-01
1.008759076234349017e-01
1.008900807133006061e-01
1.008925043356181939e-01
1.008910657191226939e-01
1.009082561843708953e-01
1.008924934994954031e-01
1.009073469788950017e-01
1.009044879867365963e-01
1.009115156150229009e-01
1.009344064120049067e-01
1.009288528198095947e-01
1.009269291156280057e-01
1.009250362722222960e-01
1.009536830887920039e-01
1.009443318571563997e-01
1.009472078363273934e-01
1.009462298166260014e-01
1.009590629384275046e-01
1.009719616684141008e-01
1.009687159262212947e-01
1.009800338861363972e-01
1.009751171481453047e-01
1.009787055059793992e-01
1.009722098407589974e-01
1.009916976609347983e-01
1.009865657124983940e-01
1.009879591440824981e-01
1.009827255577833982e-01
1.009777997733185967e-01
1.010019108873528998e-01
1.009947409076216024e-01
1.009852990941240009e-01
1.009798519239789999e-01
1.009731733949436050e-01
1.009718101537776941e-01
1.009783690401574036e-01
1.009760668098045044e-01
1.009678755644107945e-01
1.009749803694514059e-01
1.009689380392180952e-01
1.009646623314282982e-01
1.009774404886353977e-01
1.009831137520992017e-01
1.009794436842226945e-01
1.009946683212920027e-01
1.009972477820693937e-01
1.010070778952733006e-01
1.010170500719523995e-01
1.010212002917773993e-01
1.010324749450590975e-01
1.010491010323660982e-01
1.010605597077709056e-01
1.010766699733755963e-01
1.010819671308137990e-01
1.011052248898697964e-01
1.011116038466877975e-01
1.011320092144220029e-01
1.011505683981036019e-01
1.011685691493428990e-01
1.011835989495436933e-01
1.012024276386884053e-01
1.012193115178341984e-01
1.012291338781858979e-01
1.012511777663968049e-01
1.012668200174633021e-01
1.012766130535102949e-01
1.012978794273094035e-01
1.013058532583503007e-01
1.013209769388879050e-01
1.013370065571937984e-01
1.013417227537243975e-01
1.013605930493110957e-01
1.013734787562542983e-01
1.013823122954564948e-01
1.013988125338023960e-01
1.014085269027235059e-01
1.014097862591304966e-01
1.014329580376523987e-01
1.014480611873137955e-01
1.014455122801645043e-01
1.014638939828085007e-01
1.014732240964233007e-01
1.014750698396449935e-01
1.014910865376553034e-01
1.014901270862296062e-01
1.015009982216953932e-01
1.015151207591460936e-01
1.015172809723863950e-01
1.015156585008924056e-01
1.015170248655157953e-01
1.015223138815259940e-01
1.015364497883694955e-01
1.015378672114493064e-01
1.015399401968603010e-01
1.015410834254960037e-01
1.015503871363098026e-01
1.015627210400475988e-01
1.015558760473915939e-01
1.015561376205668942e-01
1.015731635310044984e-01
1.015697900562002043e-01
1.015732934858099984e-01
