1.976166920558590778e+00
2.021983695436631479e+00
1.861990592329320293e+00
1.797286079271933623e+00
1.724864965876794276e+00
1.764980793932299452e+00
1.655185378479142599e+00
1.851837305179115933e+00
1.662908563943981788e+00
1.665138827296817725e+00
1.926832569349938185e+00
1.662288373308820066e+00
1.727589308958713765e+00
1.818977779572477083e+00
1.745205162390039089e+00
1.890545689917404681e+00
1.881421705447859249e+00
1.951451114832756017e+00
1.766346169961092283e+00
1.792507342098658363e+00
1.994097199192194525e+00
1.781332742488828780e+00
1.929547955998587971e+00
1.827043238058678520e+00
1.819127775189596008e+00
1.879593273965596056e+00
1.821085423130953229e+00
1.791333769834478007e+00
2.011608413172274901e+00
1.852343573709887670e+00
2.050323055000988326e+00
1.740259845166831854e+00
2.188504398672433737e+00
1.995710429908343908e+00
1.823351066790261932e+00
1.873760373254627742e+00
1.815566118569880594e+00
1.822880506512459364e+00
1.841924819020858584e+00
1.756955730476333466e+00
1.844835702940044841e+00
1.813932841910874005e+00
1.597398576905736167e+00
1.804748488342337698e+00
1.628691213432849949e+00
1.739081577949734392e+00
1.695934859997466848e+00
1.593499444135924703e+00
1.672860311276713752e+00
1.559685507670886651e+00
1.616694929897738220e+00
1.660430573747478489e+00
1.681368342124458515e+00
1.626691309304332034e+00
1.707558696768392670e+00
1.570234414327352335e+00
1.802298415286612387e+00
1.691018403546676874e+00
1.655071730215400549e+00
1.679853301064851312e+00
1.628746115790243199e+00
1.788947999970411651e+00
1.793238616589076129e+00
1.951829661524690174e+00
1.703232906811461778e+00
1.810202092839886534e+00
1.705352705810774472e+00
1.741805998576476222e+00
1.811699765772250892e+00
1.591158602173385006e+00
1.866844746873395078e+00
1.634915693649226176e+00
1.738033982539010314e+00
1.898987011701370964e+00
1.729836457327948329e+00
1.853344702604748484e+00
1.759248699967481677e+00
1.705440584622636591e+00
1.729664288922402759e+00
1.778887806365944124e+00
1.721228658841347459e+00
1.747060464582520511e+00
1.693091238912563190e+00
1.829557419202135993e+00
1.758995850061491062e+00
1.706996607590345993e+00
1.784445502433587460e+00
1.714174696274385346e+00
1.671120312293333576e+00
1.760385142544002912e+00
1.785606858933490360e+00
1.712100880315161611e+00
1.760519527903691150e+00
1.794659787010655760e+00
1.797110314262992947e+00
1.796249849356944983e+00
1.781678122099546568e+00
1.811772084511916514e+00
1.838326369574885266e+00
1.812050167533669986e+00
1.841100931778898664e+00
1.843503955761514490e+00
1.862410632011501921e+00
1.776103257758520515e+00
1.802009243820845930e+00
1.765103686481089618e+00
1.776094639659735908e+00
1.822390533657060274e+00
1.774300654022056944e+00
1.784400977736672278e+00
1.691193310684064643e+00
1.766140754200350882e+00
1.705908534627861073e+00
1.660170085722369127e+00
1.661130397292460037e+00
1.604217618472531415e+00
1.579564009557610893e+00
1.570880027699775194e+00
1.537154063484408084e+00
1.437990986879637889e+00
1.444914173253110334e+00
1.390987643686562025e+00
1.340075839633424915e+00
1.356148690503753196e+00
1.333604450366693950e+00
1.254441756159355048e+00
1.316742781242956184e+00
1.344935274174654527e+00
1.210929766876339242e+00
1.201195333405544519e+00
1.302004693976239746e+00
1.280622703815639918e+00
1.146022134784601354e+00
1.046816051932702329e+00
1.026284775744188860e+00
1.000964691260020079e+00
9.711100275563004924e-01
9.903711300230553238e-01
8.661987427084576474e-01
8.740335249378919924e-01
8.400846980974324696e-01
9.093881583849168226e-01
8.931045773969464863e-01
8.963514763439175415e-01
8.323841281162954742e-01
7.330795487848978942e-01
7.531137494993824788e-01
7.347049912108589709e-01
7.344449099332995834e-01
7.134122757772219936e-01
6.947391352227194616e-01
6.981914633827475125e-01
6.963713210384459007e-01
6.642195381429207846e-01
6.819441897082870740e-01
6.812175667240409904e-01
6.685948310257897598e-01
6.557291361665866791e-01
6.369493579280464113e-01
6.477877478806344236e-01
6.344413487930345985e-01
6.352990657243069439e-01
6.470474719152059517e-01
6.258904627739145798e-01
6.416198914058013347e-01
6.344734963972389341e-01
6.197392991942921592e-01
6.451448003559990818e-01
6.242396473182048044e-01
6.202973724272714540e-01
6.236567268525040619e-01
6.382363416354562835e-01
6.586689957493480074e-01
5.940677897217588876e-01
6.313174209944084625e-01
6.487467118811851563e-01
6.322453651059767310e-01
6.184745443196865144e-01
6.487525638610389667e-01
6.635346464538898204e-01
6.310538945722731219e-01
6.250223330213847683e-01
6.267351019648388366e-01
6.307280064949613019e-01
6.379012149646572372e-01
6.071365300130711073e-01
6.080981278269633750e-01
6.024051656802262844e-01
5.988857753889713642e-01
6.102799095196015378e-01
5.693405145837084902e-01
5.749142395213728829e-01
5.604247358055450823e-01
5.688338708125983967e-01
5.569339354578415335e-01
5.712157707000298235e-01
5.569500968948379871e-01
5.703050714385747844e-01
5.488323951159830294e-01
5.573363755350668747e-01
5.369086654352748234e-01
5.349194186605330525e-01
5.426639345312320728e-01
5.359800703905630570e-01
5.273272221935381143e-01
5.205560750091950961e-01
5.170128367825668203e-01
5.219307893947948696e-01
5.194362492573137979e-01
5.389606284201461373e-01
5.174309023285377229e-01
5.121301908484594545e-01
5.262808375739188582e-01
5.333656818357663809e-01
5.300099076436851631e-01
5.368500634564690177e-01
5.403461863912500940e-01
5.324909763909564386e-01
5.301043661624553760e-01
5.341752774949040106e-01
5.252647738977020975e-01
5.303504299389995014e-01
5.440437625339924477e-01
5.333201930641142674e-01
5.434409821950114683e-01
5.489193486237671227e-01
5.347457141461973151e-01
5.306062119518135667e-01
5.317426254885353476e-01
5.335005049087216955e-01
5.325010627692190468e-01
5.292893805309565325e-01
5.261785385547290694e-01
5.244949451666396367e-01
5.408943963330353766e-01
5.268858395733522215e-01
5.206592048168618980e-01
5.481978066925334847e-01
5.226683937727074625e-01
5.290460480391961928e-01
5.345658187127662053e-01
5.595110006323374963e-01
5.381234233559724078e-01
5.412019975048306675e-01
5.643040770599073719e-01
5.540757495624675233e-01
5.490559950831547242e-01
5.544816567149801756e-01
5.448566311493773240e-01
5.702274098382964507e-01
5.435356730439044881e-01
5.363526553662859575e-01
5.505346673996848184e-01
5.472996191933519050e-01
5.458131201717471015e-01
5.392016999563413737e-01
5.502348873000926233e-01
5.629224302001416547e-01
5.473799305910428403e-01
5.691570393530873684e-01
5.621592018927290546e-01
5.296408036247912676e-01
5.505786681605253641e-01
5.591046981628439161e-01
5.617136090166099383e-01
5.534909225177292447e-01
5.551234762626440222e-01
5.489620039498314119e-01
5.555207610101103866e-01
5.693847124872857268e-01
5.534374409425000252e-01
5.698146865135729211e-01
5.663824959486648547e-01
5.514668003955847109e-01
5.603252274314095560e-01
5.581363176848592733e-01
5.761832381176233975e-01
5.875740508969736764e-01
5.737095756782877309e-01
5.784976534804536774e-01
5.867543606738554463e-01
6.066276916010910902e-01
5.606760363216197751e-01
5.696983483668133230e-01
5.737224956088551320e-01
5.687862446990001875e-01
5.852307967275105494e-01
5.696715432147609892e-01
5.806851560544994406e-01
5.842126589262142122e-01
6.116365779810345460e-01
5.991949282135126120e-01
5.733297830538697237e-01
6.008589188203709019e-01
5.876962591877564757e-01
5.706078858387727548e-01
5.855917514274436853e-01
5.835511683439439379e-01
5.767918110203578141e-01
6.007349616952408766e-01
5.906567445822556994e-01
5.636383339323314257e-01
5.964335283604187410e-01
5.827716201878692104e-01
5.956389743432719541e-01
5.736033046708276517e-01
5.828202798097864568e-01
5.786002924528106384e-01
5.664908999733414552e-01
5.746155951536064954e-01
5.710153652697337323e-01
5.845819244423529071e-01
5.692722654768685997e-01
5.731883510809444582e-01
5.765670817946368931e-01
5.623890860481691734e-01
5.672121082838956774e-01
5.639773726072379034e-01
5.482628968241405332e-01
5.660635829560525245e-01
5.642108371713938642e-01
5.670149218796489698e-01
5.616540243367800223e-01
5.609303279320735358e-01
5.505079485156618713e-01
5.574364872655067638e-01
5.528882665795882279e-01
5.614655791388667438e-01
5.542695587675479096e-01
5.635977145083314044e-01
5.547324715735096889e-01
5.538411232502347126e-01
5.606661031512149007e-01
5.554346596235109068e-01
5.622095576149683804e-01
5.615218320375351402e-01
5.580300677714793434e-01
5.699547338769684890e-01
5.659864165683756720e-01
5.581350172500983975e-01
5.467667353491481030e-01
5.705098519535936052e-01
5.638128963021691309e-01
5.567358818003523835e-01
5.579947145206481940e-01
5.644826012170109930e-01
5.515875866515466130e-01
5.613274059556451201e-01
5.641961128766146416e-01
5.584610679803622135e-01
5.683008255510485496e-01
5.638468005171470843e-01
5.516241064448281772e-01
5.602841687309543239e-01
5.734209426918314145e-01
5.674495973666496829e-01
5.648873985002568210e-01
5.576027137213039886e-01
5.721980001595851073e-01
5.674517184373162326e-01
5.633421281766172184e-01
5.599580992584717309e-01
5.710404976979938096e-01
5.584940368596058580e-01
5.667075265748886537e-01
5.464162804574417276e-01
5.717511218446809096e-01
5.594642058167416110e-01
5.804029875907137370e-01
5.633619683555796120e-01
5.611275499089836138e-01
5.676826322569454852e-01
5.601945215688144408e-01
5.783538100910611268e-01
5.805021896940010251e-01
5.821957567828609514e-01
5.902735573889558163e-01
5.813347994537212404e-01
5.845137026892411880e-01
5.805099734356035102e-01
5.703541604204546145e-01
5.826415506572176772e-01
6.066071333829943235e-01
6.062178659736350284e-01
6.026158847208401559e-01
5.957425994080959297e-01
6.234253688097985968e-01
6.160861525464954580e-01
6.047940468005862380e-01
6.169305060256942141e-01
5.946424324136934114e-01
6.235382785319614207e-01
6.046872168305452711e-01
6.112194657839915557e-01
6.238979401282997994e-01
6.070919461018505769e-01
6.130211444697520884e-01
6.074660337262400844e-01
6.153720811005806146e-01
6.122125549446715276e-01
6.119138300557539489e-01
6.237806910319760867e-01
6.323947957812746656e-01
6.361401485826593261e-01
6.445663534303247566e-01
6.604118750707573815e-01
6.856845780670288715e-01
6.977085926852306663e-01
7.225205853958081015e-01
7.317222859399292734e-01
7.705300618583112993e-01
7.843213426995467863e-01
8.045627835615389856e-01
8.340219865139250066e-01
8.616135446554349375e-01
9.098360109589219702e-01
9.366538025822417346e-01
9.985518852280175217e-01
1.041415082450481311e+00
1.060840710594803671e+00
1.075735932674819040e+00
1.080028199904241371e+00
1.069542303448155929e+00
1.038938047760735506e+00
1.039139249134819254e+00
9.993890732138243083e-01
9.722921362665246647e-01
9.459704501366109630e-01
9.071522295820437787e-01
8.811819588465662489e-01
8.617058149073161255e-01
8.307818393807993029e-01
8.084873244728052466e-01
7.939949877302378001e-01
7.712423509832788682e-01
7.647488350760662801e-01
7.432704471872935148e-01
7.260889113531810990e-01
6.970749822312337640e-01
7.031470825303656191e-01
6.741876040866022768e-01
6.559874522437980637e-01
6.456308486095299060e-01
6.413424244254000151e-01
6.314375511114949102e-01
6.096985951434601425e-01
6.046132497497976876e-01
5.955211336649036680e-01
6.087760191829936218e-01
6.054781628713961084e-01
5.890445799259974580e-01
6.056755383889725897e-01
6.100325943267804751e-01
6.034775286572227060e-01
5.882984928923229440e-01
5.856191949661398999e-01
5.738577761257054322e-01
5.840155052806983438e-01
5.781046137705796450e-01
5.974868382439192382e-01
5.701214182025611255e-01
5.897726600821514564e-01
5.888963789050357667e-01
5.744694205511674534e-01
5.765787021235184717e-01
5.986657939008845908e-01
6.112845958524467660e-01
5.894867151989674481e-01
5.988024659931087124e-01
6.198590475195102645e-01
5.795681560501255714e-01
6.183017048524750425e-01
6.206965944845060923e-01
5.920451771483331571e-01
5.760142842055379075e-01
6.029318026348684523e-01
6.027963788606452988e-01
6.143064591226115034e-01
6.214853056281586241e-01
6.262677855250179393e-01
5.938128452173063732e-01
5.886867066457284192e-01
5.945758731244445983e-01
5.923012127560505213e-01
5.965196827949451608e-01
5.967052647467739890e-01
6.016691556813110742e-01
5.921059968104930293e-01
5.933017709164681852e-01
5.887291468536793859e-01
5.913415719360968215e-01
5.819543825591884101e-01
5.776272595143362443e-01
5.793903753159383996e-01
5.556437817750372599e-01
5.596919109048106300e-01
5.562822868134014165e-01
5.619285758207006598e-01
5.568726907382969271e-01
5.534251691114933092e-01
5.556190386596300268e-01
5.572811575302669684e-01
5.440754054542187301e-01
5.511806825382677966e-01
5.582162859045100012e-01
5.420853825668379145e-01
5.415767412751663068e-01
5.560560509094426562e-01
5.398000250660872634e-01
5.597486461831704396e-01
5.614644666047324817e-01
5.404728275064343279e-01
5.563593763069083487e-01
5.460203620519608059e-01
5.494897866121604135e-01
5.435053410398060780e-01
5.434427903265830473e-01
5.418593625983424422e-01
5.422029661439421444e-01
5.410747092348621168e-01
5.399697333497066598e-01
5.383205264181525340e-01
5.406509501266955064e-01
5.438916719457085325e-01
5.345681470252175993e-01
5.401948888121270720e-01
5.372824257769908129e-01
5.356468893235425410e-01
5.364401465647612444e-01
5.459388183524570559e-01
5.352514422529202065e-01
5.503281038858587326e-01
5.366860737302460160e-01
5.454616700911100180e-01
5.448066092063036381e-01
5.544186450439020364e-01
5.593055196707097387e-01
5.607800101619344613e-01
5.504715444182020079e-01
5.632690203323352796e-01
5.540384777770250846e-01
5.557059706675442357e-01
5.557236022107663320e-01
5.742308397236566275e-01
5.844168389664222696e-01
5.691339587158690261e-01
5.614721146943274510e-01
5.596448195911097878e-01
5.636640590841508480e-01
5.876911578632817434e-01
5.623839142437043748e-01
5.629977939332866388e-01
5.785941512483646632e-01
5.638901632548826148e-01
5.736196836009466171e-01
5.814818779926914649e-01
5.696225526965948971e-01
5.689091159696596511e-01
5.707244531146005162e-01
5.866825511733071430e-01
5.675080650114444625e-01
5.675950866174819254e-01
5.628194132801709326e-01
5.874023009299598197e-01
5.858670165915984551e-01
5.685595705115302767e-01
5.643162225391815667e-01
5.687922703358835319e-01
5.810195691590013256e-01
5.769845765323533548e-01
5.554507602340098549e-01
5.559693588201976011e-01
5.620961370079373687e-01
5.625821875488379309e-01
5.813934634532876844e-01
5.665049010117442219e-01
5.673023874425920932e-01
5.635441442832048731e-01
5.629716375308639886e-01
5.787233915902270098e-01
5.723688888119117246e-01
5.622612752286741955e-01
5.717074950224461105e-01
5.746475920356098888e-01
5.646272766253099817e-01
5.706193245851076679e-01
5.619829504790949670e-01
5.746933750212427361e-01
5.722887826063653982e-01
5.830017122522117567e-01
5.634554615312179493e-01
5.688272283584431266e-01
5.638059712818297431e-01
5.649019495305901417e-01
5.655938720881161785e-01
5.670918128984356876e-01
5.658200645169729759e-01
5.641015763294777718e-01
5.713676919200365578e-01
5.704866508339703213e-01
5.683381112852673445e-01
5.710280661170206162e-01
5.637036864988531626e-01
5.580264498250266936e-01
5.852474791374405738e-01
5.553962175539706170e-01
5.682531485282577011e-01
5.630003120830338048e-01
5.697293602681670066e-01
5.523029512757624548e-01
5.711312250283050451e-01
5.838523214207514966e-01
5.845361120042207315e-01
5.731103829954308226e-01
5.821173081764975388e-01
5.865797223548862016e-01
5.720812521343257018e-01
5.655171956771206654e-01
5.696102966048586236e-01
5.691006044314965706e-01
5.732097027147320389e-01
5.719320150388511603e-01
5.764989912728893939e-01
5.746202785776066690e-01
6.035742529525387479e-01
6.192842776365944379e-01
6.364865875264916761e-01
6.627741403381410823e-01
7.107456213377477683e-01
7.362344286739422872e-01
7.692203257920013915e-01
8.125942353419064457e-01
8.813790401892704907e-01
9.345836082364129549e-01
1.006830529699737742e+00
1.134173533647281129e+00
1.241818767919979027e+00
1.265731411083488522e+00
1.368314104617206928e+00
1.438661992676409263e+00
1.499317445031353779e+00
1.444573544601898130e+00
1.579158702910613554e+00
1.546620956298769389e+00
1.572319710257362058e+00
1.626661649677718202e+00
1.277604135057335277e+00
1.253802151937514653e+00
1.324712021442886023e+00
1.402531367154058239e+00
1.392760189271315285e+00
1.379614545322607411e+00
1.457158027369799491e+00
1.439416642377932876e+00
1.449086213268425460e+00
1.457624092174294228e+00
1.445527398183448220e+00
1.495920302357918841e+00
1.457512594202727829e+00
1.452216370649014765e+00
1.440211160275275182e+00
1.448549348471714016e+00
1.417119353041841556e+00
1.428737042800244605e+00
1.425137149130420333e+00
1.395803144156209763e+00
1.417436094934305002e+00
1.397797384396893161e+00
1.398545325232479986e+00
1.419312036373107988e+00
1.383618453153543815e+00
1.403973958447239490e+00
1.358273536411864546e+00
1.377827697887889613e+00
1.415270460716156364e+00
1.368296574636004959e+00
1.271692494244485383e+00
1.345283959119362827e+00
1.331188100265730867e+00
1.276829399301172563e+00
1.291936666700030045e+00
1.320239006466542575e+00
1.354660603717632750e+00
1.252996323716749849e+00
1.221050040069909359e+00
1.205396779331161961e+00
1.202927793794668077e+00
1.201773024947836443e+00
1.280281405028451891e+00
1.237484430406301072e+00
1.267093612401905656e+00
1.235397992290787617e+00
1.242549822761427336e+00
1.225658828399931455e+00
1.233368885760411704e+00
1.164303184867028218e+00
1.198241350395259586e+00
1.125317562105035751e+00
1.145239980619139564e+00
1.107688893096284488e+00
1.164779351771456417e+00
1.141034428586876537e+00
1.090158288263373576e+00
1.099440308846600489e+00
1.070600242506396071e+00
1.144590091873256332e+00
1.087515457383695372e+00
1.084761450949866646e+00
1.115776544162760064e+00
1.026118344410463346e+00
1.029261228863367350e+00
1.047291979742211332e+00
9.917539419001690781e-01
1.049237411707874879e+00
1.024796314568522382e+00
1.022960069348292977e+00
1.209264583104110224e+00
1.117777269325341161e+00
1.201751692025000651e+00
1.195198294188392962e+00
1.298420050548301896e+00
1.179545412981378050e+00
1.175430747906377471e+00
1.118669787135265103e+00
1.099437561999636381e+00
1.066523660854170830e+00
1.003162328000172687e+00
9.748512593208636945e-01
9.588760857826055251e-01
8.568998240237696296e-01
8.457294074687161656e-01
8.031117052018429403e-01
7.690737130123436183e-01
7.378405239561329765e-01
7.035092077539767397e-01
6.911108046472893562e-01
6.748970546389211345e-01
6.669304008457335176e-01
6.694206165134383157e-01
6.462594387993135792e-01
6.319747476925248186e-01
6.169231148556257871e-01
6.206227516859541549e-01
6.113747329803235209e-01
6.070297320911444139e-01
5.907621987660424123e-01
5.920448223103271790e-01
6.056971571011458000e-01
5.741808793278448952e-01
5.849789953062922709e-01
5.774431778661555104e-01
5.777447231833839902e-01
5.873326865773467187e-01
5.930327368842778224e-01
5.831600182035543423e-01
5.823705457491618054e-01
5.803510164047034348e-01
5.760331834544618612e-01
5.754123118904893586e-01
5.750105658396453823e-01
5.654297284126026391e-01
5.662231683591065767e-01
5.839202319013525599e-01
5.618647880678818707e-01
5.717735931486680467e-01
5.755058141483335721e-01
5.715090029768354896e-01
5.595345656384449473e-01
5.458639391812748487e-01
5.661385933904909962e-01
5.490568275238519869e-01
5.446981293969812565e-01
5.531684045459706045e-01
5.471510564401075305e-01
5.637009731887034913e-01
5.453769209988186262e-01
5.550014546244639302e-01
5.553833024466747759e-01
5.873313352840814350e-01
5.634684650742202150e-01
5.622500349044737833e-01
5.570731030409280526e-01
5.590565365123472130e-01
5.534974889378321272e-01
5.545630143480799745e-01
5.444896773026204340e-01
5.420608569408646993e-01
5.487646891678652494e-01
5.380989921095280515e-01
5.362574452305360895e-01
5.451910703902038691e-01
5.366070135686633602e-01
5.414338987178017870e-01
5.532255595770980694e-01
5.447799191092916882e-01
5.324730504714405566e-01
5.386768419233792793e-01
5.324776174352702229e-01
5.365785283015624962e-01
5.536594127620346750e-01
5.324079288376608599e-01
5.422083259354231188e-01
5.326635360928820839e-01
5.552659564503907852e-01
5.372915979113641605e-01
5.374857122237575169e-01
5.263670305353467249e-01
5.416267228502409381e-01
5.308445737349177795e-01
5.300646876375917360e-01
5.350506664880124719e-01
5.358271786430007788e-01
5.361689956537601942e-01
5.395437161662826053e-01
5.394922449427543842e-01
5.373641826234709651e-01
5.623459576171490060e-01
5.298131344122931630e-01
5.400872135924914552e-01
5.359540341253824502e-01
5.410276250304313361e-01
5.353019952229167711e-01
5.497334000911159313e-01
5.353624237078007386e-01
5.422047145060618911e-01
5.342522698909567547e-01
5.717251833985512732e-01
5.326845540266336165e-01
5.435962190757017698e-01
5.443768100704065027e-01
5.484897872319074441e-01
5.461428674131851846e-01
5.401011964842861168e-01
5.493192803597958251e-01
5.689467424071823487e-01
5.619951586883211725e-01
5.496639275165138283e-01
5.386177888126228996e-01
5.461067664764341911e-01
5.325916921908759871e-01
5.423504271431579538e-01
5.449856789256550815e-01
5.431409312675549161e-01
5.379475127205329832e-01
5.441560286397982837e-01
5.655977163030252441e-01
5.439105078711762298e-01
5.659943698827514247e-01
5.533275843015850182e-01
5.636710320851862077e-01
5.417335462246188893e-01
5.615054999793200885e-01
5.519501093574552542e-01
5.400162788983351447e-01
5.490576795638819618e-01
5.485259846708647746e-01
5.369158901620175728e-01
5.445717765040026803e-01
5.464308026718727174e-01
5.431804852945425477e-01
5.575977836022832923e-01
5.626059049745605334e-01
5.457592261439615511e-01
5.488868627762959473e-01
5.526010871378664868e-01
5.505319078943231581e-01
5.708554138485294471e-01
5.527389507941073976e-01
5.495570304596490985e-01
5.581567953691568551e-01
5.541088613682859654e-01
5.516401076785583113e-01
5.494396877536799062e-01
5.520376286289687684e-01
5.648444438898535536e-01
5.527099813797811123e-01
5.477643597367553019e-01
5.549098208739169369e-01
5.482927737902913989e-01
5.488567143681633009e-01
5.708986766925604472e-01
5.481878468617291666e-01
5.632608932176674799e-01
5.464231618112799227e-01
5.547720597117588026e-01
5.486991103337657272e-01
5.770934282621945632e-01
5.607886225142202363e-01
5.540668323789278427e-01
5.578086159833403057e-01
5.623688703654829979e-01
5.708522234096439218e-01
5.444000036535229237e-01
5.642536034276781631e-01
5.526689824227752901e-01
5.430981917365295120e-01
5.815981196166355449e-01
5.624677126422710227e-01
5.633882371585310356e-01
5.680624045741883288e-01
5.691813991894143498e-01
5.570291449927177174e-01
5.654490273443981696e-01
5.778680522399878283e-01
5.637349671349171087e-01
5.551245083039717532e-01
5.708690156070336252e-01
5.712841878841187215e-01
5.653348988009526677e-01
5.567348474635047673e-01
5.715374383748168530e-01
5.662746961355331621e-01
5.593912251615953402e-01
5.756372922959939187e-01
5.726896579808258281e-01
6.013572744702789796e-01
5.691394773510394245e-01
5.731859064547920601e-01
5.696190298373665639e-01
5.766037720346457451e-01
5.726016625386826098e-01
5.934163302173948162e-01
5.618763496448280215e-01
5.667469397752480376e-01
5.826773210956630589e-01
5.604342986269876814e-01
5.624001210839147946e-01
5.763228013567066599e-01
5.827929065636207051e-01
5.821097599020146340e-01
5.696975897784519738e-01
5.782093268813227604e-01
5.737619439553168776e-01
5.724240800030123699e-01
5.699508483080186760e-01
5.741982188021204081e-01
5.772791309466961396e-01
5.687392684301990631e-01
5.985235974117347757e-01
5.773234567081129143e-01
5.744785957081214312e-01
5.826562488600700584e-01
5.696152033631809442e-01
5.754861424081446630e-01
5.737036026397842603e-01
5.761469934208500732e-01
5.687755578481515917e-01
5.742770261193186343e-01
5.711834492615801562e-01
5.701464883848936793e-01
5.751557085634494415e-01
5.664696595360176889e-01
5.801317128814653667e-01
5.702334980981900170e-01
5.739498284096264946e-01
5.700609017862354744e-01
5.558182301076357579e-01
5.548723503747716723e-01
5.817083838798589035e-01
5.776483675965541353e-01
5.598489197114416838e-01
5.574546307488907892e-01
5.552871630756087695e-01
5.569016483516425753e-01
5.572402846378150532e-01
5.585585163365343053e-01
5.566754210445387097e-01
5.507068691789036574e-01
5.572840323844070465e-01
5.517722056295342181e-01
5.578822495410087345e-01
5.614505069313733276e-01
5.588237381929332948e-01
5.568937315471741423e-01
5.540418045649266876e-01
5.571212720998723888e-01
5.546948901537469556e-01
5.567774050108452721e-01
5.475606592682974449e-01
5.498199902708420517e-01
5.541706961008979748e-01
5.557685982219440213e-01
5.557864149972731038e-01
5.586162034622103034e-01
5.614561882781603508e-01
5.500390801123493656e-01
5.631737802011458349e-01
5.664490661475868327e-01
5.533900883107970570e-01
5.721514749795861832e-01
5.561274056281160227e-01
5.578776283302462335e-01
5.492999139945209386e-01
5.537097874681855547e-01
5.619769754664851735e-01
5.718739585507907064e-01
5.755817008578953953e-01
5.600448242919149333e-01
5.676807610576516394e-01
5.736203855718731148e-01
5.691614113195722080e-01
5.717668425985904523e-01
5.806418113669898906e-01
5.874352256843392572e-01
5.931665203123277497e-01
5.968832620935584643e-01
5.947181524949768372e-01
5.784157128755008648e-01
6.002796265480219162e-01
5.999628431240442428e-01
6.135695342591918067e-01
6.350979553711847414e-01
6.399911805383423635e-01
6.822378636929948836e-01
7.134027601396242257e-01
7.134275038499158228e-01
7.703359630801239755e-01
7.220125565056130235e-01
7.108046606884801388e-01
6.909399241858402707e-01
7.401338984779100016e-01
7.284671797872980248e-01
7.647386048024251703e-01
7.676624913378645720e-01
8.192217324305878234e-01
8.729930457766393870e-01
9.281296084266031921e-01
9.694825821543601174e-01
1.050808201701541211e+00
1.263199484371580583e+00
1.431834067577004710e+00
1.434996155535892992e+00
1.433657358042777386e+00
1.449782404146264359e+00
1.458281522574920608e+00
1.445406264076712022e+00
1.459305885858656726e+00
1.458637695154390457e+00
1.453187242315719718e+00
1.426514790950649481e+00
1.397980730863879639e+00
1.355925467687630670e+00
1.357978332920719788e+00
1.316108921221742500e+00
1.308619858059567376e+00
1.307369050403125676e+00
1.319055929005258587e+00
1.324303743467962535e+00
1.305137372626996362e+00
1.339558784400698199e+00
1.326882682448698780e+00
1.301703545920013694e+00
1.323643049620002232e+00
1.276707040972482776e+00
1.295842180592394532e+00
1.245814024190584401e+00
1.246814786414336629e+00
1.278350991486934873e+00
1.232923953743383150e+00
1.240369110872209690e+00
1.253956313118861576e+00
1.189335502858566374e+00
1.232726564169710493e+00
1.233241834668692860e+00
1.193878468643672974e+00
1.188682111197244540e+00
1.189428213850876936e+00
1.159523608344310119e+00
1.185041751855429260e+00
1.206868088573540332e+00
1.164130555548466228e+00
1.197326903563207701e+00
1.216916379828620443e+00
1.226818251478972721e+00
1.223223562409286425e+00
1.205292801055621421e+00
1.186967764417214966e+00
1.144242818774501513e+00
1.187235046412094874e+00
1.127786851823280534e+00
1.143716329696196521e+00
1.130499953000433155e+00
1.122323731200853825e+00
1.151874295040482110e+00
1.136748914327194937e+00
1.220944096560282244e+00
1.105501665418882062e+00
1.096194403549988428e+00
1.172594322197769268e+00
1.253511510020819175e+00
1.081202149650303035e+00
1.117814174954116169e+00
1.224513347435057353e+00
1.059975492599764646e+00
1.197219021254632754e+00
1.106687546745958262e+00
1.161131630318291696e+00
1.138179715515195589e+00
1.181475283642859475e+00
1.101415353077566550e+00
1.146188723087860240e+00
1.124583347293967472e+00
1.152095940827764897e+00
1.066469397365516825e+00
1.072377739991354995e+00
1.071061567932640068e+00
1.129541041773564958e+00
1.046033016353859812e+00
1.053396424496142680e+00
1.108088959678926955e+00
1.067868641999204504e+00
1.040076621318894112e+00
1.068432639437076448e+00
1.028217509124996765e+00
1.028868908674713589e+00
9.988496278375406101e-01
1.025330223357199033e+00
9.615567921082655012e-01
9.717145701326406204e-01
9.906545570154404734e-01
9.978124020570631192e-01
1.045330255179975243e+00
1.038960013760846346e+00
1.056519900743839946e+00
1.211131278534925082e+00
1.233519877124180431e+00
1.247051784499715987e+00
1.273622489057713691e+00
1.154015059081662686e+00
1.098752010855029271e+00
1.054007998229972598e+00
1.012096933763879214e+00
9.571429529605091080e-01
8.918281492751011230e-01
8.293785251574619100e-01
8.033393587744145359e-01
7.664530245336496073e-01
7.071118125769805252e-01
7.144947273024170320e-01
6.790916207360977452e-01
6.751718045682184588e-01
6.499610177450078075e-01
6.456461834787275977e-01
6.264994930169338616e-01
6.292453964984300319e-01
6.187326817060864181e-01
6.018612976080912613e-01
6.022731742650065945e-01
6.083976768887123798e-01
6.024507765029074591e-01
5.817655111983153216e-01
6.019262623569517912e-01
5.845327723060522729e-01
5.962815972241508611e-01
5.911578888611634941e-01
5.805305255385755370e-01
5.815985719537044574e-01
6.060699163007590151e-01
5.732124325845239232e-01
5.931552288580969057e-01
5.771946320660040763e-01
5.904245797635354620e-01
5.761004138022151055e-01
5.752104281605572300e-01
5.793130052203191438e-01
5.911971639753262897e-01
5.825347026613326706e-01
5.949403890560174268e-01
5.808179976895744279e-01
5.840852223553859579e-01
5.762880557924632274e-01
5.792311333557935704e-01
5.713808998045735166e-01
5.780493175154839403e-01
5.854983631352012052e-01
5.753548194402077209e-01
5.640955747796196906e-01
5.636053242184297929e-01
5.698349878365731591e-01
5.742930055517153631e-01
5.583861211805546398e-01
5.667902042566901333e-01
5.596442710340104876e-01
5.536505922322516593e-01
5.549245230562456221e-01
5.537006574621294863e-01
5.611196392762557439e-01
5.624507988918032719e-01
5.601119786786152854e-01
5.572027439499330770e-01
5.600271068415509923e-01
5.579667877810461363e-01
5.502431973565253820e-01
5.560736404646670072e-01
5.537008421929433544e-01
5.510901694851971788e-01
5.562583514497593251e-01
5.483278041083053944e-01
5.572353026348031424e-01
5.576265687167546448e-01
5.475143211799871068e-01
5.525163481168657853e-01
5.488096481418249795e-01
5.582799981329867878e-01
5.487072544469783208e-01
5.485482157125255442e-01
5.432718211725549029e-01
5.556377330002274517e-01
5.437256469173463724e-01
5.459635395479447428e-01
5.326076382974824774e-01
5.527242537857522953e-01
5.517969000617048980e-01
5.514499696346936153e-01
5.480502390503255716e-01
5.382572531576381714e-01
5.566057564917636924e-01
5.537508035147999941e-01
5.525374633792884405e-01
5.510880635750717849e-01
5.507349424360900025e-01
5.508995684617954414e-01
5.484643011784930966e-01
5.494067393947326128e-01
5.481914647829378984e-01
5.496985759369342750e-01
5.517813612254883759e-01
5.582552869216247382e-01
5.522433630998657694e-01
5.550301910751966883e-01
5.448577339184534907e-01
5.580557349497539121e-01
5.510385952294606371e-01
5.438983959358985043e-01
5.512044251689194319e-01
5.556591970789260815e-01
5.512797397729405358e-01
5.563241750998128010e-01
5.526174531997631867e-01
5.624932313546169294e-01
5.446282761274303663e-01
5.516831828768288259e-01
5.515984627580073907e-01
5.705289555371255705e-01
5.530197656253992289e-01
5.531342476371414740e-01
5.567681089775975423e-01
5.509563726290012120e-01
5.544363286153465298e-01
5.548133725447732534e-01
5.613459190533582888e-01
5.567393135285886308e-01
5.621331520001970894e-01
5.562977390800118993e-01
5.531652133908779856e-01
5.475299394247445939e-01
5.598276802836693600e-01
5.625927922102565981e-01
5.477889961443831446e-01
5.615858632249750571e-01
5.587241874770637606e-01
5.595332986891549121e-01
5.507190077587726940e-01
5.615495064678345249e-01
5.786671046690817777e-01
5.612039936327886114e-01
5.540575078588922953e-01
5.652268099162527371e-01
5.666344701257672867e-01
5.621230843920687059e-01
5.637746953197547706e-01
5.676133673552318237e-01
5.534875043153834051e-01
5.710400875977412749e-01
5.589361400421715143e-01
5.622223938979887814e-01
5.537952142876670925e-01
5.558041596427589770e-01
5.561282807494869473e-01
5.571877284562635202e-01
5.589000152932738219e-01
5.546582366219534599e-01
5.569295793568832531e-01
5.536949328524175540e-01
5.727069037794179085e-01
5.635787259278963734e-01
5.709473618898207592e-01
5.546505434579602767e-01
5.694789576445824508e-01
5.704152697070654643e-01
5.600465363152429266e-01
5.575335310228550778e-01
5.483951824850908929e-01
5.498472620149950085e-01
5.782718046213490837e-01
5.614928272582713209e-01
5.592635999511292866e-01
5.609421818343285349e-01
5.571718834813799148e-01
5.602825451313192540e-01
5.541632422781999079e-01
5.733101707322991736e-01
5.624756891980348117e-01
5.691687607607794908e-01
5.781026834258673475e-01
5.656539227500663181e-01
5.698129481665982210e-01
5.620276224611290283e-01
5.698886285472725133e-01
5.696851349284112187e-01
5.734171858549502732e-01
5.664680033143597582e-01
5.764782578467554375e-01
5.812181110494070158e-01
5.761328279997535162e-01
5.717973762305693652e-01
5.892239777489112207e-01
5.918987473078456407e-01
5.749951019739675262e-01
5.738479974242477466e-01
5.792114840310251811e-01
5.899418641278161290e-01
5.809935678087682076e-01
5.851596880825167268e-01
5.802898819741645342e-01
5.868817030396796808e-01
5.989618417360145219e-01
5.853711070388609716e-01
5.871604410849878830e-01
6.016536880129659259e-01
5.761345964459752000e-01
5.866165091396575715e-01
6.012257359402710666e-01
5.947558604071151445e-01
6.014544037475509919e-01
5.901915526561247738e-01
5.885665416990236709e-01
5.881140856235329561e-01
5.880843703462680372e-01
6.034987053491880360e-01
5.907816046604478233e-01
6.025039669389478103e-01
5.878001098674682234e-01
6.037523833624606207e-01
6.002589333814596362e-01
6.068401305971616866e-01
5.965206931825040026e-01
6.092563160427689750e-01
5.831991996996450656e-01
5.930454550767295663e-01
5.870162996288965651e-01
5.935445557876480871e-01
5.942098776548934147e-01
5.964160449774957851e-01
6.075331192803162805e-01
5.837531950193790564e-01
5.876352675865395003e-01
5.848315490886168977e-01
5.881782401084484357e-01
5.841758118436086722e-01
6.084618162467526625e-01
5.854342593592185562e-01
6.057254975053653068e-01
6.072747333548531579e-01
6.069352065358357695e-01
6.170405348296943426e-01
6.188589388731908780e-01
6.167132682983773595e-01
6.308608833964953755e-01
6.364859329814116506e-01
6.628091279543841807e-01
6.724517573829307260e-01
5.930940283002692492e-01
5.826912880611484491e-01
5.474759796529492517e-01
5.280351177188180589e-01
5.265601148248978403e-01
5.079064253017211428e-01
5.067428580244341951e-01
5.117408304955126663e-01
5.150884690471333460e-01
5.115444969324538516e-01
5.123676001766316324e-01
5.187995783709147268e-01
5.265305723140035754e-01
5.196062870895542529e-01
5.168188944719445121e-01
5.174169372057906280e-01
5.040466208267585513e-01
5.161049371798042129e-01
5.114362860149941348e-01
5.145333140241307168e-01
5.151599148073059409e-01
5.142712781173408576e-01
5.085781042449688538e-01
5.159374281161210885e-01
5.165649101604034010e-01
5.143324095819203912e-01
5.109177307840033766e-01
5.270139801737447893e-01
5.060215459290713369e-01
5.276251045950028917e-01
5.251536327166343998e-01
5.850229875339054697e-01
6.981216016793316825e-01
5.987032445396551772e-01
6.996820973811953559e-01
6.850823727034983657e-01
6.956859341229043592e-01
6.975879894035663664e-01
6.732057557907862311e-01
6.889411555625486461e-01
6.915509725160806642e-01
6.768303630859167086e-01
6.751614637414858899e-01
6.719711459669711617e-01
6.787788814747170996e-01
6.540287463697229686e-01
6.573735825674477118e-01
6.466036262619032637e-01
6.272098265286085716e-01
6.290306392208616648e-01
6.140809667699335117e-01
6.161683971206863841e-01
6.107673038865742976e-01
6.012146778763819421e-01
6.007495483457914176e-01
5.939540502867090010e-01
5.934219958854988208e-01
5.878870528862796263e-01
5.952151170635531230e-01
5.918746250740231085e-01
5.863547110643796412e-01
5.964488648833079498e-01
5.961801751981655739e-01
5.945860198581999212e-01
5.913060242149179579e-01
5.897578039761431912e-01
5.924016777608357431e-01
6.075665207260225742e-01
5.931883647663772630e-01
5.851257465449265505e-01
5.949129838642077672e-01
5.966753854050277361e-01
6.038176206036970362e-01
6.039103313060246725e-01
6.104748561499870885e-01
6.153835001557883544e-01
6.241990003799994247e-01
6.413224732433434605e-01
6.241901313034854404e-01
6.375804863861335159e-01
6.526383076027229002e-01
6.727387561197203381e-01
6.624609056327096512e-01
6.809851035056934121e-01
6.888817736977402850e-01
7.216195732272931984e-01
7.317727809327886357e-01
7.517383576797401767e-01
7.791491554527353314e-01
8.191841158634127762e-01
8.454930641916716949e-01
9.051686022942125875e-01
9.937367401870569328e-01
1.074026232586676066e+00
1.189826460809075837e+00
1.247249716467565328e+00
1.270009450404626206e+00
1.300349099114710638e+00
1.260250876226701955e+00
1.106843861324420253e+00
9.731387143111367433e-01
5.345117997671505750e-01
5.281349298018144234e-01
5.384423217066162115e-01
5.420472552798853982e-01
5.475663575860194587e-01
5.563824876309174661e-01
5.655260485549222782e-01
5.712721623732467391e-01
5.858194291803625608e-01
6.040875252487004632e-01
6.145039041083321107e-01
6.326347477745162262e-01
6.518545912672352172e-01
6.657760873076195018e-01
6.876367149150315328e-01
7.036508371951060159e-01
7.317711903722946554e-01
7.559582455927679190e-01
7.878192333096774025e-01
8.124660867343630466e-01
8.374242979637507300e-01
8.503111654303209255e-01
8.730831492040880271e-01
9.053220141786253450e-01
9.204685111108302786e-01
9.526293202795874659e-01
9.675988677318562159e-01
9.857966135795536156e-01
9.949011599515205084e-01
1.012390425573440167e+00
1.016369252935805045e+00
1.033603796777024186e+00
1.050033982655188103e+00
1.060808310321883052e+00
1.102849914008044996e+00
1.117715263587105268e+00
1.135249756229084861e+00
1.148669734612044246e+00
1.186612271990548972e+00
1.215633588325577552e+00
1.245486855612271349e+00
1.194447576979534853e+00
1.150431716288540906e+00
1.137638820385185046e+00
1.173834925734701162e+00
1.212563765691603512e+00
1.259746082790106803e+00
1.250794767516968165e+00
1.256112431358402448e+00
1.282609088703266398e+00
1.250847372562450932e+00
1.265250987878398403e+00
1.256618489273866990e+00
1.256917486521141436e+00
1.258770385833228422e+00
1.243338248027143322e+00
1.233347974653371093e+00
1.240333498785815891e+00
1.232812926076334969e+00
1.226306165363350242e+00
1.254181550880826501e+00
1.251027181473000738e+00
1.257004035487558680e+00
1.233264366231713316e+00
1.219840629279370647e+00
1.221209557044141469e+00
1.184386702967036964e+00
1.186487709624975739e+00
1.192051079280893378e+00
1.170090744599550758e+00
1.130530848814061962e+00
1.147040309502459499e+00
1.133763449092024311e+00
1.103724400767747804e+00
1.126392079723610662e+00
1.089806019256490455e+00
1.071308089498396621e+00
1.074030783059844119e+00
1.032631509705916883e+00
1.044678065740143991e+00
1.008776033250104787e+00
1.036683306048034270e+00
1.006013850814708288e+00
9.770656098359771224e-01
9.929902762131577187e-01
9.825592054109716367e-01
9.511259064828062604e-01
9.660178188000944077e-01
9.287281242140025261e-01
9.890763356365187553e-01
1.017027856728619506e+00
1.127940349690465416e+00
1.173242954112646563e+00
1.120571719095535546e+00
1.158104882254949120e+00
1.137356800166338999e+00
1.168773594417304773e+00
1.105196581983057147e+00
1.108062372551374963e+00
1.095342449910110760e+00
1.121778551126422219e+00
1.119039219539960550e+00
1.082424193240823618e+00
1.089515576806990405e+00
1.117188423814314158e+00
1.083156603910684357e+00
1.060935475663739247e+00
1.029032990736127751e+00
1.045774349867140796e+00
1.044431312506988174e+00
1.039272951984922200e+00
1.054857047993370101e+00
1.119035716111517864e+00
1.236509862072923127e+00
1.286573114652378669e+00
1.324190941873355731e+00
1.256870472943881767e+00
1.238387234610281995e+00
1.088706478077688722e+00
1.021096472902552232e+00
9.538444917166410963e-01
8.899955877648156877e-01
8.300462240737679354e-01
7.868091564580212971e-01
7.248533505403523813e-01
7.234918124553778584e-01
6.943346779189140117e-01
6.654391465465362421e-01
6.547032049729801795e-01
6.337073680185413282e-01
6.164189487839232262e-01
6.120623249251769815e-01
5.973073735228444647e-01
5.941693764971299752e-01
5.779890682278082670e-01
5.931163289758677459e-01
5.767770680750791135e-01
5.777943452094557175e-01
5.650960179956209251e-01
5.674149079432670995e-01
5.570005883552819892e-01
5.659872415151425695e-01
5.547932945926729031e-01
5.615411889675060442e-01
5.565288670746193489e-01
5.500004970698253448e-01
5.542024691140605697e-01
5.506863531016905622e-01
5.568224767682480314e-01
5.513743341975758661e-01
5.486452255718097248e-01
5.586300339172236562e-01
5.456389775570228418e-01
5.506466057048360341e-01
5.505665249451924259e-01
5.597298519327174038e-01
5.632540973170889753e-01
5.368239268300183387e-01
5.567044991960623523e-01
5.556885074036678196e-01
5.637113274767736604e-01
5.573863575001724024e-01
5.545493530467108245e-01
5.569605953138492271e-01
5.592177422231524586e-01
5.626091941014635944e-01
5.548761458190768492e-01
5.624582390160043355e-01
5.589638918242498811e-01
5.540468443434172219e-01
5.614665660479185583e-01
5.729842412284956721e-01
5.536176526021873157e-01
5.549284273249764921e-01
5.554439748129911258e-01
5.556652513796656034e-01
5.690923054286671778e-01
5.660073215832518434e-01
5.616873425239717887e-01
5.640949917713150574e-01
5.550575170665128510e-01
5.564658704196211447e-01
5.482409330597151076e-01
5.624224956131291808e-01
5.603566211299739752e-01
5.580548584704453363e-01
5.538378986367452628e-01
5.581416325932240241e-01
5.527484900774054521e-01
5.526830193494856047e-01
5.529938854959973726e-01
5.588142789169090463e-01
5.452236680732033269e-01
5.653554641342890541e-01
5.613320238982510979e-01
5.632255897737841188e-01
5.689687434758418094e-01
5.538433151432062829e-01
5.644140075832052572e-01
5.510189624035558564e-01
5.599493255892478150e-01
5.648330110317387742e-01
5.528546525117846722e-01
5.606053601499541017e-01
5.492332165412440181e-01
5.550431676678069248e-01
5.718928984751927569e-01
5.583478945884892131e-01
5.584672029994509623e-01
5.685810815248673045e-01
5.633196943709344318e-01
5.698661462954361934e-01
5.575839465547254292e-01
5.723177549045387336e-01
5.786818925286516535e-01
5.735014145237049554e-01
5.706845360529139155e-01
5.765533299621443675e-01
5.908056840497951656e-01
5.851606595821862156e-01
5.866494282159814277e-01
5.792929275328096983e-01
5.938261945283010990e-01
5.905235101135898335e-01
5.959697221842712445e-01
5.928090923284526914e-01
6.134691508043289554e-01
6.096540961700178674e-01
6.222198900555746537e-01
6.322028293670949317e-01
6.479504478732960315e-01
6.456352245831998848e-01
6.499096091258893537e-01
6.564776962912509672e-01
6.607314469558444037e-01
6.654286332503981383e-01
6.652921975086774076e-01
6.758038989718281320e-01
6.867517516162313651e-01
6.810939064532232079e-01
7.183453250129047118e-01
7.012642619603340899e-01
7.211802985693834822e-01
7.194842860028825005e-01
7.041511965844923226e-01
7.191971671042799441e-01
7.380028534141575003e-01
7.191193519332590434e-01
7.264497722579745798e-01
7.467161887623351424e-01
7.340698505106659777e-01
7.462487332001714879e-01
7.300488784162186828e-01
7.604757389709514426e-01
7.507503893087469349e-01
7.484461218093689805e-01
7.506616858524817193e-01
7.730677378872958805e-01
7.873713184766008011e-01
7.892089672556324986e-01
7.901223284257611335e-01
7.851037540640559698e-01
7.959911576197451488e-01
7.970745957460739772e-01
7.850226219613588574e-01
7.983067656968845238e-01
7.982437921177161222e-01
8.176167161145537765e-01
8.244852481591586901e-01
8.527888993065507739e-01
8.706036568933959163e-01
8.716509631245250578e-01
8.598950831707296016e-01
8.629471105358166305e-01
8.915976712314460650e-01
9.083010607020245430e-01
9.118671557917814585e-01
9.266576894344975557e-01
9.181666729905624269e-01
9.179238397228904889e-01
9.259908027844776512e-01
9.460008111618704030e-01
9.657642862651791837e-01
9.845703505817900991e-01
9.865481997134801784e-01
1.018365589292586471e+00
1.028328793915381567e+00
1.027068371324561191e+00
1.046480008557770569e+00
1.031921661595037731e+00
1.046423207441307790e+00
1.085278891136262525e+00
1.049235656644198489e+00
1.050799627166214556e+00
1.069260316075268058e+00
1.080674865559805298e+00
1.089385686323928404e+00
1.076931438380989814e+00
1.074366231609308775e+00
1.086070855559325921e+00
1.077052894713638853e+00
1.076129435372343623e+00
1.117743884075533600e+00
1.052752366591447997e+00
1.094874845716208522e+00
1.079787220095901557e+00
1.034800663231804529e+00
9.908607706667038606e-01
1.010254007270239729e+00
9.617548272205660442e-01
9.520088378236519766e-01
9.431505478976708323e-01
8.723027987129204908e-01
8.649323551818328681e-01
8.291953961712413834e-01
8.215976258510599983e-01
8.189724111386258443e-01
7.703923799773553238e-01
7.583013535425978668e-01
7.391182292804875376e-01
7.185299728708312017e-01
7.003769019296920417e-01
6.890628450181606190e-01
6.777574044781080609e-01
6.831624111170565561e-01
6.709040175870458755e-01
6.415410373673582356e-01
6.444332925889956210e-01
6.323341992127819999e-01
6.150459012656435132e-01
6.313266523441108946e-01
6.242121721366072906e-01
6.033574474608831562e-01
6.013644907398003614e-01
6.009138747787565737e-01
5.960814630957897986e-01
5.977415340042252501e-01
5.880370839733941590e-01
5.974490689587239611e-01
5.921343401454166600e-01
5.938209625213519693e-01
6.028256301146442953e-01
5.814623392250914957e-01
5.868733404173261947e-01
5.868141444846748378e-01
5.870779970570098039e-01
5.823328534620902941e-01
5.821393309188006571e-01
5.895369939285277638e-01
5.831862462392760627e-01
5.838001653382340894e-01
5.866085003097835093e-01
5.846119898857137231e-01
5.843528757567686416e-01
5.856741228207944516e-01
5.924200578743327172e-01
6.070918991844774792e-01
5.788620363697555282e-01
5.972582020489198840e-01
5.903452468675615128e-01
5.963527163362467576e-01
5.890447405520498059e-01
5.888448787601606726e-01
5.895223069312335307e-01
5.971381571547742517e-01
5.884407639085560415e-01
5.944281297082986137e-01
5.925459483064920985e-01
5.983659445017949219e-01
5.933294514594134039e-01
5.980495735136622804e-01
5.947881534879387866e-01
6.027901942195709184e-01
6.091137239724947472e-01
5.979940486172709013e-01
5.962709806950364788e-01
5.994334834622498942e-01
5.932141216839376119e-01
6.027083706304824373e-01
5.901241564359107628e-01
5.981077104608601980e-01
5.974022054516041624e-01
6.009134074605998466e-01
6.048535243285865226e-01
5.936976572442135280e-01
6.011644085567685591e-01
6.061000100057883921e-01
5.987272934176447459e-01
6.082904565216450399e-01
6.199183884746022333e-01
6.042812874376668475e-01
6.054371028024804202e-01
5.883567698039957605e-01
6.137311603445685382e-01
6.146826031869204732e-01
6.196656572835432808e-01
6.044938542747797516e-01
6.183983712266406529e-01
6.138205758960763037e-01
6.136131267552754620e-01
6.128896342909323502e-01
6.314457009626290862e-01
6.138162124492793081e-01
6.207993421730957362e-01
6.272703215893752349e-01
6.293170391471658576e-01
6.454882384009903440e-01
6.406491553042004128e-01
6.432641479961824782e-01
6.299745332372135298e-01
6.267647622810328389e-01
6.329692981774863725e-01
6.249421381855436719e-01
6.423953747745810849e-01
6.432371643371876946e-01
6.493372214428380085e-01
6.572822542503807819e-01
6.481235685734964003e-01
6.476452172669996399e-01
6.450832004753580540e-01
6.579943559998302494e-01
6.750955059296802618e-01
6.758985061618949519e-01
6.794943106217804507e-01
6.868720646510593220e-01
6.777580764524339108e-01
7.049070199733825648e-01
7.170815882358869686e-01
7.353576701328728982e-01
7.476861216220662687e-01
7.674154416037006765e-01
7.813702056208828850e-01
8.252269252768840158e-01
8.603569132173183309e-01
8.705117293801337697e-01
9.118297040022176336e-01
9.721162103348058858e-01
9.858314502165823612e-01
1.056337444012352966e+00
1.057655625679551070e+00
1.099336674759792132e+00
1.154486686847317589e+00
1.215474303487084962e+00
1.203963169320296345e+00
1.130877624268000758e+00
1.005467111249106038e+00
9.763596738619381155e-01
1.006742856179837720e+00
9.868868220691405790e-01
1.041051181975385598e+00
1.020001737439475864e+00
1.017262712272594127e+00
1.024113173118327058e+00
1.073070585114497932e+00
1.102817850101627473e+00
1.059911477247280853e+00
1.087179180937925427e+00
1.199080262323260815e+00
1.241694038084434792e+00
1.265468578407573430e+00
1.285225546829340315e+00
1.267058209839933891e+00
1.245890404643780647e+00
1.300040424020302510e+00
1.307333444011741674e+00
1.334878268681252589e+00
1.342869244002380835e+00
1.326225169845148599e+00
1.307520024736090747e+00
1.365625401489758417e+00
1.351394986866024439e+00
1.354264104893289522e+00
1.362244161509663654e+00
1.356237231440128532e+00
1.349522862285696734e+00
1.375505968054545836e+00
1.348238177089452261e+00
1.374980436753045820e+00
1.342092900316359305e+00
1.373275611613832270e+00
1.361080784353050355e+00
1.364269051934478449e+00
1.386832227317476463e+00
1.374561532979495126e+00
1.354960058900349429e+00
1.346328380659931545e+00
1.353947361184942189e+00
1.321906041820069433e+00
1.327854461495898475e+00
1.282260322689956489e+00
1.181472625150838729e+00
1.145568339251183065e+00
1.127093371267389621e+00
1.120021822575042014e+00
1.131558088923883654e+00
1.122807054151572670e+00
1.135348604000341766e+00
1.152546420771377367e+00
1.162254353628813019e+00
1.178316975177668313e+00
1.181550266981511221e+00
1.191051790227766416e+00
1.209896687220556322e+00
1.208423490797041921e+00
1.211503977186056957e+00
1.229238645886613357e+00
1.210209782159349601e+00
1.214261682357715477e+00
1.205804260581511578e+00
1.201475914915460574e+00
1.206316672074164931e+00
1.205486450081111105e+00
1.176948046840396556e+00
1.193045726918409821e+00
1.203028542231126208e+00
1.201635003489446074e+00
1.189949018593712937e+00
1.167032164933269778e+00
1.156821779596328925e+00
1.147610810796306113e+00
1.149980962938489837e+00
1.124802016942537009e+00
1.060152123819155801e+00
1.089383554647865626e+00
1.111709742141415047e+00
1.050687507817368527e+00
1.046819086814087862e+00
1.047283982590132334e+00
