7.379476679566633948e+02
7.432263782602523179e+02
7.494650628090153077e+02
7.548811210259167410e+02
7.595428093967519771e+02
7.633134062145001053e+02
7.683180468977556075e+02
7.725000612491495531e+02
7.759963797111336135e+02
7.823035294811223821e+02
7.874453093422598613e+02
7.919016020494178747e+02
7.958778032662736450e+02
8.021164878150366349e+02
8.061613629885487171e+02
8.081493592292612220e+02
8.118514908257835714e+02
8.161019703984032958e+02
8.199410324373770891e+02
8.235746988126738870e+02
8.247400687215249491e+02
8.272766216737654759e+02
8.333781670446463750e+02
8.383143425066763257e+02
8.409880346367989432e+02
8.422905437235320960e+02
8.470209060510234167e+02
8.482549499165310181e+02
8.522313598688173215e+02
8.546992388644015364e+02
8.570988613741907329e+02
8.594982751485493964e+02
8.627889892114257009e+02
8.625833848123180587e+02
8.655998205194304091e+02
8.682048386928967147e+02
8.710156700009011956e+02
8.734152925106903922e+02
8.731410141549264381e+02
8.765688673956848334e+02
8.784883984151715595e+02
8.806822077904224670e+02
8.833558999205451983e+02
8.850013613196986171e+02
8.869208923391855706e+02
8.882234014259187234e+02
8.905543499790514943e+02
8.921998113782050268e+02
8.934336465082817540e+02
8.945305511959072646e+02
8.959704081959530413e+02
8.985754263694194606e+02
8.997410050137010558e+02
8.996723310570448575e+02
9.011119793216598737e+02
9.031688582544595647e+02
9.046085065190745809e+02
9.060481547836898244e+02
9.085847077359303512e+02
9.085162425147046861e+02
9.095444732456738848e+02
9.107785171111812588e+02
9.120812349333449447e+02
9.134522092413037626e+02
9.146177878855856989e+02
9.153719489962212492e+02
9.167429233041800671e+02
9.183883847033337133e+02
9.200336373670564853e+02
9.209934028768000189e+02
9.219533771219739720e+02
9.229816078529431707e+02
9.237357689635788347e+02
9.257239739397219864e+02
9.269578090697989410e+02
9.294258968008138027e+02
9.307970798442031537e+02
9.320311237097107551e+02
9.332651675752180154e+02
9.347732810610589240e+02
9.358701857486844347e+02
9.358017205274587695e+02
9.395723173452067840e+02
9.397094565230888747e+02
9.419032658983397823e+02
9.421775442541037364e+02
9.422460094753292879e+02
9.447140972063443769e+02
9.457423279373133482e+02
9.482790896249846355e+02
9.497187378895997654e+02
9.495131334904920095e+02
9.508841077984510548e+02
9.521868256206146270e+02
9.528038475533683140e+02
9.544491002170913134e+02
9.545862393949731768e+02
9.558887484817063296e+02
9.589738581454749919e+02
9.586311145684853727e+02
9.597280192561107697e+02
9.593852756791210368e+02
9.608933891649619454e+02
9.621961069871256313e+02
9.622645722083512965e+02
9.628815941411050972e+02
9.656237514924534935e+02
9.652810079154636469e+02
9.673376781128324637e+02
9.687088611562221558e+02
9.700113702429553086e+02
9.695314874880833713e+02
9.710398097093549268e+02
9.711082749305807056e+02
9.722051796182062162e+02
9.722051796182062162e+02
9.725481319306263686e+02
9.746048021279951854e+02
9.761815895704925197e+02
9.773469594793435817e+02
9.789237469218406886e+02
9.785810033448510694e+02
9.800893255661223975e+02
9.801577907873482900e+02
9.798835124315843359e+02
9.799521863882405341e+02
9.811862302537479081e+02
9.802949299652301534e+02
9.812546954749736869e+02
9.824887393404810609e+02
9.824202741192553958e+02
9.812546954749736869e+02
9.811175562970915962e+02
9.811862302537479081e+02
9.826258785183631517e+02
9.837227832059885486e+02
9.822831349413733051e+02
9.824887393404810609e+02
9.802949299652301534e+02
9.822831349413733051e+02
9.812546954749736869e+02
9.815289738307376410e+02
9.815289738307376410e+02
9.824202741192553958e+02
9.809806258546401523e+02
9.812546954749736869e+02
9.811862302537479081e+02
9.811862302537479081e+02
9.810490910758659311e+02
9.808434866767582889e+02
9.808434866767582889e+02
9.798150472103584434e+02
9.813918346528555503e+02
9.800893255661223975e+02
9.799521863882405341e+02
9.797465819891327783e+02
9.802949299652301534e+02
9.809119518979839540e+02
9.811862302537479081e+02
9.812546954749736869e+02
9.809119518979839540e+02
9.810490910758659311e+02
9.811175562970915962e+02
9.826258785183631517e+02
9.826943437395887031e+02
9.811862302537479081e+02
9.835171788068807928e+02
9.824887393404810609e+02
9.835171788068807928e+02
9.835856440281064579e+02
9.850252922927217014e+02
9.863964753361111661e+02
9.874249148025108980e+02
9.885902847113620737e+02
9.887958891104697159e+02
9.887958891104697159e+02
9.898243285768695614e+02
9.899614677547514248e+02
9.904413505096231347e+02
9.907156288653873162e+02
9.924295554857662864e+02
9.935949253946175759e+02
9.938005297937253317e+02
9.936635993512737741e+02
9.962686175247401934e+02
9.962686175247401934e+02
9.963372914813963916e+02
9.974341961690217886e+02
9.975026613902476811e+02
9.962001523035145283e+02
9.985995660778730780e+02
9.999020751646062308e+02
9.999707491212625428e+02
1.000245027477026497e+03
1.002507302073503070e+03
1.001136119030113605e+03
1.002644441251385047e+03
1.002918719607149114e+03
1.002164558496513450e+03
1.003672671982354359e+03
1.002644441251385047e+03
1.004563972270872000e+03
1.003672671982354359e+03
1.005043855025743710e+03
1.004838250626635954e+03
1.005112528982399908e+03
1.004769576669979756e+03
1.006415038069133175e+03
1.005112528982399908e+03
1.004838250626635954e+03
1.004701111448753863e+03
1.003467067583246603e+03
1.004906715847861619e+03
1.003809811160236222e+03
1.003672671982354359e+03
1.004906715847861619e+03
1.001136119030113605e+03
1.003672671982354359e+03
1.002644441251385047e+03
1.003672671982354359e+03
1.001273258207995696e+03
1.002370162895621093e+03
1.001273258207995696e+03
1.001204792986769917e+03
9.999020751646062308e+02
9.998336099433804520e+02
9.975026613902476811e+02
9.984624268999909873e+02
9.988051704769808339e+02
9.964057567026221705e+02
9.974341961690217886e+02
9.961314783468581027e+02
9.961314783468581027e+02
9.968856394574938804e+02
9.951717128371146828e+02
9.936635993512737741e+02
9.935264601733916834e+02
9.929779034618637752e+02
9.935264601733916834e+02
9.923608815291100882e+02
9.924980207069921789e+02
9.898243285768695614e+02
9.899614677547514248e+02
9.898927937980952265e+02
9.890017022450081186e+02
9.887958891104697159e+02
9.886589586680182720e+02
9.872191016679726090e+02
9.863964753361111661e+02
9.860537317591215469e+02
9.859850578024651213e+02
9.857109881821317003e+02
9.850939662493780133e+02
9.848881531148396107e+02
9.848881531148396107e+02
9.850252922927217014e+02
9.850252922927217014e+02
9.835171788068807928e+02
9.835856440281064579e+02
9.813233694316299989e+02
9.834485048502245945e+02
9.835856440281064579e+02
9.823516001625991976e+02
9.823516001625991976e+02
9.811175562970915962e+02
9.822831349413733051e+02
9.812546954749736869e+02
9.813918346528555503e+02
9.812546954749736869e+02
9.809806258546401523e+02
9.796779080324765800e+02
9.797465819891327783e+02
9.787181425227330465e+02
9.800893255661223975e+02
9.794723036333688242e+02
9.811175562970915962e+02
9.812546954749736869e+02
9.799521863882405341e+02
9.815289738307376410e+02
9.800206516094661993e+02
9.797465819891327783e+02
9.796094428112506876e+02
9.798835124315843359e+02
9.798835124315843359e+02
9.800206516094661993e+02
9.794036296767123986e+02
9.797465819891327783e+02
9.804320691431122441e+02
9.789237469218406886e+02
9.788552817006151372e+02
9.799521863882405341e+02
9.797465819891327783e+02
9.797465819891327783e+02
9.789237469218406886e+02
9.799521863882405341e+02
9.799521863882405341e+02
9.784438641669690924e+02
9.785810033448510694e+02
9.798835124315843359e+02
9.802264647440044882e+02
9.787866077439588253e+02
9.785810033448510694e+02
9.786496773015073813e+02
9.760444503926104289e+02
9.772098203014614910e+02
9.777583770129896266e+02
9.776897030563334283e+02
9.776212378351075358e+02
9.761815895704925197e+02
9.772784942581179166e+02
9.774840986572256725e+02
9.774156334359998937e+02
9.772784942581179166e+02
9.773469594793435817e+02
9.763187287483743830e+02
9.772098203014614910e+02
9.760444503926104289e+02
9.763871939696002755e+02
9.764558679262564738e+02
9.762500547917181848e+02
9.747419413058772761e+02
9.763187287483743830e+02
9.754274284598566283e+02
9.760444503926104289e+02
9.760444503926104289e+02
9.739877801952416121e+02
9.746048021279951854e+02
9.761129156138360941e+02
9.749475457049850320e+02
9.738506410173595214e+02
9.750160109262105834e+02
9.748104065271029413e+02
9.737135018394774306e+02
9.723423187960880796e+02
9.724109927527442778e+02
9.724109927527442778e+02
9.735078974403697885e+02
9.722738535748624145e+02
9.723423187960880796e+02
9.729593407288417666e+02
9.695314874880833713e+02
9.720682491757546586e+02
9.719311099978725679e+02
9.711769488872370175e+02
9.721367143969803237e+02
9.722738535748624145e+02
9.723423187960880796e+02
9.725481319306263686e+02
9.724794579739701703e+02
9.723423187960880796e+02
9.723423187960880796e+02
9.722738535748624145e+02
9.710398097093549268e+02
9.724109927527442778e+02
9.706970661323653076e+02
9.719995752190984604e+02
9.713140880651188809e+02
9.723423187960880796e+02
9.712454141084625689e+02
9.724109927527442778e+02
9.720682491757546586e+02
9.717252968633342789e+02
9.709713444881292617e+02
9.709026705314729497e+02
9.711769488872370175e+02
9.724794579739701703e+02
9.722051796182062162e+02
9.721367143969803237e+02
9.737135018394774306e+02
9.724794579739701703e+02
9.722051796182062162e+02
9.722051796182062162e+02
9.728222015509597895e+02
9.725481319306263686e+02
9.724109927527442778e+02
9.736450366182518792e+02
9.724794579739701703e+02
9.736450366182518792e+02
9.733707582624878114e+02
9.737821757961338562e+02
9.735763626615955673e+02
9.734392234837134765e+02
9.736450366182518792e+02
9.728222015509597895e+02
9.758388459935026731e+02
9.761129156138360941e+02
9.759759851713847638e+02
9.764558679262564738e+02
9.761815895704925197e+02
9.760444503926104289e+02
9.774156334359998937e+02
9.769357506811281837e+02
9.787866077439588253e+02
9.773469594793435817e+02
9.770042159023538488e+02
9.772098203014614910e+02
9.785810033448510694e+02
9.789924208784970006e+02
9.790608860997227794e+02
9.799521863882405341e+02
9.796779080324765800e+02
9.794723036333688242e+02
9.798835124315843359e+02
9.799521863882405341e+02
9.798150472103584434e+02
9.794723036333688242e+02
9.809119518979839540e+02
9.812546954749736869e+02
9.824202741192553958e+02
9.831057612732347479e+02
9.828314829174707938e+02
9.821459957634914417e+02
9.824202741192553958e+02
9.824887393404810609e+02
9.822144609847171068e+02
9.823516001625991976e+02
9.844769443166242127e+02
9.833800396289988157e+02
9.837912484272142137e+02
9.840655267829783952e+02
9.852311054272599904e+02
9.848196878936140592e+02
9.849568270714960363e+02
9.836543179847628835e+02
9.845454095378499915e+02
9.861908709370034103e+02
9.861908709370034103e+02
9.871506364467469439e+02
9.850939662493780133e+02
9.872191016679726090e+02
9.862593361582293028e+02
9.861221969803472120e+02
9.874249148025108980e+02
9.872191016679726090e+02
9.862593361582293028e+02
9.885218194901364086e+02
9.885902847113620737e+02
9.885218194901364086e+02
9.890017022450081186e+02
9.887958891104697159e+02
9.885902847113620737e+02
9.887274238892440508e+02
9.885902847113620737e+02
9.887958891104697159e+02
9.885218194901364086e+02
9.897558633556436689e+02
9.885218194901364086e+02
9.913326507981408895e+02
9.902357461105156062e+02
9.890017022450081186e+02
9.898243285768695614e+02
9.896187241777618055e+02
9.886589586680182720e+02
9.910583724423769354e+02
9.899614677547514248e+02
9.898927937980952265e+02
9.913326507981408895e+02
9.900986069326335155e+02
9.911955116202589124e+02
9.914011160193666683e+02
9.900299329759773173e+02
9.910583724423769354e+02
9.902357461105156062e+02
9.917438595963562875e+02
9.910583724423769354e+02
9.914011160193666683e+02
9.910583724423769354e+02
9.914011160193666683e+02
9.913326507981408895e+02
9.911268376636027142e+02
9.906469549087308906e+02
9.908527680432691795e+02
9.924295554857662864e+02
9.911955116202589124e+02
9.926351598848740423e+02
9.911955116202589124e+02
9.935949253946175759e+02
9.914011160193666683e+02
9.927036251060998211e+02
9.926351598848740423e+02
9.922237423512281111e+02
9.912639768414845776e+02
9.922924163078844231e+02
9.927036251060998211e+02
9.923608815291100882e+02
9.927722990627561330e+02
9.923608815291100882e+02
9.935264601733916834e+02
9.927036251060998211e+02
9.937320645724994392e+02
9.922237423512281111e+02
9.922924163078844231e+02
9.918809987742383782e+02
9.923608815291100882e+02
9.924295554857662864e+02
9.938692037503815300e+02
9.924980207069921789e+02
9.927036251060998211e+02
9.939376689716071951e+02
9.925666946636483772e+02
9.924295554857662864e+02
9.933206470388536218e+02
9.936635993512737741e+02
9.926351598848740423e+02
9.938005297937253317e+02
9.930465774185200871e+02
9.935949253946175759e+02
9.924980207069921789e+02
9.936635993512737741e+02
9.925666946636483772e+02
9.931835078609715310e+02
9.920866031733461341e+02
9.925666946636483772e+02
9.940063429282636207e+02
9.926351598848740423e+02
9.924295554857662864e+02
9.923608815291100882e+02
9.915382551972485317e+02
9.923608815291100882e+02
9.912639768414845776e+02
9.925666946636483772e+02
9.924980207069921789e+02
9.912639768414845776e+02
9.911955116202589124e+02
9.913326507981408895e+02
9.913326507981408895e+02
9.900299329759773173e+02
9.898927937980952265e+02
9.888645630671260278e+02
9.896871893989874707e+02
9.898927937980952265e+02
9.886589586680182720e+02
9.889330282883518066e+02
9.886589586680182720e+02
9.885902847113620737e+02
9.887274238892440508e+02
9.873562408458546997e+02
9.871506364467469439e+02
9.861908709370034103e+02
9.854367098263677462e+02
9.848196878936140592e+02
9.861221969803472120e+02
9.850939662493780133e+02
9.852311054272599904e+02
9.836543179847628835e+02
9.848881531148396107e+02
9.844769443166242127e+02
9.835171788068807928e+02
9.824202741192553958e+02
9.822831349413733051e+02
9.812546954749736869e+02
9.811175562970915962e+02
9.809806258546401523e+02
9.800206516094661993e+02
9.801577907873482900e+02
9.802264647440044882e+02
9.783067249890870016e+02
9.786496773015073813e+02
9.785810033448510694e+02
9.774156334359998937e+02
9.776897030563334283e+02
9.761815895704925197e+02
9.771413550802359396e+02
9.760444503926104289e+02
9.752902892819747649e+02
9.757701720368464748e+02
9.760444503926104289e+02
9.747419413058772761e+02
9.740562454164672772e+02
9.736450366182518792e+02
9.721367143969803237e+02
9.722738535748624145e+02
9.722051796182062162e+02
9.704227877766011261e+02
9.724109927527442778e+02
9.715883664208830623e+02
9.722051796182062162e+02
9.710398097093549268e+02
9.713825532863446597e+02
9.712454141084625689e+02
9.711082749305807056e+02
9.709026705314729497e+02
9.704227877766011261e+02
9.698057658438475528e+02
9.710398097093549268e+02
9.711082749305807056e+02
9.709713444881292617e+02
9.697373006226217740e+02
9.710398097093549268e+02
9.713825532863446597e+02
9.711769488872370175e+02
9.696001614447397969e+02
9.694630222668577062e+02
9.700113702429553086e+02
9.711082749305807056e+02
9.698057658438475528e+02
9.698057658438475528e+02
9.713825532863446597e+02
9.724109927527442778e+02
9.696686266659654621e+02
9.711769488872370175e+02
9.721367143969803237e+02
9.720682491757546586e+02
9.724109927527442778e+02
9.707655313535909727e+02
9.722738535748624145e+02
9.708342053102471709e+02
9.713140880651188809e+02
9.726852711085084593e+02
9.724109927527442778e+02
9.724794579739701703e+02
9.715883664208830623e+02
9.735078974403697885e+02
9.722738535748624145e+02
9.725481319306263686e+02
9.724109927527442778e+02
9.735763626615955673e+02
9.733707582624878114e+02
9.724794579739701703e+02
9.735078974403697885e+02
9.760444503926104289e+02
9.748790804837593669e+02
9.733020843058316132e+02
9.762500547917181848e+02
9.735763626615955673e+02
9.750160109262105834e+02
9.763871939696002755e+02
9.748790804837593669e+02
9.748790804837593669e+02
9.724109927527442778e+02
9.743305237722312313e+02
9.746732673492210779e+02
9.761129156138360941e+02
9.765243331474821389e+02
9.761129156138360941e+02
9.761815895704925197e+02
9.735078974403697885e+02
9.761815895704925197e+02
9.747419413058772761e+02
9.774840986572256725e+02
9.757017068156206960e+02
9.759759851713847638e+02
9.760444503926104289e+02
9.738506410173595214e+02
9.764558679262564738e+02
9.763187287483743830e+02
9.758388459935026731e+02
9.737135018394774306e+02
9.774840986572256725e+02
9.763187287483743830e+02
9.761815895704925197e+02
9.762500547917181848e+02
9.761815895704925197e+02
9.761815895704925197e+02
9.776212378351075358e+02
9.763187287483743830e+02
9.747419413058772761e+02
9.759759851713847638e+02
9.748790804837593669e+02
9.759759851713847638e+02
9.761129156138360941e+02
9.759759851713847638e+02
9.764558679262564738e+02
9.762500547917181848e+02
9.760444503926104289e+02
9.763871939696002755e+02
9.755645676377387190e+02
9.760444503926104289e+02
9.785810033448510694e+02
9.776212378351075358e+02
9.766614723253642296e+02
9.784438641669690924e+02
9.799521863882405341e+02
9.787866077439588253e+02
9.785810033448510694e+02
9.798835124315843359e+02
9.792666992342611820e+02
9.798150472103584434e+02
9.811862302537479081e+02
9.802949299652301534e+02
9.802264647440044882e+02
9.809806258546401523e+02
9.798150472103584434e+02
9.813233694316299989e+02
9.796779080324765800e+02
9.802264647440044882e+02
9.809806258546401523e+02
9.814605086095119759e+02
9.825574132971374866e+02
9.810490910758659311e+02
9.824202741192553958e+02
9.837227832059885486e+02
9.824202741192553958e+02
9.823516001625991976e+02
9.824202741192553958e+02
9.823516001625991976e+02
9.822144609847171068e+02
9.839283876050963045e+02
9.824887393404810609e+02
9.847512226723883941e+02
9.823516001625991976e+02
9.843398051387423493e+02
9.832429004511168387e+02
9.837912484272142137e+02
9.835856440281064579e+02
9.838599223838706394e+02
9.846825487157319685e+02
9.836543179847628835e+02
9.827630176962452424e+02
9.846825487157319685e+02
9.849568270714960363e+02
9.835171788068807928e+02
9.837227832059885486e+02
9.837912484272142137e+02
9.835856440281064579e+02
9.836543179847628835e+02
9.846140834945063034e+02
9.850252922927217014e+02
9.837912484272142137e+02
9.837912484272142137e+02
9.836543179847628835e+02
9.847512226723883941e+02
9.837227832059885486e+02
9.833800396289988157e+02
9.850252922927217014e+02
9.835171788068807928e+02
9.851624314706037921e+02
9.835856440281064579e+02
9.837227832059885486e+02
9.836543179847628835e+02
9.847512226723883941e+02
9.849568270714960363e+02
9.848196878936140592e+02
9.841342007396345934e+02
9.837912484272142137e+02
9.834485048502245945e+02
9.839970615617525027e+02
9.850252922927217014e+02
9.826258785183631517e+02
9.850252922927217014e+02
9.852995706484856555e+02
9.850252922927217014e+02
9.835171788068807928e+02
9.849568270714960363e+02
9.849568270714960363e+02
9.849568270714960363e+02
9.848196878936140592e+02
9.836543179847628835e+02
9.849568270714960363e+02
9.848881531148396107e+02
9.850939662493780133e+02
9.848881531148396107e+02
9.848881531148396107e+02
9.850939662493780133e+02
9.847512226723883941e+02
9.844769443166242127e+02
9.872877756246288072e+02
9.861908709370034103e+02
9.852995706484856555e+02
9.866707536918751202e+02
9.872877756246288072e+02
9.858481273600137911e+02
9.859850578024651213e+02
9.874249148025108980e+02
9.861221969803472120e+02
9.863280101148855010e+02
9.874249148025108980e+02
9.871506364467469439e+02
9.874249148025108980e+02
9.873562408458546997e+02
9.874249148025108980e+02
9.874249148025108980e+02
9.868078928697572110e+02
9.886589586680182720e+02
9.886589586680182720e+02
9.888645630671260278e+02
9.890017022450081186e+02
9.887958891104697159e+02
9.885902847113620737e+02
9.858481273600137911e+02
9.886589586680182720e+02
9.885902847113620737e+02
9.886589586680182720e+02
9.887274238892440508e+02
9.886589586680182720e+02
9.887274238892440508e+02
9.887274238892440508e+02
9.888645630671260278e+02
9.887274238892440508e+02
9.885218194901364086e+02
9.874933800237365631e+02
9.868078928697572110e+02
9.886589586680182720e+02
9.888645630671260278e+02
9.889330282883518066e+02
9.886589586680182720e+02
9.885902847113620737e+02
9.887274238892440508e+02
9.886589586680182720e+02
9.885218194901364086e+02
9.887274238892440508e+02
9.880419367352646987e+02
9.872877756246288072e+02
9.872877756246288072e+02
9.874933800237365631e+02
9.892073066441157607e+02
9.844769443166242127e+02
9.887958891104697159e+02
9.866707536918751202e+02
9.872877756246288072e+02
9.873562408458546997e+02
9.874249148025108980e+02
9.859850578024651213e+02
9.887274238892440508e+02
9.873562408458546997e+02
9.876305192016186538e+02
9.874249148025108980e+02
9.874249148025108980e+02
9.873562408458546997e+02
9.861908709370034103e+02
9.872877756246288072e+02
9.860537317591215469e+02
9.873562408458546997e+02
9.859850578024651213e+02
9.861908709370034103e+02
9.859850578024651213e+02
9.873562408458546997e+02
9.881788671777160289e+02
9.860537317591215469e+02
9.861221969803472120e+02
9.856423142254755021e+02
9.860537317591215469e+02
9.874249148025108980e+02
9.874933800237365631e+02
9.863964753361111661e+02
9.872191016679726090e+02
9.872191016679726090e+02
9.872191016679726090e+02
9.873562408458546997e+02
9.872877756246288072e+02
9.873562408458546997e+02
9.874933800237365631e+02
9.872191016679726090e+02
9.886589586680182720e+02
9.877676583795005172e+02
9.888645630671260278e+02
9.872191016679726090e+02
9.872191016679726090e+02
9.861908709370034103e+02
9.872191016679726090e+02
9.887274238892440508e+02
9.887274238892440508e+02
9.900986069326335155e+02
9.874933800237365631e+02
9.886589586680182720e+02
9.887958891104697159e+02
9.885902847113620737e+02
9.887274238892440508e+02
9.887274238892440508e+02
9.872191016679726090e+02
9.885902847113620737e+02
9.886589586680182720e+02
9.885902847113620737e+02
9.901670721538591806e+02
9.900299329759773173e+02
9.897558633556436689e+02
9.900986069326335155e+02
9.887958891104697159e+02
9.887274238892440508e+02
9.897558633556436689e+02
9.887958891104697159e+02
9.894815849998797148e+02
9.900986069326335155e+02
9.898927937980952265e+02
9.900986069326335155e+02
9.900299329759773173e+02
9.885902847113620737e+02
9.890701674662336700e+02
9.887274238892440508e+02
9.885902847113620737e+02
9.900299329759773173e+02
9.890017022450081186e+02
9.888645630671260278e+02
9.899614677547514248e+02
9.886589586680182720e+02
9.890701674662336700e+02
9.899614677547514248e+02
9.885902847113620737e+02
9.886589586680182720e+02
9.886589586680182720e+02
9.886589586680182720e+02
9.885902847113620737e+02
9.890701674662336700e+02
9.885902847113620737e+02
9.890017022450081186e+02
9.909212332644949583e+02
9.875620539803928750e+02
9.872877756246288072e+02
9.873562408458546997e+02
9.865336145139932569e+02
9.874933800237365631e+02
9.872191016679726090e+02
9.873562408458546997e+02
9.872877756246288072e+02
9.861221969803472120e+02
9.861221969803472120e+02
9.875620539803928750e+02
9.861908709370034103e+02
9.861221969803472120e+02
9.859850578024651213e+02
9.863280101148855010e+02
9.860537317591215469e+02
9.870134972688648531e+02
9.874933800237365631e+02
9.874933800237365631e+02
9.850252922927217014e+02
9.859850578024651213e+02
9.863280101148855010e+02
9.863280101148855010e+02
9.861908709370034103e+02
9.861221969803472120e+02
9.850939662493780133e+02
9.846140834945063034e+02
9.861908709370034103e+02
9.861221969803472120e+02
9.851624314706037921e+02
9.850252922927217014e+02
9.859850578024651213e+02
9.850939662493780133e+02
9.850252922927217014e+02
9.861221969803472120e+02
9.874933800237365631e+02
9.857794534033573655e+02
9.860537317591215469e+02
9.861221969803472120e+02
9.861908709370034103e+02
9.862593361582293028e+02
9.862593361582293028e+02
9.848196878936140592e+02
9.846140834945063034e+02
9.861908709370034103e+02
9.848196878936140592e+02
9.861221969803472120e+02
9.859165925812394562e+02
9.859165925812394562e+02
9.860537317591215469e+02
9.875620539803928750e+02
9.875620539803928750e+02
9.860537317591215469e+02
9.859850578024651213e+02
9.858481273600137911e+02
9.858481273600137911e+02
9.872191016679726090e+02
9.874933800237365631e+02
9.873562408458546997e+02
9.861908709370034103e+02
9.847512226723883941e+02
9.863280101148855010e+02
9.876305192016186538e+02
9.849568270714960363e+02
9.871506364467469439e+02
9.850939662493780133e+02
9.860537317591215469e+02
9.860537317591215469e+02
9.861908709370034103e+02
9.855051750475934114e+02
9.860537317591215469e+02
9.861908709370034103e+02
9.863964753361111661e+02
9.851624314706037921e+02
9.861221969803472120e+02
9.854367098263677462e+02
9.850939662493780133e+02
9.846825487157319685e+02
9.850252922927217014e+02
9.848881531148396107e+02
9.850252922927217014e+02
9.850939662493780133e+02
9.848196878936140592e+02
9.850252922927217014e+02
9.848196878936140592e+02
9.835171788068807928e+02
9.838599223838706394e+02
9.837227832059885486e+02
9.836543179847628835e+02
9.834485048502245945e+02
9.827630176962452424e+02
9.826258785183631517e+02
9.824202741192553958e+02
9.812546954749736869e+02
9.800893255661223975e+02
9.809119518979839540e+02
9.811862302537479081e+02
9.798150472103584434e+02
9.814605086095119759e+02
9.799521863882405341e+02
9.795407688545944893e+02
9.798835124315843359e+02
9.799521863882405341e+02
9.787181425227330465e+02
9.803636039218865790e+02
9.794036296767123986e+02
9.798835124315843359e+02
9.774840986572256725e+02
9.775527726138818707e+02
9.787866077439588253e+02
9.773469594793435817e+02
9.774156334359998937e+02
9.750160109262105834e+02
9.772098203014614910e+02
9.774840986572256725e+02
9.761129156138360941e+02
9.779639814120973824e+02
9.776897030563334283e+02
9.773469594793435817e+02
9.762500547917181848e+02
9.760444503926104289e+02
9.762500547917181848e+02
9.763871939696002755e+02
9.757701720368464748e+02
9.759073112147283382e+02
9.760444503926104289e+02
9.751531501040926742e+02
9.752218240607489861e+02
9.762500547917181848e+02
9.760444503926104289e+02
9.722051796182062162e+02
9.759759851713847638e+02
9.737135018394774306e+02
9.761815895704925197e+02
9.739191062385851865e+02
9.762500547917181848e+02
9.759759851713847638e+02
9.749475457049850320e+02
9.764558679262564738e+02
9.760444503926104289e+02
9.761129156138360941e+02
9.746732673492210779e+02
9.760444503926104289e+02
9.756330328589643841e+02
9.777583770129896266e+02
9.763871939696002755e+02
9.772784942581179166e+02
9.762500547917181848e+02
9.765243331474821389e+02
9.759073112147283382e+02
9.772098203014614910e+02
9.798150472103584434e+02
9.776897030563334283e+02
9.787181425227330465e+02
9.785810033448510694e+02
9.781697945466356714e+02
9.785810033448510694e+02
9.785125381236252906e+02
9.800893255661223975e+02
9.798835124315843359e+02
9.798150472103584434e+02
9.798150472103584434e+02
9.800206516094661993e+02
9.800206516094661993e+02
9.799521863882405341e+02
9.811175562970915962e+02
9.800206516094661993e+02
9.809806258546401523e+02
9.811175562970915962e+02
9.826258785183631517e+02
9.812546954749736869e+02
9.822831349413733051e+02
9.835856440281064579e+02
9.813918346528555503e+02
9.820088565856093510e+02
9.833800396289988157e+02
9.822831349413733051e+02
9.837227832059885486e+02
9.837912484272142137e+02
9.834485048502245945e+02
9.833113656723425038e+02
9.848881531148396107e+02
9.848196878936140592e+02
9.849568270714960363e+02
9.848196878936140592e+02
9.847512226723883941e+02
9.848196878936140592e+02
9.850939662493780133e+02
9.852311054272599904e+02
9.860537317591215469e+02
9.858481273600137911e+02
9.850252922927217014e+02
9.846140834945063034e+02
9.863280101148855010e+02
9.849568270714960363e+02
9.862593361582293028e+02
9.850939662493780133e+02
9.848196878936140592e+02
9.860537317591215469e+02
9.861908709370034103e+02
9.861221969803472120e+02
9.862593361582293028e+02
9.874933800237365631e+02
9.861221969803472120e+02
9.861908709370034103e+02
9.863280101148855010e+02
9.862593361582293028e+02
9.860537317591215469e+02
9.872877756246288072e+02
9.859850578024651213e+02
9.872191016679726090e+02
9.853682446051419674e+02
9.874249148025108980e+02
9.877676583795005172e+02
9.874933800237365631e+02
9.871506364467469439e+02
9.862593361582293028e+02
9.875620539803928750e+02
9.886589586680182720e+02
9.873562408458546997e+02
9.869450320476393017e+02
9.884531455334799830e+02
9.874933800237365631e+02
9.877676583795005172e+02
9.876305192016186538e+02
9.873562408458546997e+02
9.885902847113620737e+02
9.863964753361111661e+02
9.870819624900905183e+02
9.886589586680182720e+02
9.885218194901364086e+02
9.877676583795005172e+02
9.877676583795005172e+02
9.873562408458546997e+02
9.861221969803472120e+02
9.884531455334799830e+02
9.872191016679726090e+02
9.861908709370034103e+02
9.874933800237365631e+02
9.874249148025108980e+02
9.872191016679726090e+02
9.876305192016186538e+02
9.874933800237365631e+02
9.885902847113620737e+02
9.876305192016186538e+02
9.862593361582293028e+02
9.874249148025108980e+02
9.874933800237365631e+02
9.876305192016186538e+02
9.863280101148855010e+02
9.873562408458546997e+02
9.871506364467469439e+02
9.863964753361111661e+02
9.861221969803472120e+02
9.849568270714960363e+02
9.848196878936140592e+02
9.862593361582293028e+02
9.862593361582293028e+02
9.859165925812394562e+02
9.861908709370034103e+02
9.872191016679726090e+02
9.863280101148855010e+02
9.859165925812394562e+02
9.860537317591215469e+02
9.873562408458546997e+02
9.859850578024651213e+02
9.862593361582293028e+02
9.863964753361111661e+02
9.859850578024651213e+02
9.861221969803472120e+02
9.843398051387423493e+02
9.859850578024651213e+02
9.849568270714960363e+02
9.853682446051419674e+02
9.851624314706037921e+02
9.848881531148396107e+02
9.848196878936140592e+02
9.837227832059885486e+02
9.846825487157319685e+02
9.828314829174707938e+02
9.849568270714960363e+02
9.853682446051419674e+02
9.849568270714960363e+02
9.846825487157319685e+02
9.836543179847628835e+02
9.849568270714960363e+02
9.849568270714960363e+02
9.836543179847628835e+02
9.842713399175164568e+02
9.848196878936140592e+02
9.847512226723883941e+02
9.852995706484856555e+02
9.839970615617525027e+02
9.836543179847628835e+02
9.835171788068807928e+02
9.834485048502245945e+02
9.850939662493780133e+02
9.835171788068807928e+02
9.847512226723883941e+02
9.852995706484856555e+02
9.846825487157319685e+02
9.847512226723883941e+02
9.833113656723425038e+02
9.837227832059885486e+02
9.849568270714960363e+02
9.848881531148396107e+02
9.853682446051419674e+02
9.850252922927217014e+02
9.845454095378499915e+02
9.850252922927217014e+02
9.850252922927217014e+02
9.835856440281064579e+02
9.836543179847628835e+02
9.831057612732347479e+02
9.847512226723883941e+02
9.846825487157319685e+02
9.850939662493780133e+02
9.851624314706037921e+02
9.837227832059885486e+02
9.848196878936140592e+02
9.842713399175164568e+02
9.835856440281064579e+02
9.836543179847628835e+02
9.850252922927217014e+02
9.836543179847628835e+02
9.835171788068807928e+02
9.836543179847628835e+02
9.851624314706037921e+02
9.850939662493780133e+02
9.850252922927217014e+02
9.846825487157319685e+02
9.835856440281064579e+02
9.848196878936140592e+02
9.852311054272599904e+02
9.850252922927217014e+02
9.849568270714960363e+02
9.850939662493780133e+02
9.848881531148396107e+02
9.850252922927217014e+02
9.851624314706037921e+02
9.846825487157319685e+02
9.847512226723883941e+02
9.837227832059885486e+02
9.847512226723883941e+02
9.849568270714960363e+02
9.861908709370034103e+02
9.866020797352188083e+02
9.861908709370034103e+02
9.860537317591215469e+02
9.863280101148855010e+02
9.861221969803472120e+02
9.846825487157319685e+02
9.861221969803472120e+02
9.850252922927217014e+02
9.858481273600137911e+02
9.869450320476393017e+02
9.874249148025108980e+02
9.862593361582293028e+02
9.874249148025108980e+02
9.872877756246288072e+02
9.874933800237365631e+02
9.875620539803928750e+02
9.860537317591215469e+02
9.874249148025108980e+02
9.864651492927673644e+02
9.869450320476393017e+02
9.861908709370034103e+02
9.876305192016186538e+02
9.905784896875052254e+02
9.875620539803928750e+02
9.869450320476393017e+02
9.861221969803472120e+02
9.874933800237365631e+02
9.861221969803472120e+02
9.886589586680182720e+02
9.879047975573826079e+02
9.883846803122543179e+02
9.885902847113620737e+02
9.886589586680182720e+02
9.890701674662336700e+02
9.874249148025108980e+02
9.887274238892440508e+02
9.883160063555981196e+02
9.885902847113620737e+02
9.886589586680182720e+02
9.872877756246288072e+02
9.887958891104697159e+02
9.872191016679726090e+02
9.887274238892440508e+02
9.876989844228443189e+02
9.888645630671260278e+02
9.872877756246288072e+02
9.872191016679726090e+02
9.863964753361111661e+02
9.885902847113620737e+02
9.872877756246288072e+02
9.887274238892440508e+02
9.889330282883518066e+02
9.886589586680182720e+02
9.886589586680182720e+02
9.873562408458546997e+02
9.874249148025108980e+02
9.887958891104697159e+02
9.887958891104697159e+02
9.859850578024651213e+02
9.883160063555981196e+02
9.889330282883518066e+02
9.887274238892440508e+02
9.875620539803928750e+02
9.874249148025108980e+02
9.872191016679726090e+02
9.874933800237365631e+02
9.874249148025108980e+02
9.872877756246288072e+02
9.874249148025108980e+02
9.865336145139932569e+02
9.890017022450081186e+02
9.874933800237365631e+02
9.873562408458546997e+02
9.876989844228443189e+02
9.872877756246288072e+02
9.872877756246288072e+02
9.877676583795005172e+02
9.883846803122543179e+02
9.872191016679726090e+02
9.871506364467469439e+02
9.879732627786082730e+02
9.870819624900905183e+02
9.874249148025108980e+02
9.859850578024651213e+02
9.874249148025108980e+02
9.875620539803928750e+02
9.885218194901364086e+02
9.872877756246288072e+02
9.886589586680182720e+02
9.873562408458546997e+02
9.874933800237365631e+02
9.871506364467469439e+02
9.872191016679726090e+02
9.872877756246288072e+02
9.869450320476393017e+02
9.877676583795005172e+02
9.874249148025108980e+02
9.885902847113620737e+02
9.864651492927673644e+02
9.872191016679726090e+02
9.874249148025108980e+02
9.886589586680182720e+02
9.872191016679726090e+02
9.858481273600137911e+02
9.871506364467469439e+02
9.873562408458546997e+02
9.878361236007264097e+02
9.888645630671260278e+02
9.885218194901364086e+02
9.884531455334799830e+02
9.873562408458546997e+02
9.886589586680182720e+02
9.876305192016186538e+02
9.883846803122543179e+02
9.870819624900905183e+02
9.887958891104697159e+02
9.874933800237365631e+02
9.876989844228443189e+02
9.887274238892440508e+02
9.874933800237365631e+02
9.880419367352646987e+02
9.885902847113620737e+02
9.872191016679726090e+02
9.886589586680182720e+02
9.873562408458546997e+02
9.887958891104697159e+02
9.874249148025108980e+02
9.875620539803928750e+02
9.874933800237365631e+02
9.885902847113620737e+02
9.892073066441157607e+02
9.881104019564903638e+02
9.880419367352646987e+02
9.874249148025108980e+02
9.885218194901364086e+02
9.891388414228900956e+02
9.887958891104697159e+02
9.885902847113620737e+02
9.874249148025108980e+02
9.873562408458546997e+02
9.887274238892440508e+02
9.887274238892440508e+02
9.882475411343724545e+02
9.887958891104697159e+02
9.899614677547514248e+02
9.888645630671260278e+02
9.890701674662336700e+02
9.887274238892440508e+02
9.885902847113620737e+02
9.864651492927673644e+02
9.872191016679726090e+02
9.883846803122543179e+02
9.889330282883518066e+02
9.887958891104697159e+02
9.885902847113620737e+02
9.885218194901364086e+02
9.888645630671260278e+02
9.887958891104697159e+02
9.872877756246288072e+02
9.885218194901364086e+02
9.877676583795005172e+02
9.885902847113620737e+02
9.887274238892440508e+02
9.886589586680182720e+02
9.887958891104697159e+02
9.888645630671260278e+02
9.885902847113620737e+02
9.881104019564903638e+02
9.885218194901364086e+02
9.885218194901364086e+02
9.883160063555981196e+02
9.888645630671260278e+02
9.887274238892440508e+02
9.885902847113620737e+02
9.886589586680182720e+02
9.874933800237365631e+02
9.885902847113620737e+02
9.874249148025108980e+02
9.868078928697572110e+02
9.883846803122543179e+02
9.886589586680182720e+02
9.887958891104697159e+02
9.876305192016186538e+02
9.885902847113620737e+02
9.884531455334799830e+02
9.861221969803472120e+02
9.860537317591215469e+02
9.874933800237365631e+02
9.865336145139932569e+02
9.871506364467469439e+02
9.862593361582293028e+02
9.861221969803472120e+02
9.861908709370034103e+02
9.874933800237365631e+02
9.859850578024651213e+02
9.844769443166242127e+02
9.844769443166242127e+02
9.848196878936140592e+02
9.861221969803472120e+02
9.862593361582293028e+02
9.859165925812394562e+02
9.850252922927217014e+02
9.847512226723883941e+02
9.837227832059885486e+02
9.847512226723883941e+02
9.850252922927217014e+02
9.836543179847628835e+02
9.828314829174707938e+02
9.825574132971374866e+02
9.822144609847171068e+02
9.840655267829783952e+02
9.825574132971374866e+02
9.823516001625991976e+02
9.822831349413733051e+02
9.811175562970915962e+02
9.810490910758659311e+02
9.813233694316299989e+02
9.811862302537479081e+02
9.811862302537479081e+02
9.811175562970915962e+02
9.796779080324765800e+02
9.800893255661223975e+02
9.824887393404810609e+02
9.811175562970915962e+02
9.787866077439588253e+02
9.791980252776047564e+02
9.797465819891327783e+02
9.798150472103584434e+02
9.801577907873482900e+02
9.787866077439588253e+02
9.785810033448510694e+02
9.796779080324765800e+02
9.792666992342611820e+02
9.785810033448510694e+02
9.785125381236252906e+02
9.787181425227330465e+02
9.773469594793435817e+02
9.799521863882405341e+02
9.786496773015073813e+02
9.775527726138818707e+02
9.776212378351075358e+02
9.786496773015073813e+02
9.785810033448510694e+02
9.764558679262564738e+02
9.781697945466356714e+02
9.785125381236252906e+02
9.787181425227330465e+02
9.787866077439588253e+02
9.787181425227330465e+02
9.773469594793435817e+02
9.788552817006151372e+02
9.801577907873482900e+02
9.787866077439588253e+02
9.797465819891327783e+02
9.775527726138818707e+02
9.798150472103584434e+02
9.800206516094661993e+02
9.786496773015073813e+02
9.800893255661223975e+02
9.785810033448510694e+02
9.809806258546401523e+02
9.812546954749736869e+02
9.801577907873482900e+02
9.787181425227330465e+02
9.811862302537479081e+02
9.800206516094661993e+02
9.824202741192553958e+02
9.823516001625991976e+02
9.813918346528555503e+02
9.835171788068807928e+02
9.836543179847628835e+02
9.835856440281064579e+02
9.824887393404810609e+02
9.835171788068807928e+02
9.834485048502245945e+02
9.850252922927217014e+02
9.851624314706037921e+02
9.848881531148396107e+02
9.833800396289988157e+02
9.859850578024651213e+02
9.863964753361111661e+02
9.848196878936140592e+02
9.858481273600137911e+02
9.855738490042496096e+02
9.883846803122543179e+02
9.874249148025108980e+02
9.861221969803472120e+02
9.863964753361111661e+02
9.874249148025108980e+02
9.871506364467469439e+02
9.872877756246288072e+02
9.886589586680182720e+02
9.883846803122543179e+02
9.887274238892440508e+02
9.885218194901364086e+02
9.885902847113620737e+02
9.885902847113620737e+02
9.890017022450081186e+02
9.887958891104697159e+02
9.881104019564903638e+02
9.885902847113620737e+02
9.873562408458546997e+02
9.886589586680182720e+02
9.899614677547514248e+02
9.899614677547514248e+02
9.900299329759773173e+02
9.898927937980952265e+02
9.885902847113620737e+02
9.902357461105156062e+02
9.899614677547514248e+02
9.885218194901364086e+02
9.897558633556436689e+02
9.889330282883518066e+02
9.898243285768695614e+02
9.899614677547514248e+02
9.886589586680182720e+02
9.903042113317412714e+02
9.890701674662336700e+02
9.886589586680182720e+02
9.884531455334799830e+02
9.896871893989874707e+02
9.885218194901364086e+02
9.898927937980952265e+02
9.885902847113620737e+02
9.884531455334799830e+02
9.885902847113620737e+02
9.889330282883518066e+02
9.887958891104697159e+02
9.887958891104697159e+02
9.898243285768695614e+02
9.881104019564903638e+02
9.897558633556436689e+02
9.887274238892440508e+02
9.886589586680182720e+02
9.889330282883518066e+02
9.884531455334799830e+02
9.887274238892440508e+02
9.883846803122543179e+02
9.886589586680182720e+02
9.885218194901364086e+02
9.886589586680182720e+02
9.886589586680182720e+02
9.887274238892440508e+02
9.899614677547514248e+02
9.889330282883518066e+02
9.888645630671260278e+02
9.886589586680182720e+02
9.884531455334799830e+02
9.875620539803928750e+02
9.897558633556436689e+02
9.886589586680182720e+02
9.885902847113620737e+02
9.891388414228900956e+02
9.890017022450081186e+02
9.879047975573826079e+02
9.879732627786082730e+02
9.898927937980952265e+02
9.887274238892440508e+02
9.888645630671260278e+02
9.887958891104697159e+02
9.884531455334799830e+02
9.886589586680182720e+02
9.885902847113620737e+02
9.885902847113620737e+02
9.885218194901364086e+02
9.886589586680182720e+02
9.886589586680182720e+02
9.885902847113620737e+02
9.885902847113620737e+02
9.886589586680182720e+02
9.891388414228900956e+02
9.884531455334799830e+02
9.887274238892440508e+02
9.884531455334799830e+02
9.884531455334799830e+02
9.887274238892440508e+02
9.888645630671260278e+02
9.887958891104697159e+02
9.872877756246288072e+02
9.885218194901364086e+02
9.896187241777618055e+02
9.886589586680182720e+02
9.872877756246288072e+02
9.876305192016186538e+02
9.874249148025108980e+02
9.885218194901364086e+02
9.872877756246288072e+02
9.862593361582293028e+02
9.884531455334799830e+02
9.888645630671260278e+02
9.884531455334799830e+02
9.877676583795005172e+02
9.874249148025108980e+02
9.873562408458546997e+02
9.860537317591215469e+02
9.883846803122543179e+02
9.873562408458546997e+02
9.874933800237365631e+02
9.875620539803928750e+02
9.873562408458546997e+02
9.872191016679726090e+02
9.875620539803928750e+02
9.861221969803472120e+02
9.860537317591215469e+02
9.873562408458546997e+02
9.859850578024651213e+02
9.859165925812394562e+02
9.857109881821317003e+02
9.852995706484856555e+02
9.862593361582293028e+02
9.859165925812394562e+02
9.859850578024651213e+02
9.852311054272599904e+02
9.859850578024651213e+02
9.848196878936140592e+02
9.859850578024651213e+02
9.853682446051419674e+02
9.861908709370034103e+02
9.847512226723883941e+02
9.855051750475934114e+02
9.849568270714960363e+02
9.861221969803472120e+02
9.861908709370034103e+02
9.849568270714960363e+02
9.848881531148396107e+02
9.846825487157319685e+02
9.861908709370034103e+02
9.850939662493780133e+02
9.837227832059885486e+02
9.859850578024651213e+02
9.850252922927217014e+02
9.846825487157319685e+02
9.850252922927217014e+02
9.851624314706037921e+02
9.851624314706037921e+02
9.849568270714960363e+02
9.848881531148396107e+02
9.836543179847628835e+02
9.847512226723883941e+02
9.848196878936140592e+02
9.848881531148396107e+02
9.851624314706037921e+02
9.848196878936140592e+02
9.847512226723883941e+02
9.851624314706037921e+02
9.846140834945063034e+02
9.849568270714960363e+02
9.849568270714960363e+02
9.848196878936140592e+02
9.853682446051419674e+02
9.850252922927217014e+02
9.852311054272599904e+02
9.851624314706037921e+02
9.848196878936140592e+02
9.848196878936140592e+02
9.840655267829783952e+02
9.846140834945063034e+02
9.860537317591215469e+02
9.848196878936140592e+02
9.851624314706037921e+02
9.848881531148396107e+02
9.847512226723883941e+02
9.849568270714960363e+02
9.849568270714960363e+02
9.856423142254755021e+02
9.863280101148855010e+02
9.848881531148396107e+02
9.859850578024651213e+02
9.861221969803472120e+02
9.850252922927217014e+02
9.864651492927673644e+02
9.861221969803472120e+02
9.850252922927217014e+02
9.852995706484856555e+02
9.857794534033573655e+02
9.861221969803472120e+02
9.859165925812394562e+02
9.864651492927673644e+02
9.874933800237365631e+02
9.857794534033573655e+02
9.863280101148855010e+02
9.859850578024651213e+02
9.873562408458546997e+02
9.875620539803928750e+02
9.863964753361111661e+02
9.874249148025108980e+02
9.872191016679726090e+02
9.874933800237365631e+02
9.886589586680182720e+02
9.884531455334799830e+02
9.872877756246288072e+02
9.868078928697572110e+02
9.859850578024651213e+02
9.886589586680182720e+02
9.885218194901364086e+02
9.876305192016186538e+02
9.887958891104697159e+02
9.886589586680182720e+02
9.886589586680182720e+02
9.885218194901364086e+02
9.884531455334799830e+02
9.887274238892440508e+02
9.883846803122543179e+02
9.887958891104697159e+02
9.881788671777160289e+02
9.888645630671260278e+02
9.887958891104697159e+02
9.900299329759773173e+02
9.898927937980952265e+02
9.885902847113620737e+02
9.897558633556436689e+02
9.898927937980952265e+02
9.899614677547514248e+02
9.902357461105156062e+02
9.899614677547514248e+02
9.909896984857206235e+02
9.898927937980952265e+02
9.898927937980952265e+02
9.885218194901364086e+02
9.899614677547514248e+02
9.900299329759773173e+02
9.897558633556436689e+02
9.911955116202589124e+02
9.911955116202589124e+02
9.911955116202589124e+02
9.900299329759773173e+02
9.900986069326335155e+02
9.894129110432235166e+02
9.910583724423769354e+02
9.898927937980952265e+02
9.915382551972485317e+02
9.903042113317412714e+02
9.912639768414845776e+02
9.911268376636027142e+02
9.885902847113620737e+02
9.910583724423769354e+02
9.912639768414845776e+02
9.913326507981408895e+02
9.915382551972485317e+02
9.924980207069921789e+02
9.898927937980952265e+02
9.900986069326335155e+02
9.896871893989874707e+02
9.912639768414845776e+02
9.897558633556436689e+02
9.912639768414845776e+02
9.916753943751306224e+02
9.899614677547514248e+02
9.902357461105156062e+02
9.912639768414845776e+02
9.914011160193666683e+02
9.887274238892440508e+02
9.894129110432235166e+02
9.897558633556436689e+02
9.909212332644949583e+02
9.900299329759773173e+02
9.900986069326335155e+02
9.899614677547514248e+02
9.898243285768695614e+02
9.898243285768695614e+02
9.900299329759773173e+02
9.898243285768695614e+02
9.898243285768695614e+02
9.903042113317412714e+02
9.900299329759773173e+02
9.898243285768695614e+02
9.899614677547514248e+02
9.900299329759773173e+02
9.898243285768695614e+02
9.886589586680182720e+02
9.922924163078844231e+02
9.899614677547514248e+02
9.886589586680182720e+02
9.900986069326335155e+02
9.900299329759773173e+02
9.900299329759773173e+02
9.898243285768695614e+02
9.874249148025108980e+02
9.894129110432235166e+02
9.886589586680182720e+02
9.887958891104697159e+02
9.902357461105156062e+02
9.887958891104697159e+02
9.885902847113620737e+02
9.898927937980952265e+02
9.886589586680182720e+02
9.885902847113620737e+02
9.887274238892440508e+02
9.885902847113620737e+02
9.883846803122543179e+02
9.886589586680182720e+02
9.890017022450081186e+02
9.888645630671260278e+02
9.886589586680182720e+02
9.897558633556436689e+02
9.878361236007264097e+02
9.885218194901364086e+02
9.873562408458546997e+02
9.891388414228900956e+02
9.888645630671260278e+02
9.886589586680182720e+02
9.872191016679726090e+02
9.875620539803928750e+02
9.885218194901364086e+02
9.886589586680182720e+02
9.885902847113620737e+02
9.876989844228443189e+02
9.874933800237365631e+02
9.885218194901364086e+02
9.881104019564903638e+02
9.872877756246288072e+02
9.873562408458546997e+02
9.885902847113620737e+02
9.874933800237365631e+02
9.890701674662336700e+02
9.873562408458546997e+02
9.874933800237365631e+02
9.875620539803928750e+02
9.872877756246288072e+02
9.872877756246288072e+02
9.880419367352646987e+02
9.872191016679726090e+02
9.872191016679726090e+02
9.861908709370034103e+02
9.862593361582293028e+02
9.874933800237365631e+02
9.859165925812394562e+02
9.852995706484856555e+02
9.859165925812394562e+02
9.859850578024651213e+02
9.864651492927673644e+02
9.861908709370034103e+02
9.861221969803472120e+02
9.860537317591215469e+02
9.862593361582293028e+02
9.862593361582293028e+02
9.848196878936140592e+02
9.848881531148396107e+02
9.854367098263677462e+02
9.857794534033573655e+02
9.849568270714960363e+02
9.849568270714960363e+02
9.852995706484856555e+02
9.850939662493780133e+02
9.846825487157319685e+02
9.842026659608602586e+02
9.849568270714960363e+02
9.851624314706037921e+02
9.850252922927217014e+02
9.849568270714960363e+02
9.850939662493780133e+02
9.848196878936140592e+02
9.849568270714960363e+02
9.850939662493780133e+02
9.833800396289988157e+02
9.835856440281064579e+02
9.839970615617525027e+02
9.834485048502245945e+02
9.836543179847628835e+02
9.846825487157319685e+02
9.839283876050963045e+02
9.824887393404810609e+02
9.822831349413733051e+02
9.832429004511168387e+02
9.822144609847171068e+02
9.819403913643836859e+02
9.824887393404810609e+02
9.821459957634914417e+02
9.836543179847628835e+02
9.820088565856093510e+02
9.827630176962452424e+02
9.825574132971374866e+02
9.824202741192553958e+02
9.823516001625991976e+02
9.811175562970915962e+02
9.820775305422655492e+02
9.811175562970915962e+02
9.824202741192553958e+02
9.839283876050963045e+02
9.823516001625991976e+02
9.810490910758659311e+02
9.837912484272142137e+02
9.837912484272142137e+02
9.826943437395887031e+02
9.818032521865015951e+02
9.818717174077274876e+02
9.822144609847171068e+02
9.824202741192553958e+02
9.825574132971374866e+02
9.825574132971374866e+02
9.832429004511168387e+02
9.823516001625991976e+02
9.832429004511168387e+02
9.823516001625991976e+02
9.822831349413733051e+02
9.837912484272142137e+02
9.837912484272142137e+02
9.836543179847628835e+02
9.838599223838706394e+02
9.837227832059885486e+02
9.850252922927217014e+02
9.848881531148396107e+02
9.853682446051419674e+02
9.828314829174707938e+02
9.833800396289988157e+02
9.837227832059885486e+02
9.850252922927217014e+02
9.852311054272599904e+02
9.850252922927217014e+02
9.857794534033573655e+02
9.852311054272599904e+02
9.849568270714960363e+02
9.848881531148396107e+02
9.849568270714960363e+02
9.862593361582293028e+02
9.863280101148855010e+02
9.848881531148396107e+02
9.862593361582293028e+02
9.874249148025108980e+02
9.859165925812394562e+02
9.861221969803472120e+02
9.874933800237365631e+02
9.859165925812394562e+02
9.861221969803472120e+02
9.870819624900905183e+02
9.874933800237365631e+02
9.886589586680182720e+02
9.874249148025108980e+02
9.870134972688648531e+02
9.857794534033573655e+02
9.874249148025108980e+02
9.876989844228443189e+02
9.890017022450081186e+02
9.874249148025108980e+02
9.885902847113620737e+02
9.860537317591215469e+02
9.885902847113620737e+02
9.887274238892440508e+02
9.885218194901364086e+02
9.887274238892440508e+02
9.888645630671260278e+02
9.884531455334799830e+02
9.887274238892440508e+02
9.875620539803928750e+02
9.883846803122543179e+02
9.885902847113620737e+02
9.883846803122543179e+02
9.884531455334799830e+02
9.887274238892440508e+02
9.900986069326335155e+02
9.894129110432235166e+02
9.886589586680182720e+02
9.886589586680182720e+02
9.879047975573826079e+02
9.884531455334799830e+02
9.887274238892440508e+02
9.896871893989874707e+02
9.903728852883974696e+02
9.881788671777160289e+02
