1.318603256228121579e+00
1.297316459981819881e+00
1.352117071921113078e+00
1.251122033937158928e+00
1.342607825097458019e+00
1.465652185963857823e+00
1.242859381125791529e+00
1.326240794017124136e+00
1.271306801203589076e+00
1.233256514298014750e+00
1.308965068661997133e+00
1.191815201880008113e+00
1.201853675406254762e+00
1.098162630973998244e+00
1.333585996510519456e+00
1.255018604546395355e+00
1.045546495352164929e+00
1.330127533508463689e+00
1.476747851888205787e+00
1.412259016862508876e+00
1.095676937978111720e+00
1.131833666106682568e+00
1.427764891659357938e+00
1.253564130929755605e+00
1.065938532687282558e+00
1.363934019445709023e+00
1.187828409913456840e+00
1.230494993976396501e+00
1.093342269100293862e+00
1.327306729856602807e+00
1.343928447896339362e+00
1.248484060819584851e+00
1.118456908295560881e+00
1.457572838734281229e+00
1.469703492196936079e+00
1.272741999508667954e+00
1.303369738579605031e+00
1.536596464769918402e+00
1.492871163481321650e+00
1.434846318495357043e+00
1.528558377242246413e+00
1.536232562039481664e+00
1.506193998331015527e+00
1.565022641442091134e+00
1.416066542362097502e+00
1.567226306313167505e+00
1.528947723427969807e+00
1.533611919913328014e+00
1.436172035389032375e+00
1.528020354940104131e+00
1.433135146202549670e+00
1.541821342396451966e+00
1.382011612654186594e+00
1.567488276359805921e+00
1.546267452996611835e+00
1.271420219480291935e+00
1.385504591177038725e+00
1.459976440207057635e+00
1.401636799752316254e+00
1.277171124838360150e+00
1.534322649350414736e+00
1.187444371873328963e+00
1.352591434120876901e+00
1.477357132985610111e+00
1.388151043210201330e+00
1.324276442476998605e+00
1.326898865089269464e+00
1.363016300370152534e+00
1.464029059298175062e+00
1.390861035828416803e+00
1.286764391293676812e+00
1.317107913009633702e+00
1.504636429716639245e+00
1.338652921947122154e+00
1.400984190371058702e+00
1.409395873406096733e+00
1.458421530890891660e+00
1.492952852334400449e+00
1.435985988731049767e+00
1.387522894595359935e+00
1.445747467446396151e+00
1.358659345362490223e+00
1.562828812125471201e+00
1.437300112356888038e+00
1.389748557894907366e+00
1.495673723655209786e+00
1.546839432254550895e+00
1.400317912212865279e+00
1.369966878131820165e+00
1.464232340009864908e+00
1.406994141577278423e+00
1.373406902945484953e+00
1.392934195122676577e+00
1.436439094990811682e+00
1.386551795123197595e+00
1.495603430978294401e+00
1.397497687728890714e+00
1.422844563003900165e+00
1.426352372167779103e+00
1.436640381415611234e+00
1.430572804700852352e+00
1.439277715541537495e+00
1.450245416307738733e+00
1.478007537245959124e+00
1.500547641481861927e+00
1.445960766360225414e+00
1.488064654203386405e+00
1.469972656392395161e+00
1.496187656310848935e+00
1.524625409881528837e+00
1.562323334011139098e+00
1.504465190642049865e+00
1.490361588744722798e+00
1.441506996851091182e+00
1.380955304700041131e+00
1.342443242746120369e+00
1.318443595935679280e+00
1.268370767920671716e+00
1.218649060171608456e+00
1.165114966603349345e+00
1.103445389846018143e+00
1.072360808144293687e+00
1.061297026699556723e+00
9.862717497968077618e-01
9.669537308263052022e-01
1.001206087450727589e+00
9.566103478106406932e-01
9.185915360272767227e-01
9.151113265657466744e-01
9.126691776251060206e-01
8.623653562378936765e-01
8.839694664061354956e-01
8.791901745938297541e-01
8.570351785937467826e-01
8.602039258477406358e-01
8.431588496779026665e-01
8.288634288736883571e-01
8.365767528611474102e-01
8.051288320016836142e-01
8.043490659465925008e-01
7.825332893016365698e-01
7.352332056054962095e-01
7.360807571109688752e-01
7.374298116131129399e-01
7.111099082730933940e-01
7.319464920302902744e-01
7.160268182333753284e-01
6.929196124207515073e-01
7.103856262691818912e-01
6.838577919707156116e-01
6.925313455633534954e-01
6.904657083565223230e-01
6.567265904030615831e-01
6.682611937986302486e-01
6.275496626615187923e-01
6.565057729843598588e-01
6.198800115921504483e-01
6.351511651148956661e-01
6.202576115019933223e-01
6.081536151462050288e-01
6.179723792746025790e-01
6.097167464956849692e-01
5.958753210170496528e-01
6.117831427122055743e-01
5.999250950040803110e-01
6.014022321126119008e-01
5.769895274460683510e-01
5.786600058757791487e-01
6.045153882117152433e-01
5.673051672246101074e-01
5.806060723526965672e-01
5.833236610838987701e-01
5.757238546815360847e-01
5.805826076210316433e-01
5.797042951423557744e-01
5.695317591797521839e-01
5.671409948677293977e-01
5.728171927820883136e-01
5.609064993815947586e-01
5.590721541345016199e-01
5.683622393793146266e-01
5.744233744401043840e-01
5.723006587962338187e-01
5.628102373179123541e-01
5.544556209029833926e-01
5.442227083005796162e-01
5.448701667944495508e-01
5.462873295902737070e-01
5.525404695180599068e-01
5.419287565379304894e-01
5.397399004240480691e-01
5.363561192151573565e-01
5.366753900281409084e-01
5.343777249371748361e-01
5.279986289436028324e-01
5.444185484826924437e-01
5.236559617795306654e-01
5.258606334579132291e-01
5.243026806031932940e-01
5.142041055163153462e-01
5.243297264808388647e-01
5.229162275946546146e-01
5.199615956006453654e-01
5.274088865486310507e-01
5.311083302905845738e-01
5.389278816036172648e-01
5.393256188344588420e-01
5.258505837897806678e-01
5.491700716818910255e-01
5.275655404116333935e-01
5.418148278088995573e-01
5.443345428017426491e-01
5.422372514091874374e-01
5.198571359078455467e-01
5.332087023221062649e-01
5.466264046596114312e-01
5.472624093268935175e-01
5.415959758941545354e-01
5.351547144479764651e-01
5.337838825113315755e-01
5.500864186872923556e-01
5.488288754746032394e-01
5.416333424108132899e-01
5.314217423123847039e-01
5.431728115840338544e-01
5.436134159257705045e-01
5.593477922509328959e-01
5.492248319195398576e-01
5.526536034349207593e-01
5.467570649413584505e-01
5.514755047080825978e-01
5.499965254914669366e-01
5.505733876466316623e-01
5.458403176795253442e-01
5.550688190310830716e-01
5.504268750183799463e-01
5.543480830390069558e-01
5.484891171114925079e-01
5.662490366739529879e-01
5.533920358497379510e-01
5.776038323397278962e-01
5.662044101168913768e-01
5.643089056780612456e-01
5.561622407709804206e-01
5.593513541240008324e-01
5.701254399143276252e-01
5.620120942559233557e-01
5.617066676517128432e-01
5.851811814500336162e-01
5.788285837194582228e-01
5.770022544949848786e-01
6.343636076309210337e-01
5.630538083743579225e-01
5.754846035452404474e-01
5.792619525787487955e-01
5.771104333594080371e-01
6.482439449346323324e-01
7.268374798285803795e-01
7.456079160151583007e-01
6.685021752288817787e-01
7.548187560349202130e-01
7.301195207849834334e-01
7.661767148944316208e-01
5.843136886158922794e-01
6.554647486834354053e-01
5.851430444191879632e-01
5.904279975226907062e-01
5.847778137430743595e-01
5.946898632159118847e-01
5.990288143952924305e-01
5.982012668232307151e-01
5.917795291869795138e-01
6.276290239422106509e-01
5.889039354549132632e-01
6.108020624043452029e-01
6.003099858015763512e-01
6.147284752803439112e-01
6.150281284282199668e-01
6.043791855364852861e-01
6.136685160601205169e-01
6.111838692511425419e-01
6.108707166127320676e-01
6.099152533155698386e-01
6.001990484982923091e-01
6.081907975088677309e-01
6.255797786364905022e-01
6.164648020352034852e-01
6.178569079340300307e-01
6.141778240030936198e-01
6.172552635022923173e-01
6.212500466727345350e-01
5.907470662486522528e-01
6.095346703828508073e-01
6.178376491426936790e-01
6.025188520772795098e-01
6.121134403921690836e-01
5.929728303854603366e-01
5.891508962411304839e-01
5.874880852606404469e-01
5.995740209353872530e-01
5.950972370519062027e-01
5.903960080738462901e-01
5.989801234845846256e-01
5.799870669904285680e-01
5.830591217378316982e-01
5.831430125992167479e-01
5.944976607527319157e-01
5.852218563331829104e-01
5.913301338631485882e-01
5.826005229855176770e-01
5.862248966815772899e-01
5.823483256841319733e-01
5.878642089085504008e-01
5.960784389498786640e-01
5.713542800848669945e-01
5.884171694481856729e-01
5.742264334629942901e-01
5.907816612070084794e-01
5.848823249563980253e-01
5.712417470510092743e-01
5.665094152562755170e-01
5.835147116159695724e-01
5.715814369782107329e-01
5.717726918959512572e-01
5.729980190824913722e-01
5.806596194406888900e-01
5.689765836287883349e-01
5.722436483292854259e-01
5.672896321231724048e-01
5.714216017934359293e-01
5.650636759376661544e-01
5.668256076064551729e-01
5.685955487524162466e-01
5.710577743189378941e-01
5.721759122555239996e-01
5.672422895378819163e-01
5.679144871998604849e-01
5.755743496473908483e-01
5.738269025837736681e-01
5.737422117860337956e-01
5.681418160681311891e-01
5.620411229038170253e-01
5.761536774472503231e-01
5.694046531524473709e-01
5.678707896189632010e-01
5.613681629387168304e-01
5.706172092970578369e-01
5.720206790460716784e-01
5.673842855030412080e-01
5.769600908321668165e-01
5.737886229616812050e-01
5.641934913098671789e-01
5.639453619191503453e-01
5.575495543110814411e-01
5.638009569103559215e-01
5.747409072640834449e-01
5.540238578049163642e-01
5.628178610088606648e-01
5.646321751680873913e-01
5.618255194818515541e-01
5.709443036813949268e-01
5.639324050678352629e-01
5.672649952806795293e-01
5.659119809262759260e-01
5.944873493736618775e-01
5.717902758212564107e-01
5.673913918310463655e-01
5.634150440144490846e-01
5.606109825796763424e-01
5.577890405075691671e-01
5.784823555160889530e-01
5.572973983754700988e-01
5.690321480713920188e-01
5.773382402682015746e-01
5.685065283253665225e-01
5.707707758531186393e-01
5.577478049627567769e-01
5.805586959879027731e-01
5.866698518372774895e-01
5.837982787586635247e-01
5.834186223245142466e-01
5.737991700015698804e-01
6.029870174380809189e-01
5.846734584880635133e-01
5.941855712127928069e-01
5.918742221006700888e-01
5.861745765663555208e-01
5.933328937459856345e-01
5.922497283291845438e-01
5.965021202563141056e-01
5.928680032716920900e-01
5.970738527833070464e-01
6.017044220262630638e-01
5.924635890233165281e-01
5.935766561590565260e-01
5.992262948291487978e-01
6.040515448712343582e-01
5.930214641715992885e-01
6.131453572894688397e-01
6.203351017420817293e-01
6.223175444585883342e-01
6.240244459456331105e-01
6.301121495490811242e-01
6.266249785746145218e-01
6.204628497274401466e-01
6.331031057203795331e-01
6.682135430577155200e-01
6.390071088704674107e-01
6.513874039864685495e-01
6.487131695450418789e-01
6.583225124956189056e-01
6.724389174123317492e-01
7.332678258558192885e-01
7.453607536487060203e-01
7.133835521349279896e-01
7.325404703227164083e-01
7.740428677190311912e-01
7.745151921694873876e-01
7.611483941123107222e-01
7.423456500685821080e-01
7.408004901514998464e-01
7.291371208164799667e-01
7.242248720490311875e-01
7.314850530521983529e-01
7.069246754616770323e-01
6.812520814678556524e-01
7.075381988406911349e-01
6.878227463529410501e-01
6.597336054916994597e-01
6.678091584659343605e-01
6.509619180553014584e-01
6.681772343254848145e-01
6.367419877027050701e-01
6.411861518039272401e-01
6.148321581259150737e-01
6.266320182074938128e-01
5.950866996974281120e-01
5.883482505628875314e-01
5.905706345344127195e-01
6.014541565999657058e-01
5.902853398820682163e-01
5.840115557822612713e-01
5.765785472961825198e-01
5.766802653420561864e-01
5.737026037193334593e-01
5.728772957289030021e-01
5.752448325730790124e-01
5.829859924175379016e-01
5.799503624525077505e-01
5.766401139873402748e-01
5.901252340813359920e-01
5.748020297351535968e-01
5.680292962809154744e-01
5.864044789708264815e-01
5.758265862926678080e-01
5.919624623482176995e-01
5.773369639530818720e-01
5.806330436572496589e-01
5.815732536443043443e-01
5.836205799741146505e-01
5.714191584301842042e-01
5.852369743482537245e-01
5.921163411248728803e-01
5.793781696016651050e-01
5.809263049678393687e-01
5.763800513331993614e-01
5.785293027359937890e-01
5.862727377761876024e-01
5.815198338163557468e-01
5.753633175054491122e-01
5.710454014502170939e-01
5.825166412710939268e-01
5.728531219668882013e-01
5.784338663787526036e-01
5.849216846387362834e-01
5.881199513444923532e-01
5.674240162330613790e-01
5.735475544013152183e-01
5.589618910894857962e-01
5.851481856358553557e-01
5.790719567176382254e-01
5.599202031907815069e-01
5.587081638662370064e-01
5.521381540096104157e-01
5.661141188811433800e-01
5.577807359275861465e-01
5.624562876241182563e-01
5.543534160196922356e-01
5.648129649130321228e-01
5.550578115678193036e-01
5.483924261998771588e-01
5.533919515625012053e-01
5.517001359799329485e-01
5.429516845685049553e-01
5.512760016409168351e-01
5.388375272356799028e-01
5.478585146233143632e-01
5.501295322198540561e-01
5.431158162206912721e-01
5.230602019893670906e-01
5.441567099532508278e-01
5.322424303746271512e-01
5.395435506666064196e-01
5.446427505714156458e-01
5.435130764737418074e-01
5.430102328710664228e-01
5.466159452607415314e-01
5.248254296760453963e-01
5.434661555454988191e-01
5.320883001927824152e-01
7.117155322924790806e-01
5.416133274524420615e-01
5.344275839970723530e-01
5.428929195130645091e-01
5.462700868709410296e-01
5.278445321854945416e-01
5.431755496781361936e-01
5.398757630746215952e-01
5.259815994037440046e-01
5.261626181833898297e-01
5.311325248479175087e-01
5.433698028576716688e-01
5.317298215562373809e-01
5.423981201664170859e-01
5.387164274479820936e-01
5.424105807614512109e-01
5.413826988325587397e-01
5.392914876034252680e-01
5.347813494374807908e-01
5.471045153419434870e-01
5.366181736590733831e-01
5.419740722255971255e-01
5.484654244826080438e-01
5.440136460017208631e-01
5.463997122142572049e-01
5.593016161892729876e-01
5.510545421084975803e-01
5.514435300270079665e-01
5.543169483316234825e-01
5.676361572657521171e-01
5.679631808513941893e-01
5.582220330062951374e-01
5.528153424163956275e-01
5.530294617019222425e-01
5.507916889504044233e-01
5.638154549424130302e-01
5.531165449518181676e-01
5.634849777586081743e-01
5.746989504647656011e-01
5.536014405273004257e-01
5.532763074527122793e-01
5.746667677518041417e-01
5.593565307120662577e-01
5.747193666909969911e-01
5.660632482898579898e-01
5.622777829386670367e-01
5.617298184209174039e-01
5.660103794729844928e-01
5.609541080730697793e-01
5.732546995578570170e-01
5.688118508938115880e-01
5.696904277208716394e-01
5.546649164173655944e-01
5.696954002466616540e-01
5.746707782683095900e-01
5.481454968868189059e-01
5.531000482461045920e-01
5.497359903536016557e-01
5.534094349808994506e-01
5.667037234030443127e-01
5.597786934916586521e-01
5.616599285734045210e-01
5.687112603617376916e-01
5.508803892772858868e-01
5.651926615688562805e-01
5.681662189757468173e-01
5.632297459595274614e-01
5.631787610721553650e-01
5.585177667662596379e-01
5.575316386274624669e-01
5.638472578464184259e-01
5.684514786351595461e-01
5.650721911707250467e-01
5.551258671996924798e-01
5.638697512986217131e-01
5.654415211854124657e-01
5.602429776062778366e-01
5.633358460005705171e-01
5.635940878142265964e-01
5.721387225242523522e-01
5.665945255990152418e-01
5.687474753396594140e-01
5.601470702182627104e-01
5.633514747613517226e-01
5.698952950117310845e-01
5.729635832708384058e-01
5.692273369952050022e-01
5.690360643202362345e-01
5.637128274931573202e-01
5.638684606657311527e-01
5.740756612666502168e-01
5.667597712440219926e-01
5.612257857232875180e-01
5.640439167574865520e-01
5.530522153266725915e-01
5.580309939707479572e-01
5.616755056989932715e-01
5.531306154172338507e-01
5.545936333912124816e-01
5.442886309150255508e-01
5.515137258143429921e-01
5.458139248883796535e-01
5.574421698223561705e-01
5.485033265031004079e-01
5.601295888015924707e-01
5.580434914609123664e-01
5.634161241743258497e-01
5.555315730187536660e-01
5.583182906535373302e-01
5.659725694672144147e-01
5.727449923769528661e-01
5.806411761709904251e-01
5.898797469861322140e-01
5.944152921323780925e-01
6.062792104834566764e-01
6.097447315430482018e-01
6.113598152593052726e-01
6.346269191945381749e-01
6.527598071873829122e-01
6.715785372906369899e-01
7.034598928661434103e-01
7.484702045202000775e-01
7.623374880951988564e-01
7.925880578449335800e-01
8.014013321985807847e-01
8.128945362324175861e-01
8.712960884930388561e-01
9.478968138992455161e-01
9.336407788987427514e-01
9.571560795429961965e-01
9.500236001271002984e-01
9.063959984951723836e-01
9.500637662680339046e-01
7.613036863351680950e-01
7.711681853813571186e-01
8.757324278813498619e-01
9.285468520067576836e-01
1.017818125218921343e+00
1.131501532018120981e+00
1.156486955723723398e+00
1.209229989446931164e+00
1.268455116403029770e+00
1.289520554083366966e+00
1.313032104379180831e+00
1.349971563877197855e+00
1.319075511552974200e+00
1.307715673973119275e+00
1.338864986412534375e+00
1.307825384921522893e+00
1.314560084937450579e+00
1.304977222719951868e+00
1.306792652184805226e+00
1.314887358668848982e+00
1.289811623452313816e+00
1.305619767721597713e+00
1.296585080795964240e+00
1.293316116339690902e+00
1.308404945709239264e+00
1.254401210310261083e+00
1.281947711786907140e+00
1.287924133837785812e+00
1.267783327414633954e+00
1.236356611775018433e+00
1.247677282013347044e+00
1.224016885424444423e+00
1.213310548022865198e+00
1.218041871995185765e+00
1.224822772853800590e+00
1.225464311434169673e+00
1.194200130693470641e+00
1.148467989245739673e+00
1.142630627946801924e+00
1.130477156498494340e+00
1.116845326524222193e+00
1.134144327512160322e+00
1.109204256879984918e+00
1.116886658562928680e+00
1.096049804957072604e+00
1.081128160350348422e+00
1.049994339509635610e+00
1.048093882960645429e+00
1.017057886981868720e+00
1.027304349718406007e+00
9.910858629426975153e-01
9.767223034959032768e-01
9.741984334358764208e-01
9.578923379271119254e-01
9.251333934106498180e-01
9.173870822751174492e-01
8.954277000799194530e-01
8.855913951954851315e-01
8.668474848961409407e-01
8.538867289430231988e-01
8.436807416682248206e-01
8.360210670273289235e-01
8.231513234310312566e-01
8.142826308391104551e-01
7.915307297549598609e-01
7.893953500768737808e-01
7.755350686047527420e-01
7.647962932542266001e-01
7.472221879910462272e-01
7.409066060725377767e-01
7.578796096752807854e-01
7.552872249454054554e-01
7.467200907543473098e-01
7.460598537754031812e-01
7.280908590421217852e-01
7.348339453753442996e-01
7.284059057849426866e-01
7.122640433395608373e-01
7.210085043359943935e-01
7.045850007651298652e-01
7.044715550398777948e-01
6.994914355244225002e-01
6.676389939995444056e-01
6.710878588878981255e-01
6.668357211799370576e-01
6.569603118971266698e-01
6.368636536933222070e-01
6.284748338549821511e-01
6.241847439606870163e-01
6.215708692848385120e-01
6.147075710681885186e-01
6.206013311120567311e-01
6.071181138904058194e-01
6.098374840129623387e-01
5.988002718035607685e-01
5.819394815840874813e-01
5.877667238911890024e-01
5.830026169165246630e-01
5.719913662094920914e-01
5.674248757564999135e-01
5.748426772285608610e-01
5.689710190608125995e-01
5.773581621350978299e-01
5.544440120242667414e-01
5.566908568283437386e-01
5.722785355793815754e-01
5.686895597094425714e-01
5.615731375078544252e-01
5.649248584658206340e-01
5.581159426300348336e-01
5.582402912217470092e-01
5.529371434802343721e-01
5.635618659749379589e-01
5.521273346014019534e-01
5.618186928633224220e-01
5.677252130322123502e-01
5.577230887690221017e-01
5.554083085881612591e-01
5.618215090982122684e-01
5.513453240587234960e-01
5.559260219776648304e-01
5.522375866058559790e-01
5.601983376057524389e-01
5.454881144035488294e-01
5.496721192411282431e-01
5.457954221190681743e-01
5.484372747152782557e-01
5.548692475443535166e-01
5.477834566561381457e-01
5.517643711228932268e-01
5.394441424768147142e-01
5.678457177432691960e-01
5.332858910699406207e-01
5.459999600483192994e-01
5.403045316190969727e-01
5.459988462048472879e-01
5.470220411006847527e-01
5.418998653748448024e-01
5.381306897689323021e-01
5.349749873293893065e-01
5.318359131883962920e-01
5.314919196228579112e-01
5.287925350375364264e-01
5.539771363695105144e-01
5.337090323492146293e-01
5.345342343915635563e-01
5.334105012153176339e-01
5.448213409294260234e-01
5.392711492323146727e-01
5.479255975586887484e-01
5.349895962923001402e-01
5.420064070738017659e-01
5.414477516917736155e-01
5.360696807237634864e-01
5.394452241507017298e-01
5.346061056406711254e-01
5.286677205577192673e-01
5.346909724610336978e-01
5.280941602923050482e-01
5.307356124595480340e-01
5.369803428975460369e-01
5.376085413166009630e-01
5.378605727577668860e-01
5.309933125453241143e-01
5.389508075638904661e-01
5.329271814239858740e-01
5.462260208230291791e-01
5.422283936528342618e-01
5.407571235988519742e-01
5.416936259081450711e-01
5.361104390731716851e-01
5.450752676452291778e-01
5.499471079283543284e-01
5.532433256215318895e-01
5.437764284523904923e-01
5.334118453603969856e-01
5.422203403063505789e-01
5.402345018455795289e-01
5.331780354617721152e-01
5.516239787620617063e-01
5.462695156487586967e-01
5.454065316180713996e-01
5.354185174300086780e-01
5.480299773119203799e-01
5.472990934869343960e-01
5.436755405916429140e-01
5.680431090682613871e-01
5.548158041453684630e-01
5.475066108306252399e-01
5.441256855115856883e-01
5.395279130371514187e-01
5.582983926927038709e-01
5.412162978740088226e-01
5.443579061077052916e-01
5.490658683630594838e-01
5.579719724827756355e-01
5.465471122923756253e-01
5.439233659526070408e-01
5.527790053785825997e-01
5.530707716715609346e-01
5.586472187258475497e-01
5.472313245082833788e-01
5.530476802337459530e-01
5.483287946805323054e-01
5.594242205759951680e-01
5.480390666567321878e-01
5.671889353474108830e-01
5.548132996884094226e-01
5.517542864922693191e-01
5.422320048925736158e-01
5.579421375791817628e-01
5.506305387707749466e-01
5.545845023301011478e-01
5.570874227736039019e-01
5.543165024250394923e-01
5.583988990428543353e-01
5.454909898698157011e-01
5.630973715895305487e-01
5.530315212520123813e-01
5.655214501026275542e-01
5.518013274979165494e-01
5.540495717189157787e-01
5.739351553866909317e-01
5.654271184775809811e-01
5.540440314572350200e-01
5.597546434705438223e-01
5.508188015497089696e-01
5.754219511488009031e-01
5.678616967615867095e-01
5.539804204934370979e-01
5.557868514290232875e-01
5.463919712508213955e-01
5.498540279119026319e-01
5.585487850832175916e-01
5.513272071548500630e-01
5.620348460176365357e-01
5.655708064911203481e-01
5.449288976913386762e-01
5.499123718842930941e-01
5.458284697723154721e-01
5.570529049427938029e-01
5.444245911497107571e-01
5.491870670907842422e-01
5.460588963218911962e-01
5.566947277417501061e-01
5.513557222128910862e-01
5.498775613618713809e-01
5.418024428505094914e-01
5.450584261633223404e-01
5.644397457296277398e-01
5.585642995815278677e-01
5.594051513095411599e-01
5.555577663961397406e-01
5.592511926735335148e-01
5.528623901523650463e-01
5.557176537583996545e-01
5.540842095846334470e-01
5.575780872675634159e-01
5.544150081726855195e-01
5.640854095193743589e-01
5.519317358531533602e-01
5.519798920161498312e-01
5.489310605476702687e-01
5.679831511789590337e-01
5.673213221954102048e-01
5.571690647011747766e-01
5.798589524182853339e-01
5.776925215884223253e-01
5.830715055761418464e-01
5.586444128250431795e-01
5.479002277540949706e-01
5.717852716773558219e-01
5.563827828911149798e-01
5.709983658970467779e-01
5.786970497715745454e-01
5.601563118343203529e-01
5.641132870089577978e-01
5.676502244298680111e-01
5.498247653953591829e-01
5.560382655144820996e-01
5.700868499950707546e-01
5.657482247701454137e-01
5.651769819909160386e-01
5.521827709632149972e-01
5.759304476914471893e-01
5.688142863090904777e-01
5.719477580131235861e-01
5.657306880333876631e-01
5.512192417039361025e-01
5.674709414375289640e-01
5.547503667605941935e-01
5.796636950880724726e-01
5.727245528198182667e-01
5.812134771702968106e-01
5.692655495428534662e-01
5.647082621342003339e-01
5.618267438221219434e-01
5.543676039169171954e-01
5.632619911831741044e-01
5.604037657480136492e-01
5.607117796316096747e-01
5.676731497038237650e-01
5.649374950834111786e-01
5.636218968825321696e-01
5.686035553964171596e-01
5.752405225613738127e-01
5.639968040852616493e-01
5.600697214745040675e-01
5.562896083141612991e-01
5.620678521230878522e-01
5.685323052574192682e-01
5.751250596435308893e-01
5.743726149300284467e-01
5.635060579053051688e-01
5.553018026688727460e-01
5.491714727879224434e-01
5.549726343426673036e-01
5.667107717269106448e-01
5.525900477498064678e-01
5.517846296630268821e-01
5.515657463258589743e-01
5.484114103756053682e-01
5.506512985475252586e-01
5.569312463603175445e-01
5.468621241985751613e-01
5.680520608442781727e-01
5.501048463579318870e-01
5.510780254272796830e-01
5.555636625078936852e-01
5.550189228749521364e-01
5.605588498271047992e-01
5.439238565253344815e-01
5.441060588171298118e-01
5.476775058902515481e-01
5.546150656488699759e-01
5.525799023894931716e-01
5.565866479907488618e-01
5.485278227996558398e-01
5.482622413133433348e-01
5.595139451889943327e-01
5.563422043186296850e-01
5.582815572151584860e-01
5.732985065393845225e-01
5.619684866772253207e-01
5.670096435403537694e-01
5.554398551494867942e-01
5.745259737917585152e-01
5.658970385348817134e-01
5.767619726658703705e-01
5.833596672032297370e-01
5.722442125132466417e-01
5.942028780562889079e-01
5.949992767216442102e-01
5.990037152450433666e-01
6.113548250985513244e-01
6.283185185854883725e-01
6.264949785324169795e-01
6.406634359002585377e-01
6.510097622553554508e-01
6.440327488506455422e-01
6.504092732702337898e-01
6.921817740846476497e-01
6.974808047719334159e-01
7.212042392128326096e-01
7.486885859410800093e-01
7.637028655591261428e-01
7.643585891475376259e-01
8.132839146554254883e-01
7.723104646991205691e-01
8.061513035388097048e-01
7.660962437049942952e-01
7.571244929411253821e-01
7.553030005001648561e-01
8.256367323991642415e-01
8.205962762458288706e-01
8.732837184576353051e-01
8.946996957292489006e-01
9.695911536754645565e-01
9.467920714765447610e-01
1.074029084012695368e+00
1.155098594756070129e+00
1.282788415720836239e+00
1.378545459767428261e+00
1.434022156022447758e+00
1.364594036352800854e+00
1.354191511512238710e+00
1.361307498373265146e+00
1.384377807742104283e+00
1.385902052378165772e+00
1.410481540903020914e+00
1.396434144984712855e+00
1.419018303921119939e+00
1.386894276648434898e+00
1.397735808482766240e+00
1.358415820950507280e+00
1.363228172561463447e+00
1.330687078977954574e+00
1.322622672154518231e+00
1.332293730688984823e+00
1.338561679308203356e+00
1.348511341358050286e+00
1.318781900775635174e+00
1.339879029852846903e+00
1.338777704816109804e+00
1.309561519023602072e+00
1.298462544430640353e+00
1.283725105900532126e+00
1.268239023841522206e+00
1.266876487908833449e+00
1.268912004168034624e+00
1.267328228007653435e+00
1.250994279821497024e+00
1.242044762119654200e+00
1.241568896038656167e+00
1.228910444873785979e+00
1.235590075181221659e+00
1.191627396062143962e+00
1.192147237169044249e+00
1.196018265675342196e+00
1.199893309432136235e+00
1.190239293080651573e+00
1.181822818543268649e+00
1.182521528739450378e+00
1.157281622237514185e+00
1.156490007336337777e+00
1.174568769661529233e+00
1.163730175036745029e+00
1.174882803543840115e+00
1.169378978504790334e+00
1.166881966076800392e+00
1.144626485337014721e+00
1.157364629283514468e+00
1.150791362908594406e+00
1.137845583444663022e+00
1.145197186651574883e+00
1.138926739949052358e+00
1.144675760230309480e+00
1.141734757043785686e+00
1.132782496378385684e+00
1.132963078328071527e+00
1.127343489897073336e+00
1.117356807140886144e+00
1.112321222428957146e+00
1.085561195402736434e+00
1.107503376076507839e+00
1.108000570997346390e+00
1.069720574134230606e+00
1.092465817480154255e+00
1.061993579965378798e+00
1.051858691688821956e+00
1.033304856075784928e+00
1.009471472503027600e+00
1.003998400591354923e+00
9.775160685231855107e-01
9.756518960775668603e-01
9.537335736743524084e-01
9.390728656195880264e-01
9.243634083548946112e-01
8.937335296119864880e-01
8.916779804038191815e-01
8.767041713163223893e-01
8.608583656937450757e-01
8.599134391822286227e-01
8.372313862058504697e-01
8.380819076003450663e-01
8.402872241540404463e-01
8.284152638341262254e-01
8.261649705811988653e-01
8.187237965298940212e-01
8.190338691877246946e-01
8.001687275157528534e-01
7.819508674597395181e-01
7.787216068524785983e-01
7.666959182974875109e-01
7.543306867356954770e-01
7.440144306403927432e-01
7.442185065093229746e-01
7.540780682708868587e-01
7.469588049979232203e-01
7.263169601848691315e-01
7.425802948081133836e-01
7.252555916923365542e-01
7.227627406700861679e-01
7.090228122081382311e-01
7.069017672279370723e-01
6.843902715708937157e-01
6.844819412746959708e-01
6.718176834115014984e-01
6.716387090205072630e-01
6.572540637625070570e-01
6.295810540018174084e-01
6.305953949934480773e-01
6.263044946260362122e-01
6.189503938254212745e-01
6.175794482243788242e-01
6.127700635775963356e-01
6.040978237658423122e-01
5.926425858981331229e-01
5.898962439161435922e-01
5.850887084614642131e-01
5.799465990360437306e-01
5.763350321591366177e-01
5.790799727774120775e-01
5.666161330257821760e-01
5.789114539157532713e-01
5.611305785427435078e-01
5.807533298760730878e-01
5.780618461059146007e-01
5.696211696197900354e-01
5.701463923699341407e-01
5.711418119963027618e-01
5.628309758556053755e-01
5.760387931926120864e-01
5.634733369582156648e-01
5.671866678071746382e-01
5.622192741234453006e-01
5.500389751940890637e-01
5.609899351746433505e-01
5.632035317701462596e-01
5.526893090086918425e-01
5.638633992633064196e-01
5.576114408122840871e-01
5.597063417169816368e-01
5.611794982904791951e-01
5.577551481055534888e-01
5.541637949619730996e-01
5.639098551426556805e-01
5.585550906394159965e-01
5.526587344122728673e-01
5.474410504297337887e-01
5.521201647126199319e-01
5.543896263575391892e-01
5.533861882865472870e-01
5.418425434685829600e-01
5.484216534519507080e-01
5.363322719886733925e-01
5.455407833952512497e-01
5.518467584707592577e-01
5.420231031682348766e-01
5.482606151690871954e-01
5.508376924823603638e-01
5.521783573252900812e-01
5.550993104884689444e-01
5.472723070318608052e-01
5.450992510894815402e-01
5.320422413838055142e-01
5.499214169241882777e-01
5.478551728175005131e-01
5.476401569282641768e-01
5.438152729506567917e-01
5.491186676310513270e-01
5.477299030539817259e-01
5.501115207082994951e-01
5.387536299147249741e-01
5.508346578935398030e-01
5.456863065467614238e-01
5.520962810942822152e-01
5.441023072315600562e-01
5.333053389479736062e-01
5.311246629782871986e-01
5.423704613550908160e-01
5.398654487012284342e-01
5.388125883467940191e-01
5.277067645379194261e-01
5.430556887037867320e-01
5.454349621906690038e-01
5.444132098801002240e-01
5.376946074644388673e-01
5.433869761215024408e-01
5.459241573489725941e-01
5.464886111568235671e-01
5.446519792201708343e-01
5.439315141893342753e-01
5.458034937546651921e-01
5.491881206535237370e-01
5.307561688015639545e-01
5.365846057473657726e-01
5.434040565478430729e-01
5.331929144754379291e-01
5.278188627837014923e-01
5.500717740388738619e-01
5.438499439448873929e-01
5.461350374483280312e-01
5.366099161015168706e-01
5.433742918122200782e-01
5.407419857306265953e-01
5.305547539379638078e-01
5.423251046408203990e-01
5.531488612553492334e-01
5.465632776678774896e-01
5.554236503842813200e-01
5.339673349259376200e-01
5.443691090671400890e-01
5.504022112007026513e-01
5.394167797660496255e-01
5.503503227955213184e-01
5.470866913145328025e-01
5.457649619400468666e-01
5.481102107438684534e-01
5.425103882699092717e-01
5.466533296363460526e-01
5.570385618305806474e-01
5.533950166285769301e-01
5.505873720774892011e-01
5.532619851045397219e-01
5.420827426999415000e-01
5.405102188267576491e-01
5.445802886396813314e-01
5.481057388175381018e-01
5.528724929554078571e-01
5.574950977540794606e-01
5.463144581266006217e-01
5.556577755711304967e-01
5.504751919668477989e-01
5.444369916132836273e-01
5.514205781031006337e-01
5.492240916124914163e-01
5.634316533094738677e-01
5.553208279332284558e-01
5.490286805669198911e-01
5.535545570343536337e-01
5.556977638837625744e-01
5.565283244574401600e-01
5.526033745413244658e-01
5.513486820681018363e-01
5.450653670773870640e-01
5.605868946314338519e-01
5.445104335060312328e-01
5.510641155174758055e-01
5.493742385676193551e-01
5.476099863386478805e-01
5.453238773079525092e-01
5.658933059101625140e-01
5.484377643098763411e-01
5.498824955355481325e-01
5.515985535076456392e-01
5.448251151509886370e-01
5.541812045168802436e-01
5.495498218465092455e-01
5.462545840266983532e-01
5.505621584905580068e-01
5.523035862511482819e-01
5.509688574072566514e-01
5.550893123058371348e-01
5.646243242662881689e-01
5.441538131145289281e-01
5.446467437887035912e-01
5.530540667488814677e-01
5.570353631498276004e-01
5.558079658558203739e-01
5.649793996684591146e-01
5.495498259449596024e-01
5.597149105872366581e-01
5.486618243535948958e-01
5.521286232286362061e-01
5.524283936313507670e-01
5.526659039380129590e-01
5.495724444273438758e-01
5.643349370184830294e-01
5.683992585930576213e-01
5.616453658545013106e-01
5.720044122508068929e-01
5.674111043351167671e-01
5.696617573529214607e-01
5.704848882576392111e-01
5.701964307449589597e-01
5.551985392924887464e-01
5.681727843494059904e-01
5.722590264356794965e-01
5.799946882035448281e-01
5.816416717680605863e-01
5.722442704154608872e-01
5.664917671690081757e-01
5.737201866769594538e-01
5.741786999330009689e-01
5.754766804768138844e-01
5.815603838210144927e-01
5.632742642275554434e-01
5.768242631688346167e-01
5.867324416413565169e-01
5.668333314039217807e-01
5.816836066514063930e-01
5.898394496961185673e-01
5.730389294943705192e-01
5.772335699765033246e-01
5.914226960951269874e-01
5.801303595518021439e-01
5.946979219479552325e-01
5.857353016241572119e-01
6.112306339447476367e-01
5.961547729691664133e-01
5.821356729703874855e-01
5.984804518433084475e-01
5.898641730105386172e-01
6.001766295265144047e-01
6.136968902060262465e-01
6.174531811077600407e-01
6.137618207471779996e-01
6.205203657661267913e-01
6.095470429359151066e-01
6.272078247450530997e-01
6.175555318370971047e-01
6.298762160036663893e-01
6.339716670008922472e-01
6.383220119001199455e-01
6.369799720369673235e-01
6.486881230107344187e-01
6.464448436537612031e-01
6.253275798604214231e-01
6.260015072117004475e-01
6.332142777296700942e-01
6.356446245607292322e-01
6.325127426243840612e-01
6.470773398934711595e-01
6.518623909011853623e-01
6.482071787718856060e-01
6.506904059956032382e-01
6.529733389859174730e-01
6.556315890490430620e-01
6.619197222182114926e-01
6.622669561839351626e-01
6.726327669150593547e-01
6.692319659011839450e-01
6.579440800948763712e-01
6.798549287659071405e-01
6.261893423974662642e-01
6.363049666592021092e-01
6.306554327464442000e-01
6.413417356898376553e-01
6.362468388638481409e-01
6.319469118324598789e-01
6.244466124854599620e-01
6.323525385892150297e-01
6.441558465372062559e-01
6.287329669646004593e-01
6.535693507253924617e-01
6.250612812838004517e-01
6.339042992209670269e-01
6.426094318822055396e-01
6.387473070197171587e-01
6.299280355774038442e-01
6.216633600047457575e-01
6.259222295238686673e-01
6.318442032183037016e-01
6.522326419241739615e-01
6.361635125162129478e-01
6.446724287590489544e-01
6.332053346393904381e-01
6.438552133796309196e-01
6.282662904232875212e-01
6.489589779578764928e-01
6.294498543253129741e-01
6.359660564757660950e-01
6.275290840796243774e-01
6.249686960240423694e-01
6.286698896136994064e-01
6.281855459082565929e-01
6.226217267367601949e-01
6.145575407026558912e-01
6.246487284691337738e-01
6.327510601502597254e-01
6.757624795316005128e-01
6.944548732509544520e-01
6.585088123563787033e-01
6.560794441344891537e-01
6.849185144539549075e-01
6.683635626590198608e-01
6.672364139623921941e-01
6.649639693816031816e-01
6.632516874492316861e-01
6.543722904010967900e-01
6.601185615724081135e-01
6.498205936025203133e-01
6.394592657115040213e-01
6.440908604858438524e-01
6.254310930189085349e-01
6.291476144869055931e-01
6.283377254032078696e-01
6.107039935078133475e-01
6.292119826157509532e-01
6.229247058602003229e-01
6.157659494919894838e-01
6.035286779700641535e-01
6.131851312289560152e-01
6.018000156493639174e-01
5.985041707078238016e-01
6.097197525590889455e-01
6.157292700491810988e-01
6.082582285311559644e-01
6.095432812696433000e-01
6.038384220003022440e-01
5.989585517495518152e-01
6.106092430254879133e-01
5.941336428728024588e-01
5.937132748497753187e-01
5.966057821307182429e-01
5.979591086022564284e-01
6.136340095835671749e-01
6.119898907213378036e-01
6.168382198431606733e-01
6.062523410757028053e-01
6.242981381752271686e-01
6.388614188650619807e-01
6.130799831932193245e-01
6.275630034214931818e-01
6.352119514030831748e-01
6.434655517342483533e-01
6.413052332411199874e-01
6.423774026713801044e-01
6.398604181077355291e-01
6.543108144083953359e-01
6.655459099613872942e-01
6.633884405996840483e-01
6.560788239679988809e-01
6.826053257165372035e-01
6.780698518355987581e-01
6.961803484164929001e-01
7.224477581724476627e-01
7.192794806211572078e-01
7.393964806184152305e-01
7.224559960340429798e-01
7.527048946040579835e-01
7.309357466312990104e-01
7.459494843539241637e-01
7.472154375527600978e-01
6.360073756629561759e-01
6.716954115588924523e-01
6.751416339656690635e-01
7.108832787627135108e-01
7.006142042580901785e-01
7.480605519699086159e-01
7.442127083864618076e-01
7.632621283138772972e-01
7.839916564522858566e-01
7.976992574231704936e-01
8.336020245234010417e-01
8.681242043726732360e-01
8.915337510706906610e-01
9.057139462127452578e-01
9.546921730113894222e-01
1.021344575177499436e+00
1.049171575418370139e+00
1.079814027131140053e+00
1.130679423628735858e+00
1.171541631312803977e+00
1.209154632648049787e+00
1.245334472676462578e+00
1.264595194866294792e+00
1.290799377181056862e+00
1.303884624219131316e+00
1.306808209981412228e+00
1.321134212249310158e+00
1.327720526044785521e+00
1.332192055503349515e+00
1.320300819250782576e+00
1.334441160611404831e+00
1.321272048920991038e+00
1.320636259200514084e+00
1.322267554160007297e+00
1.324330599652729923e+00
1.347494248886477175e+00
1.324643085366275175e+00
1.326801374459103178e+00
1.301741917770523393e+00
1.311654168467148773e+00
1.314718267122323203e+00
1.321800253746276521e+00
1.322645895888009182e+00
1.306991701480403112e+00
1.293146867760049279e+00
1.317892299281431923e+00
1.345265088814046939e+00
1.329794324615758860e+00
1.343336506546769060e+00
1.315473639065676270e+00
1.355551559489760471e+00
1.323539401509049585e+00
1.360089075179000240e+00
1.320786774742666703e+00
1.322331538310901777e+00
1.333983019719457319e+00
1.335398542460886517e+00
1.309075250588818129e+00
1.318344045673807141e+00
1.307184933795707105e+00
1.297973215570996874e+00
1.322215594277369899e+00
1.295916958469886859e+00
1.306768389946206144e+00
1.267861320431455274e+00
1.266329727905887159e+00
1.264959407065612274e+00
1.229735084903678333e+00
1.231815687348600141e+00
1.217804268468754669e+00
1.198013481694653937e+00
1.179471564539528394e+00
1.160521335906155027e+00
1.160506991888526240e+00
1.133139596048194031e+00
1.124329545903667960e+00
1.126368997050380960e+00
1.093457953308674790e+00
1.087565764327017126e+00
1.076661857438865999e+00
1.070399317444684861e+00
1.052648197091478499e+00
1.038387461345022134e+00
1.028025454937455896e+00
1.009811054797373764e+00
9.931896671951155886e-01
1.001208465861161967e+00
9.776660325933121953e-01
9.675808936668902627e-01
9.457491260340754602e-01
9.412773727007552882e-01
9.474151685691565294e-01
9.298768530489881501e-01
9.007603067698005672e-01
8.746691060571201159e-01
8.875532274090157658e-01
9.088607120339222689e-01
9.025860699948110577e-01
8.819089559937267619e-01
8.800517264406906293e-01
8.693857901525500198e-01
8.612828014051370218e-01
8.543283940305745894e-01
8.346147745638413662e-01
8.240219451154952024e-01
8.256307828077021904e-01
8.246609569228923187e-01
8.038905273315710698e-01
7.872423791700844387e-01
7.663906777147418969e-01
7.723607485203817236e-01
7.537107282377508710e-01
7.268775869358585773e-01
7.262356079033600587e-01
7.339806419048877650e-01
7.374756049689464854e-01
7.298328657412340714e-01
7.304891183569170998e-01
7.197689217242697612e-01
7.112876159976513346e-01
6.961934492958689047e-01
6.825039803289963958e-01
6.782246511814158385e-01
6.588596394456077698e-01
6.548237336777785744e-01
6.392644811158831875e-01
6.346799449102343837e-01
6.243835591505093596e-01
6.143664706784816021e-01
6.084944479633729308e-01
6.036069165849935469e-01
5.970709276070641502e-01
5.942568753957793160e-01
5.857985938253746916e-01
5.852592398977474186e-01
5.731147321341546474e-01
5.789020730375528112e-01
5.720753453976628045e-01
5.721066977257555086e-01
5.594362045745362444e-01
5.600424849643722558e-01
5.605640796445737761e-01
5.571841330983818841e-01
5.493330093027187777e-01
5.542719994899014679e-01
5.643793243679294802e-01
5.550998903536302764e-01
5.608833446931107414e-01
5.615234722649888877e-01
5.576310465647453807e-01
5.552309678048267250e-01
5.518282320791472184e-01
5.487037454138655734e-01
5.439116688301106617e-01
5.534530053972113173e-01
5.583630723709035459e-01
5.486814570683974379e-01
5.548262659485578840e-01
5.409564258297485662e-01
5.454371416799419503e-01
5.455894598129926720e-01
5.401774912809963469e-01
5.415724729310251728e-01
5.500880680417057356e-01
5.441323808810358820e-01
5.521675917600477046e-01
5.432845646459545375e-01
5.513142505321706466e-01
5.533261160447923155e-01
5.357364105685985534e-01
5.420749608649699791e-01
5.457947710585620005e-01
5.463709367320537247e-01
5.448094224796183882e-01
5.506462147952301267e-01
5.442916656914443818e-01
5.473805648998562035e-01
5.408634439154279550e-01
5.416029294189597110e-01
5.481348007754313079e-01
5.451844277289713547e-01
5.463005548401735911e-01
5.430179745461448659e-01
5.476031618386545397e-01
5.512726472021469704e-01
5.404725002581903803e-01
5.505361055677735482e-01
5.504080572610403621e-01
5.476377118627250296e-01
5.521946086044958735e-01
5.498994293676502387e-01
5.458245659094720370e-01
5.495685442549975708e-01
5.523115640438907015e-01
5.505543960073132626e-01
5.541088917484366938e-01
5.493174573621553147e-01
5.504965776149932655e-01
5.537981573716564965e-01
5.549167128852249276e-01
5.560338736368158896e-01
5.560526961927960699e-01
5.625776904940865686e-01
5.551199823240403619e-01
5.603844265243820288e-01
5.551773232719379170e-01
5.570883604068181949e-01
5.615775684195659645e-01
5.602998283367435217e-01
5.657700272287650156e-01
5.691369797424472576e-01
5.645457342557116398e-01
5.682670229593873579e-01
5.628810212423753789e-01
5.769610918850660575e-01
5.822965768255107255e-01
5.840973296968753337e-01
5.683279739683965159e-01
5.857409977534925316e-01
5.940816934766967039e-01
5.869408302337558725e-01
5.879734232540250183e-01
5.865542276600645977e-01
5.941903916273478803e-01
5.954231616779819269e-01
6.004810863173125624e-01
5.916565712977915892e-01
6.049115380622388516e-01
6.021171136322215345e-01
6.085352959365800674e-01
6.204873123282452774e-01
6.197347005588865754e-01
6.147133329806505619e-01
6.255774239302113182e-01
6.257936279954678938e-01
6.242252423620807678e-01
6.288329520746670509e-01
6.264584160067733221e-01
6.322690527037991837e-01
6.425390724979082036e-01
6.391490665923225123e-01
6.460779080030978339e-01
6.391682563138582074e-01
6.433806818795245741e-01
6.466410192031682991e-01
6.357054956099243981e-01
6.386999073209340683e-01
6.459975257527230674e-01
6.523241860874703368e-01
6.529663104691696418e-01
6.619695400552279008e-01
6.609199820588202989e-01
6.528549587676811816e-01
6.504448469311079339e-01
6.577168260094428121e-01
6.623280065302119546e-01
6.550325619716250714e-01
6.589139649486828176e-01
6.573577869746652924e-01
6.708523459189676963e-01
6.685098801779544297e-01
6.687832263937232291e-01
6.643197141259412630e-01
6.710056650008063839e-01
6.701196129461445272e-01
6.664125746209543788e-01
6.777116316070730395e-01
6.744144551621970018e-01
6.828492776497652184e-01
6.813834500625789437e-01
6.943704851998485639e-01
6.854400215968058374e-01
7.042683689928654900e-01
6.763539425357090185e-01
6.825741547669104126e-01
6.889694543584700126e-01
6.941147189644211180e-01
6.924983505934440009e-01
6.954398946149217275e-01
7.010117392318950813e-01
7.068220567800405085e-01
7.061030295302018756e-01
6.946681392492227713e-01
6.991861857479063636e-01
7.121859436667788978e-01
7.110783705536285471e-01
7.188568749799953972e-01
7.171112463023802119e-01
7.213987516927199417e-01
7.221571512059513642e-01
7.076338603051572917e-01
7.171734878101119204e-01
7.220948449371488165e-01
7.095112778225367567e-01
7.101215546470350803e-01
7.205485502389498143e-01
7.257130275055723168e-01
7.286817467222320710e-01
7.127034221420397442e-01
7.273721239690175144e-01
7.377402398530018557e-01
7.357604835282570699e-01
7.205137699456177769e-01
7.141084509229991273e-01
7.128963431139696549e-01
7.187653067643612337e-01
7.137376874872525256e-01
7.124184292566290155e-01
7.050341859508798548e-01
7.113198172146154574e-01
6.922737889944454714e-01
7.054204249635659396e-01
7.079070143273308302e-01
6.812352003104718001e-01
6.810396130749525323e-01
6.741419042792127225e-01
6.750781414588750140e-01
6.790501432066367027e-01
6.589445538090556997e-01
6.406005121353602894e-01
6.585996569423527847e-01
6.460186446017358586e-01
6.345241642167041007e-01
6.360199754565025732e-01
6.388199183047852392e-01
6.304767921918390527e-01
6.257013099552647395e-01
6.115722142951636187e-01
6.216142989539521491e-01
6.111607762737287786e-01
6.058706713487934659e-01
6.106952813566428606e-01
6.071174642226138118e-01
5.944543326371841685e-01
5.978761685177272911e-01
6.052239311616267603e-01
5.926942728865005616e-01
5.923087080020951189e-01
5.882297079904005299e-01
5.849432981780309238e-01
5.798601756048052946e-01
5.849963208997128739e-01
5.826223699422397040e-01
5.811920791659360708e-01
5.857058358481674887e-01
5.843991241614173715e-01
5.744872191586375409e-01
5.846484307539179248e-01
5.788614326974388380e-01
5.790962789166664848e-01
5.735769883838096606e-01
5.711181467150527880e-01
5.672195428521710214e-01
5.681656094974878446e-01
5.789462471377938568e-01
5.822282440748995924e-01
5.702840290940874857e-01
5.819697169514894686e-01
5.798776175529628540e-01
5.736895618377094719e-01
5.718096841982505119e-01
5.753516694251729069e-01
5.780094213219133525e-01
5.744977328920329862e-01
5.763186971024036875e-01
5.819471379011877943e-01
5.737056488844913815e-01
5.767518172383181430e-01
5.749496639526952002e-01
5.760035965755454512e-01
5.738007131180988818e-01
5.703082127282577130e-01
5.790032229453629942e-01
5.781930206734107180e-01
5.819169294231659739e-01
5.827645060782504771e-01
5.859415965146593797e-01
5.856987169606152621e-01
5.759063276393899811e-01
5.794128084980337823e-01
5.727847920817861205e-01
5.651839068312909387e-01
5.865547642338219125e-01
5.819004128922916630e-01
5.774656839471170588e-01
5.650566773517782249e-01
5.753589620887901157e-01
5.828888260820461742e-01
5.746650674225728395e-01
5.830763649795170922e-01
5.928700869324741163e-01
5.850926247554166792e-01
5.738070487300694911e-01
5.722638151242945836e-01
5.866227254708666905e-01
5.774926897645960011e-01
5.833022620172034767e-01
5.872026317696038555e-01
5.870894299341031797e-01
5.861821815614217668e-01
5.821090979542510313e-01
5.841253268049786396e-01
5.886191348906767429e-01
5.877436016446174749e-01
5.829647571742658796e-01
5.912086656994475220e-01
5.935018999418086860e-01
5.923696689387658587e-01
5.891800675555440847e-01
6.008082427405976311e-01
5.939078733714341363e-01
5.940580400095772928e-01
5.963721940168512647e-01
6.061325371132636475e-01
6.037405135693606484e-01
6.069991236948689695e-01
6.091477657597055284e-01
6.094636810993510068e-01
6.138704688634532003e-01
6.125475642413042987e-01
6.158010762829965179e-01
6.176439654040037919e-01
6.335126254168051974e-01
6.206330045158200415e-01
6.231067804172891744e-01
6.364728239169653579e-01
6.264969243682068090e-01
6.461272306414285183e-01
6.428813296362932972e-01
6.490996792054068987e-01
6.609307318690291755e-01
6.548729987309774847e-01
6.770156823568916904e-01
6.770606358200932373e-01
6.938987454521445830e-01
6.952382692843724898e-01
6.962638548482597001e-01
7.117879027887372700e-01
7.229273938076542505e-01
7.440740416585015504e-01
7.263228568832935661e-01
7.479252416875760145e-01
7.665975800634244886e-01
7.770438446265168775e-01
7.786521362029593663e-01
7.672154856934517708e-01
7.846735553552478537e-01
7.985003079187799058e-01
8.204431364520328174e-01
8.277875607447560125e-01
8.551959409501190823e-01
8.506992201179387481e-01
8.719477040814087587e-01
8.943120415976448800e-01
9.178933187047134679e-01
9.408954792337161921e-01
9.321509355018400278e-01
9.628901992515889185e-01
1.011372974563528038e+00
1.028600194416933622e+00
1.060320112960396299e+00
1.073130384549052518e+00
1.090987963998305998e+00
1.118430058358675927e+00
1.164217743630797441e+00
1.165512418757462143e+00
1.200757941830698838e+00
1.234810521907072633e+00
1.225554212102047735e+00
1.238264813513102469e+00
1.274822035066035530e+00
1.266033792825373316e+00
1.297230416365566574e+00
1.296221667273315337e+00
1.305358105353849663e+00
1.318327852723297555e+00
1.328438454368307431e+00
1.321162587657159104e+00
1.329626345189836467e+00
1.327442305821832980e+00
1.345908015071859642e+00
1.329061059587973492e+00
1.351027440518498102e+00
1.346197852345702328e+00
1.347828715411262479e+00
1.333682222239604309e+00
1.332915236564819361e+00
1.321755362003235179e+00
1.311216123597099603e+00
1.324677618138022872e+00
1.291336452077475050e+00
1.284785180769514312e+00
1.293005438758381365e+00
1.267757446969410395e+00
1.268365837770658811e+00
1.272241287632183804e+00
1.253138294726019231e+00
1.269155490472529069e+00
1.266474491932775281e+00
1.267984594568370094e+00
1.269684974724432980e+00
1.259374905353163765e+00
1.261225061229203970e+00
1.276545247514924597e+00
1.246798091350315385e+00
1.242314556151414173e+00
1.265298050864640311e+00
1.234534501631085135e+00
1.225183521708185008e+00
1.220156967891557143e+00
1.212433575391228979e+00
1.216379806170289957e+00
1.204610262552598288e+00
1.187662846574659703e+00
1.181837753978570271e+00
1.189391358482831063e+00
1.187057374090142892e+00
1.171051950363102057e+00
1.131592485286823768e+00
1.142695251288507574e+00
1.135927067258550194e+00
1.133965793299597902e+00
1.105124737088771347e+00
1.071925881364651056e+00
1.082909559264422228e+00
1.083357422833406414e+00
1.041079232530067511e+00
1.045638701986637331e+00
1.033834569761924671e+00
1.023626421474505443e+00
1.006714322372209258e+00
1.004035076809833837e+00
9.822268030158214369e-01
