5.273829939874630224e-02
5.325144197581799937e-02
5.373664073548049813e-02
5.423665674248769747e-02
5.474346404055230320e-02
5.524149278465340096e-02
5.572905009404269944e-02
5.621817840495259982e-02
5.670061752306360114e-02
5.718079843663460143e-02
5.765204527221740038e-02
5.811143050234109791e-02
5.857921996691990013e-02
5.901530257312480321e-02
5.946661510372910214e-02
5.990562579425459666e-02
6.033850430253730190e-02
6.076865515333269852e-02
6.119225616682499869e-02
6.161470987662070325e-02
6.202519653657419946e-02
6.243425937557529892e-02
6.284780696711450565e-02
6.324891048059140541e-02
6.365247641341220675e-02
6.405346601461789358e-02
6.444498433614939681e-02
6.480198053627589383e-02
6.516518398826280645e-02
6.554489448781229688e-02
6.590911433717379364e-02
6.628117273185279990e-02
6.665660712445589664e-02
6.700649392029360552e-02
6.732633083072349367e-02
6.763114465925600116e-02
6.794258086374380112e-02
6.827045721239159703e-02
6.857645291136589549e-02
6.889941671914730226e-02
6.919635419962630318e-02
6.947550164680760254e-02
6.974699967049449723e-02
7.002829544684770202e-02
7.031251982870209694e-02
7.058953417500500593e-02
7.085072836857080059e-02
7.110410762379580640e-02
7.134616979499540379e-02
7.158648335800370244e-02
7.182052161819130198e-02
7.205763574893619960e-02
7.227722283760569522e-02
7.248582557198660070e-02
7.268935265671609691e-02
7.288473298276379464e-02
7.307432338185469722e-02
7.325429990497539512e-02
7.343881780523729697e-02
7.360664939925949668e-02
7.376328537211579439e-02
7.391246638671659930e-02
7.405362643497630237e-02
7.418867595264110049e-02
7.432151042791169948e-02
7.445255798224509336e-02
7.457687392847360541e-02
7.469265860558850501e-02
7.479790810082589947e-02
7.489709557621310188e-02
7.499400871595469920e-02
7.507977732487039479e-02
7.515950602246390666e-02
7.523710860781969434e-02
7.530946677618069462e-02
7.537012221833999659e-02
7.542214385676360155e-02
7.547818517306589814e-02
7.552458553269500441e-02
7.556228892104120687e-02
7.558408345363069880e-02
7.560727767233470231e-02
7.562013512211089583e-02
7.563208039477399558e-02
7.563828534563539485e-02
7.563422939301879533e-02
7.563249205545520548e-02
7.562422720135120180e-02
7.560989366647009879e-02
7.559724412074779465e-02
7.557500433916329585e-02
7.555053561140839813e-02
7.551892598390899658e-02
7.548371597952630019e-02
7.544033524028000148e-02
7.539259781000029470e-02
7.534535737000849775e-02
7.529234105256220333e-02
7.523477270253539628e-02
7.517150982632110623e-02
7.510934007399690249e-02
7.504569049808000603e-02
7.497793816496020614e-02
7.490954170696849379e-02
7.484589500301619402e-02
7.476501713034730545e-02
7.469170614061000635e-02
7.461873935126669966e-02
7.454263704236870069e-02
7.448309446482050122e-02
7.441737495542490033e-02
7.434396379514239539e-02
7.425876261735039896e-02
7.417269706516449457e-02
7.408934468325820144e-02
7.400671275663800452e-02
7.391904455815269392e-02
7.383023998137569488e-02
7.373167840778649396e-02
7.364210198557109843e-02
7.355456068382000556e-02
7.345423268057990618e-02
7.335079250901979653e-02
7.325347851840979807e-02
7.314842065985409369e-02
7.304003727907089349e-02
7.293482554803709661e-02
7.282871438943240572e-02
7.271165413784970444e-02
7.260569871182630253e-02
7.248306427543489694e-02
7.236768725172909589e-02
7.225339243606659911e-02
7.212980552906650411e-02
7.200902115263120573e-02
7.188859395936429697e-02
7.176249620788489880e-02
7.163723915392909702e-02
7.151396769721800328e-02
7.137900770797049599e-02
7.125157032398099499e-02
7.111909340020740322e-02
7.098524204801180681e-02
7.085536855536610223e-02
7.071959147697670645e-02
7.058463638408249419e-02
7.045083933152129774e-02
7.031206926725599993e-02
7.017341231045200189e-02
7.003484585582470112e-02
6.989428434548110303e-02
6.975644675642500570e-02
6.961044816417630288e-02
6.946944146718589397e-02
6.933358768914330006e-02
6.918584187603900315e-02
6.905089225407169684e-02
6.890692685381340221e-02
6.876712996556889890e-02
6.863183452034790633e-02
6.849242794328319617e-02
6.835648329785599941e-02
6.821616518827740283e-02
6.807740856025509824e-02
6.794289750638569936e-02
6.780824116373120047e-02
6.767982150060419810e-02
6.754582394689440106e-02
6.741546375045570638e-02
6.729138104478619986e-02
6.716296939052829318e-02
6.704100752065510205e-02
6.691753212337940571e-02
6.680088193589339696e-02
6.667895214436900253e-02
6.656356787070670522e-02
6.645308685565000373e-02
6.634233676467560237e-02
6.623452729089289448e-02
6.612828388703019533e-02
6.602350257615849372e-02
6.592448262917209589e-02
6.582178723166209888e-02
6.573288100711099924e-02
6.563750752721060622e-02
6.554576307918100198e-02
6.545711550696360626e-02
6.537047012108239408e-02
6.528432106152859404e-02
6.520608211398709608e-02
6.512741337544300513e-02
6.504880257055610515e-02
6.497290901128770224e-02
6.490319219858589617e-02
6.483386714509950521e-02
6.476516007445159984e-02
6.470072440563159888e-02
6.463835597272149514e-02
6.458004691961639898e-02
6.451992094822049661e-02
6.446205516035680150e-02
6.440802827146320519e-02
6.435582800117159441e-02
6.430605537062590582e-02
6.425691052626569810e-02
6.420849726485340636e-02
6.416605378070780463e-02
6.412257952502410652e-02
6.408421284626590608e-02
6.404560248217530671e-02
6.401011076665730215e-02
6.397359113000949948e-02
6.394339438417240284e-02
6.391363769900880454e-02
6.388136883921030629e-02
6.385182579281989401e-02
6.382725409627150459e-02
6.380416272784790455e-02
6.378251892356419372e-02
6.376294869380150221e-02
6.374476013072420677e-02
6.372657773721229768e-02
6.370968372132909674e-02
6.369759834064979420e-02
6.368883187511159560e-02
6.367451591203429628e-02
6.367018026381900120e-02
6.366443004235800007e-02
6.366068249233970688e-02
6.365764831665479684e-02
6.365605633038799727e-02
6.365642736995630324e-02
6.365637105184060451e-02
6.366416312161550517e-02
6.367223098569220474e-02
6.367828540815240190e-02
6.368976943983209460e-02
6.370049121532299352e-02
6.371290565210689649e-02
6.372573056594199592e-02
6.374379837477729682e-02
6.376441726286219414e-02
6.378678953468849833e-02
6.380290324590480455e-02
6.382900767023759470e-02
6.385302932929209918e-02
6.388014695436669554e-02
6.390591090258100626e-02
6.393548232696739941e-02
6.396677250091420408e-02
6.400135827201119954e-02
6.403624218191120154e-02
6.406929986183759751e-02
6.410588299459320238e-02
6.414317056895869895e-02
6.418398447671319618e-02
6.422527723326409976e-02
6.426700785606499766e-02
6.431168989449480289e-02
6.435910868170330312e-02
6.440354590096510068e-02
6.445171906261719375e-02
6.450460739799250554e-02
6.455641926312420675e-02
6.461050532954160097e-02
6.466641768749190056e-02
6.472102924044290106e-02
6.477762339893120003e-02
6.483645006704399916e-02
6.489668369979330331e-02
6.495628043569269539e-02
6.502133189944810099e-02
6.508664355051750616e-02
6.515036539742169452e-02
6.521812365814129431e-02
6.528126270883169435e-02
6.534513100134049790e-02
6.541142395381979724e-02
6.547975795582909597e-02
6.554736012028339331e-02
6.561586197691300637e-02
6.568396203095290542e-02
6.574728879256169778e-02
6.581640597538560011e-02
6.588299447151439725e-02
6.594935441771990203e-02
6.601884917146309817e-02
6.608583740112379534e-02
6.615641765526139584e-02
6.622294886816990078e-02
6.628611918965619798e-02
6.635586560577509674e-02
6.642165574734590350e-02
6.648672408162549508e-02
6.655254560821019516e-02
6.661994280035080096e-02
6.668006788436299515e-02
6.674440855146679397e-02
6.680875015365579650e-02
6.687298820829110091e-02
6.693143182817920533e-02
6.699055652889980561e-02
6.704885774454870384e-02
6.710940749565340313e-02
6.716500216577550586e-02
6.722145658910780308e-02
6.727945427135530176e-02
6.733192956445389898e-02
6.738193138502049373e-02
6.744121866447820579e-02
6.749303393315639332e-02
6.754618647439419865e-02
6.759306379009759336e-02
6.763931776435630483e-02
6.768155735586600663e-02
6.772581071240570127e-02
6.777437407816749859e-02
6.782756787681920585e-02
6.786490592273519695e-02
6.791081524362729827e-02
6.795773798997359338e-02
6.799601418954949461e-02
6.802864852099220483e-02
6.807267098530420113e-02
6.811254018496880336e-02
6.814023692835570467e-02
6.817591544869909537e-02
6.820828281634669366e-02
6.822624048628879445e-02
6.825287907714200353e-02
6.827565144733610536e-02
6.830037592404150648e-02
6.832580916438139862e-02
6.834998883989210072e-02
6.836468953825360073e-02
6.838454446495130512e-02
6.840218718486730520e-02
6.841966621892610345e-02
6.843603804989879802e-02
6.844758889570000393e-02
6.846177056465869992e-02
6.846930627030770045e-02
6.847697058369130174e-02
6.848372428685810254e-02
6.848477491233009862e-02
6.848875847458610333e-02
6.848686749090550363e-02
6.848741407428350636e-02
6.848254384230280378e-02
6.847224768238610593e-02
6.845746524068670180e-02
6.843924599478209969e-02
6.841805854463449410e-02
6.839775935867579981e-02
6.837310494508100356e-02
6.834808754247630180e-02
6.832009903070369872e-02
6.828841597661799989e-02
6.825815186892429665e-02
6.822935794492410166e-02
6.819015401125740061e-02
6.816418546248440014e-02
6.813371306434409802e-02
6.810740701961190413e-02
6.807947085727039660e-02
6.804973701577179956e-02
6.802195518739119484e-02
6.799801295951199420e-02
6.797314300967119416e-02
6.794537260229069342e-02
6.791655159914419815e-02
6.788785329050420203e-02
6.785943268255220651e-02
6.783197381349440058e-02
6.780454947140579502e-02
6.778119257039369461e-02
6.776221300144809334e-02
6.774179847666929322e-02
6.772575287609490513e-02
6.770866778969999999e-02
6.768616561295079381e-02
6.766421868104080528e-02
6.764100833016820080e-02
6.761891406114969860e-02
6.759721259900849932e-02
6.757351865406689695e-02
6.755084902785710166e-02
6.752362633310110551e-02
6.749846400932049684e-02
6.747351618361860370e-02
6.744904201972559687e-02
6.742021132114750515e-02
6.739623886966060462e-02
6.736878319664020565e-02
6.733906887703340616e-02
6.730958259108489605e-02
6.728248843127100642e-02
6.725505291736809388e-02
6.722430619300240329e-02
6.719584956418990507e-02
6.716388511184019638e-02
6.713530628137830136e-02
6.710268807859129381e-02
6.707141117842610467e-02
6.703707504433829845e-02
6.700334025913740055e-02
6.697130721999509928e-02
6.693665160178989548e-02
6.690076973902800428e-02
6.686480612075189345e-02
6.682431614308050050e-02
6.678656634952349902e-02
6.674887232267689985e-02
6.671116661583929852e-02
6.667144134102499786e-02
6.662844735865999790e-02
6.658967830846120040e-02
6.654561588023180652e-02
6.650495656029879743e-02
6.645920980479250173e-02
6.641303353045810431e-02
6.636977305467589572e-02
6.632950137256089784e-02
6.628193596961129419e-02
6.623594733708200455e-02
6.619007995969790337e-02
6.614052162987969774e-02
6.609360484387680201e-02
6.604773205011739423e-02
6.599916338683620154e-02
6.595071167934049572e-02
6.590429723639379400e-02
6.585153065346920076e-02
6.580615139684480031e-02
6.576025078853189876e-02
6.570931372883190291e-02
6.566063091492820025e-02
6.561507004905760276e-02
6.556915061574219994e-02
6.552314079719599726e-02
6.547425725419020459e-02
6.542969886235139310e-02
6.538184170507399529e-02
6.533835436582509371e-02
6.529483385923340322e-02
6.525141371818819758e-02
6.520865230517279565e-02
6.516384051999650484e-02
6.512648737171529423e-02
6.508866529449029714e-02
6.504724051051380407e-02
6.500974023947629632e-02
6.497286575991870206e-02
6.493881758020750294e-02
6.490496553822530656e-02
6.487062204364660301e-02
6.483609720984979952e-02
6.480297670697020285e-02
6.477549743001849436e-02
6.474388498688729565e-02
6.471520003719780090e-02
6.469182579192660210e-02
6.466122276284490267e-02
6.463435197527399312e-02
6.460860514378470587e-02
6.458366768016539361e-02
6.455943455933850494e-02
6.453773014340520586e-02
6.451718443192079600e-02
6.449379146169549604e-02
6.447340795944979386e-02
6.445483266855210613e-02
6.443433791136270183e-02
6.441643147642310552e-02
6.440276285252549693e-02
6.438177332005949605e-02
6.437115688678120284e-02
6.434928747965050488e-02
6.434107934325629385e-02
6.432624685542620568e-02
6.431153549988259666e-02
6.430004451430409995e-02
6.429104128081999936e-02
6.427742783009030014e-02
6.427144944926389825e-02
6.426075783113199824e-02
6.425160809797890449e-02
6.424167483030419901e-02
6.423846068994530645e-02
6.423533857212250509e-02
6.422914585943440002e-02
6.422481633640060583e-02
6.421855667274120605e-02
6.421791475746900513e-02
6.421764314577199650e-02
6.421245905209539695e-02
6.421123209079959704e-02
6.421284680637459608e-02
6.421078705628889549e-02
6.421606881321019478e-02
6.421711810838980072e-02
6.422114803325329468e-02
6.422288296019880438e-02
6.422775737630309623e-02
6.423453187978160617e-02
6.423739155425230163e-02
6.424843720747050457e-02
6.425420032963580219e-02
6.426811774497349916e-02
6.427414405676079578e-02
6.428778295849109370e-02
6.430117235062060566e-02
6.431627746352580610e-02
6.433155641283340442e-02
6.434545767455110421e-02
6.436383315324549492e-02
6.438425801353339639e-02
6.440543283766629601e-02
6.442875289514220227e-02
6.445465800453649419e-02
6.447881340332969891e-02
6.450457613113269595e-02
6.453119604558149591e-02
6.455810118612899384e-02
6.458872284106290107e-02
6.462035116064049345e-02
6.465409369929020489e-02
6.468748057630560599e-02
6.472260561346419860e-02
6.475860469899150096e-02
6.479172684018119632e-02
6.483024517067739745e-02
6.486568825871540100e-02
6.490445535308489444e-02
6.493948701406510038e-02
6.497534134122559535e-02
6.500536939327490604e-02
6.503384839603329470e-02
6.505659299373979521e-02
6.509022219610299809e-02
6.513020649197330536e-02
6.519209652534829758e-02
6.524351546282609882e-02
6.529495175013259878e-02
6.533469551032169975e-02
6.538143214720039398e-02
6.542871109062449453e-02
6.548567823685229328e-02
6.553793480574569841e-02
6.559104841495839999e-02
6.564973836312100464e-02
6.573361645902960071e-02
6.579237160711659538e-02
6.585045573743829317e-02
6.590829373874260155e-02
6.596951842327550275e-02
6.603258365395170415e-02
6.609831898380609527e-02
6.615594176537240023e-02
6.622148277227740687e-02
6.628789130540539698e-02
6.635343220429650024e-02
6.641459381367799397e-02
6.647483463046970076e-02
6.653361736460329523e-02
6.659426706500430615e-02
6.665006996947310525e-02
6.670460114604100099e-02
6.675686924699880676e-02
6.681326133630879904e-02
6.686235304740030527e-02
6.691738265182139989e-02
6.696512582963849713e-02
6.701576197199760054e-02
6.706509326474059673e-02
6.711150550289060601e-02
6.716841968697989662e-02
6.721690976676830687e-02
6.726978842711729689e-02
6.732076460219470204e-02
6.736792179849269979e-02
6.741853894114109569e-02
6.746069749119390502e-02
6.750698999787480004e-02
6.755433259908069643e-02
6.759652351881159649e-02
6.763769077587150624e-02
6.768053760801130692e-02
6.772001995028299748e-02
6.775994139866499399e-02
6.779876693724999626e-02
6.783401607380359910e-02
6.786571257860909978e-02
6.789715710278930449e-02
6.792741037120370029e-02
6.795790451030410406e-02
6.798695377471529466e-02
6.800923613213780139e-02
6.803538744761759849e-02
6.806307950966139497e-02
6.808597072189549737e-02
6.810994847659229690e-02
6.812968891115299408e-02
6.814985496276969312e-02
6.816952179254290312e-02
6.818807831282110155e-02
6.820714175275660596e-02
6.822298820517390394e-02
6.823739053509079999e-02
6.825407832840929556e-02
6.826747261110900633e-02
6.827898425334369414e-02
6.828870672002609887e-02
6.829498734122139980e-02
6.830275807082070161e-02
6.830807730880669726e-02
6.831516576900170667e-02
6.832061810293889315e-02
6.832492331846690137e-02
6.832909766947770080e-02
6.833174221430750317e-02
6.833422510706620157e-02
6.833666021742919316e-02
6.833686827217119730e-02
6.833766353842729568e-02
6.833747347346980083e-02
6.833809240803680185e-02
6.833671404537790262e-02
6.833174037040190552e-02
6.832504796177600592e-02
6.832003297756930604e-02
6.831575066037920418e-02
6.830508996806719524e-02
6.829685368464380457e-02
6.828057906519359455e-02
6.826285373230800424e-02
6.824188269202340063e-02
6.822139692627149365e-02
6.819847816192779744e-02
6.817592469631729435e-02
6.814527243295570580e-02
6.812046185123500630e-02
6.809028701967240194e-02
6.806110299151499343e-02
6.803036859723690655e-02
6.800062267573220298e-02
6.796899241487290577e-02
6.793764730395369933e-02
6.790612651851769821e-02
6.787778460482589427e-02
6.784833330291019371e-02
6.782079273235630534e-02
6.779406856387050484e-02
6.776454817952309861e-02
6.773754631937810300e-02
6.771131808004519914e-02
6.768873492160519534e-02
6.766675740725780486e-02
6.764301454325789831e-02
6.762014557244890034e-02
6.759857261312410270e-02
6.757794653572470056e-02
6.753959841285189780e-02
6.748484256391110159e-02
6.746978034975779914e-02
6.745825721367650074e-02
6.744084859872470639e-02
6.742069549343270018e-02
6.740629797213970598e-02
6.739203870250509709e-02
6.737705870542709530e-02
6.736372174003420199e-02
6.734951167203999389e-02
6.733332962129910670e-02
6.731729508537080686e-02
6.729801960860930243e-02
6.727612556268799948e-02
6.726226337200670591e-02
6.724167685059100064e-02
6.723198394052500027e-02
6.721365424957459478e-02
6.720286387098900471e-02
6.718174372573390563e-02
6.716989450885270385e-02
6.715395415554739622e-02
6.714018784240699533e-02
6.712278138285360241e-02
6.710813795787540226e-02
6.709261732315230375e-02
6.707631714107920029e-02
6.706235912380950626e-02
6.704529407926519691e-02
6.703193404449879489e-02
6.701871153496760658e-02
6.700465921796819324e-02
6.698620725926260344e-02
6.697223225648149536e-02
6.695970432445409737e-02
6.694428563672949473e-02
6.693114094537709613e-02
6.691912197610179469e-02
6.690730268912040146e-02
6.689858001145050637e-02
6.688609897399859505e-02
6.687527087072320242e-02
6.686379089342130155e-02
6.685210479375350290e-02
6.684048304628019410e-02
6.683281530863710573e-02
6.682298894341300033e-02
6.681286772378600136e-02
6.680151103733679430e-02
6.679404814062679663e-02
6.678223663752880235e-02
6.677151899117679534e-02
6.676148744170259941e-02
6.675549343671749458e-02
6.674439438063750618e-02
6.673611033518689339e-02
6.672703369863509926e-02
6.671587912115449492e-02
6.670624731891550141e-02
6.669664415282849923e-02
6.668793604077380421e-02
6.668131352699489811e-02
6.667156637077939485e-02
6.666280027055450363e-02
6.665505132683190170e-02
6.664930636917959506e-02
6.664428970329110136e-02
6.663769516212070254e-02
6.663230822941279552e-02
6.662637726577480546e-02
6.661984385889689608e-02
6.661271404109750383e-02
6.660568190973829850e-02
6.660037945970390116e-02
6.659394405180339704e-02
6.658745624597260659e-02
6.657849877803760641e-02
6.657460827045359741e-02
6.656946416440949477e-02
6.656809470205310442e-02
6.656250054750209588e-02
6.655978744091589627e-02
6.655276651681170386e-02
6.655030640612999426e-02
6.654615027914080605e-02
6.654425450141510101e-02
6.654013910818619426e-02
6.653687631497649801e-02
6.653662744978540433e-02
6.653443378252349438e-02
6.653342702025090427e-02
6.653361930012349768e-02
6.652951770158059552e-02
6.652819918673219535e-02
6.652462361086390608e-02
6.652287367184139821e-02
6.652293474415049701e-02
6.651929023457320289e-02
6.652293059186889512e-02
6.652025861199230283e-02
6.652023091477679562e-02
6.651696359768910494e-02
6.651412478906419679e-02
6.651206709229150194e-02
6.651105040097479715e-02
6.651126966946729890e-02
6.651129359635919724e-02
6.651263482436589602e-02
6.651335746972200647e-02
6.651256089708350305e-02
6.651172604056579396e-02
6.651188866391009868e-02
6.651426963494100342e-02
6.651666937251840550e-02
6.651659574870920355e-02
6.651500571708909848e-02
6.651721734154400489e-02
6.651644056254969739e-02
6.651779967768460533e-02
6.652032325638590482e-02
6.652382749954680041e-02
6.652799081569510387e-02
6.652907466697109695e-02
6.656554023689049970e-02
6.653307955563220188e-02
6.658657696684050498e-02
6.659561112768480617e-02
6.658246534344869350e-02
6.660140760908679625e-02
6.660959141285639762e-02
6.661378498018910577e-02
6.662383844553010359e-02
6.662650459132260505e-02
6.662852683077839788e-02
6.663241107074489855e-02
6.664241797072470441e-02
6.664866618965760436e-02
6.665390414204390435e-02
6.665958140685339373e-02
6.666218390737789490e-02
6.666640651236929727e-02
6.667318300619740068e-02
6.667696209253930195e-02
6.668201590526119660e-02
6.668790384281160499e-02
6.669261030784859323e-02
6.669195202091600383e-02
6.669912172621300650e-02
6.670142746711769932e-02
6.670512130649700056e-02
6.671087156749880287e-02
6.671344041554359838e-02
6.671464014769759587e-02
6.671854765666809794e-02
6.671924377403229411e-02
6.672289413858950580e-02
6.672580888469860361e-02
6.673025484883779446e-02
6.673511980522420228e-02
6.673444718480979476e-02
6.673672354953390229e-02
6.673991955420149891e-02
6.673933300530379698e-02
6.674329530543450517e-02
6.674448006280610246e-02
6.674473871567139505e-02
6.674528602124149557e-02
6.674746970878149555e-02
6.674923660050499641e-02
6.675120187746609590e-02
6.675017972470190242e-02
6.675081134561300367e-02
6.675270220947890354e-02
6.675045962138689837e-02
6.674968587240269480e-02
6.675129598077210458e-02
6.674950261483759972e-02
6.674691662420939586e-02
6.674623563505130419e-02
6.674302718787160360e-02
6.674193999636160446e-02
6.673859616163599351e-02
6.673644321487690045e-02
6.673382953060680300e-02
6.673043860405029892e-02
6.672251128810199883e-02
6.671273870882139800e-02
6.671162871181310350e-02
6.670894947640819417e-02
6.670227399282810388e-02
6.669819995280110159e-02
6.669306668383870318e-02
6.668696882581269525e-02
6.667826682397649807e-02
6.667031523189589914e-02
6.666529110847599360e-02
6.666041664556740520e-02
6.665208535590909367e-02
6.664615187194440626e-02
6.663575557487269596e-02
6.662711964632070383e-02
6.662079184566420398e-02
6.660488302279750361e-02
6.659989731754810405e-02
6.659009145317019984e-02
6.653900604999229973e-02
6.657325635394560626e-02
6.656376397802750422e-02
6.654657465428469310e-02
6.654293475865180607e-02
6.649844803481699818e-02
6.648909111026859997e-02
6.648175240652859364e-02
6.647891743567539702e-02
6.646448147160219366e-02
6.645656948303850509e-02
6.644634728341500263e-02
6.643561201745680489e-02
6.642695526772179893e-02
6.641779495912410181e-02
6.640983676145449655e-02
6.639984197169560010e-02
6.639184802376529859e-02
6.638024125068320291e-02
6.637390780967690473e-02
6.635809855511930200e-02
6.634904519133739964e-02
6.633914851496369725e-02
6.633017116811899816e-02
6.631843487774069512e-02
6.630795243098880354e-02
6.629756695489349982e-02
6.628455437887939561e-02
6.627533203021959696e-02
6.626333614016489959e-02
6.625247330527049561e-02
6.624272654846130592e-02
6.623230535037889777e-02
6.621802878239049783e-02
6.620786405505289796e-02
6.619597488028509946e-02
6.618288580976909585e-02
6.617413358749089924e-02
6.616492763893569440e-02
6.615236526982160026e-02
6.614479256416920527e-02
6.613474614430789322e-02
6.612075585251879495e-02
6.610814875857740081e-02
6.609684571258149510e-02
6.608446939890690042e-02
6.607472097675499978e-02
6.606410234403929660e-02
6.605147112861270431e-02
6.603936159710879772e-02
6.603313352034409500e-02
6.602295330750469760e-02
6.601250787108929596e-02
6.600694124515230077e-02
6.599905416127800628e-02
6.599070181122640433e-02
6.598041823002200046e-02
6.597049650720460123e-02
6.596035483525070076e-02
6.595213426343210505e-02
6.594362001622179614e-02
6.593332190832819351e-02
6.592729304001260227e-02
6.592184033402639920e-02
6.591392506171790677e-02
6.590707574816109804e-02
6.590243709958119867e-02
6.589422497505920129e-02
6.588928201055750666e-02
6.588500322242550611e-02
6.587796168522749851e-02
6.587159281788429466e-02
6.586980987448279312e-02
6.586348205148259694e-02
6.585777963621079756e-02
6.585390990010429879e-02
6.585293589882020016e-02
6.584988397509100588e-02
6.584920814687120205e-02
6.584426085478059520e-02
6.584466175988359926e-02
6.584384423274200482e-02
6.584327078030559333e-02
6.584234619406489908e-02
6.584296627892390064e-02
6.584389721494809944e-02
6.584225899428410023e-02
6.584001390524249486e-02
6.583807043558739802e-02
6.583658047894719312e-02
6.584140390618239969e-02
6.584148732220350408e-02
6.584770684906950111e-02
6.584982027416050321e-02
6.585249197540339605e-02
6.585328624009330334e-02
6.585826539517239397e-02
6.586290713520860651e-02
6.586833940350030059e-02
6.587599991363310425e-02
6.588185223614589914e-02
6.588793197588170558e-02
6.589322806942249366e-02
6.590034981132579517e-02
6.590916366750329547e-02
6.591591988719940065e-02
6.591950420049699777e-02
6.592792219616519511e-02
6.593582006730260014e-02
6.594206700089740025e-02
6.595054954283720294e-02
6.598767268771520145e-02
6.600120891102130571e-02
6.598138333477439332e-02
6.603534739952360288e-02
6.605782604728380192e-02
6.607427683011130037e-02
6.609145071340050137e-02
6.610522259757259378e-02
6.612241198746279802e-02
6.614392151612140391e-02
6.616463658056929986e-02
6.618188743371390681e-02
6.619962905378229401e-02
6.622433853666810644e-02
6.624393047734579432e-02
6.626686904615490536e-02
6.628808008720910028e-02
6.631317641879340419e-02
6.633713678222080690e-02
6.635788920807160485e-02
6.638143622565879920e-02
6.640376594933859733e-02
6.643111747866320416e-02
6.645424838380850630e-02
6.648087364760020546e-02
6.650645082618300563e-02
6.653231465453220139e-02
6.655733868930649444e-02
6.658267396025399631e-02
6.660878350507430656e-02
6.663467887391960609e-02
6.666154738401459945e-02
6.668687087230000532e-02
6.671341174404370189e-02
6.673916193152980292e-02
6.676497912906660670e-02
6.678704859915760017e-02
6.681111476010449801e-02
6.683454959889739699e-02
6.685788086129869356e-02
6.688153457780099398e-02
6.690561966690229678e-02
6.692352980554400199e-02
6.694463280328409593e-02
6.696612594367980231e-02
6.698443544373690328e-02
6.700484753184500486e-02
6.702257643721039326e-02
6.704109397012389393e-02
6.706219171185219541e-02
6.707778800236159633e-02
6.709604227013479805e-02
6.711149009266979826e-02
6.712752086243589655e-02
6.714293785133890191e-02
6.716053185611950416e-02
6.717412351313199748e-02
6.719247502108960379e-02
6.720482713565049948e-02
6.721800521531430539e-02
6.723368740169299862e-02
6.724773447634660450e-02
6.726446047428009944e-02
6.727843090057769593e-02
6.729300395099820087e-02
6.730656914547319958e-02
6.731788327461020460e-02
6.732985751748660208e-02
6.734295870263440342e-02
6.735399393119939626e-02
6.736492467708179999e-02
6.737928560068290329e-02
6.738843415284209715e-02
6.739676555772260158e-02
6.740782598068169318e-02
6.741786561923020227e-02
6.742572880145389358e-02
6.743457640490130300e-02
6.744590078629840446e-02
6.745468126766679395e-02
6.746282020976270000e-02
6.746725350391420684e-02
6.747166686172359484e-02
6.747728988186499355e-02
6.748230623478239376e-02
6.748853046726270566e-02
6.749141935225090594e-02
6.749751058066530418e-02
6.750045976472859866e-02
6.750281481480599477e-02
6.750286800441150648e-02
6.750467580658579825e-02
6.750699351709410490e-02
6.750566913966840610e-02
6.750656586281360283e-02
6.750489930715619646e-02
6.750310940845680174e-02
6.750075655991780166e-02
6.749708635566720183e-02
6.749180539267060630e-02
6.748770044057550432e-02
6.748455842975939478e-02
6.747843223572409788e-02
6.747069788786150268e-02
6.746506104476519827e-02
6.745550681142729876e-02
6.744541030949480209e-02
6.743755754169020178e-02
6.742685380567299547e-02
6.741777806039879473e-02
6.740429830327310246e-02
6.739263627347200081e-02
6.737796514050149732e-02
6.736512574242939366e-02
6.734919897308970504e-02
6.733374568463709742e-02
6.731993271422899439e-02
6.730271033119220037e-02
6.728763484139549389e-02
6.727020033000219446e-02
6.724954749545619670e-02
6.723393514369860324e-02
6.721682824981130289e-02
6.719682601088390606e-02
6.717863794588960213e-02
6.716075634189719312e-02
6.714012163284299728e-02
6.711815995507039445e-02
6.709957931928020591e-02
6.708197993649160640e-02
6.706046444441740584e-02
6.704221101543400563e-02
6.702309693471279750e-02
6.700526763133669850e-02
6.698401017377229871e-02
6.696197219705160575e-02
6.694090300843889840e-02
6.692073191841639568e-02
6.690231586469159997e-02
6.688182651809619628e-02
6.686007113629620358e-02
6.683809604183120479e-02
6.682233994780560626e-02
6.679989960726559484e-02
6.676248945025049786e-02
6.674948347146750227e-02
6.668857908481709562e-02
6.667442018522920510e-02
6.666284798340180173e-02
6.664237354325749929e-02
6.662794252101800208e-02
6.661429554163279809e-02
6.660119936503650084e-02
6.658906374812739726e-02
6.657550819023319577e-02
6.656130226403310368e-02
6.654473124466520062e-02
6.653109891689859556e-02
6.651651343908769609e-02
6.650238820295199804e-02
6.648886097385030280e-02
6.647762292731460021e-02
6.646268743877410679e-02
6.645376810681720425e-02
6.643812666070779416e-02
6.642548684591090269e-02
6.641426539883729663e-02
6.640144297253179617e-02
6.638945825950169632e-02
6.638297833831610650e-02
6.637447027577779435e-02
6.636336878191199939e-02
6.635431031583099992e-02
6.634725834897760299e-02
6.633783278161270447e-02
6.632852792561319544e-02
6.632131157381070119e-02
6.631566065895980189e-02
6.631051989822289716e-02
6.630152046007049826e-02
6.629426569591810592e-02
6.628798269899309481e-02
6.628313707485239403e-02
6.628223263089440265e-02
6.627677647791800630e-02
6.627690523811109735e-02
6.627306787582079584e-02
6.626697590178780295e-02
6.626785416369719572e-02
6.626365706772359421e-02
6.626543020433239839e-02
6.626190468482930085e-02
6.626220738029750534e-02
6.626305101398760611e-02
6.626543198191670037e-02
6.626649640509289785e-02
6.626531398185940558e-02
6.626856365319469533e-02
6.627116862397119945e-02
6.627283041197419566e-02
6.627568053874689780e-02
6.628040096282959703e-02
6.628061993991800349e-02
6.630933369289189472e-02
6.629549813238300171e-02
6.629631101622759926e-02
6.630174541815260503e-02
6.630555684276570605e-02
6.631390114656510182e-02
6.634841737266809758e-02
6.636846889852160425e-02
6.637802843222199989e-02
6.638497459142210511e-02
6.639407555185999898e-02
6.640785672732579803e-02
6.641742399125949436e-02
6.642475265943409424e-02
6.643379295344639668e-02
6.644972941136589872e-02
6.645745027311379671e-02
6.646974374593189738e-02
6.647829508927430298e-02
6.649297742230579622e-02
6.650427375480870429e-02
6.651674550951269804e-02
6.652936613232539320e-02
6.654024120932029718e-02
6.655255106777929752e-02
6.656596523256599895e-02
6.657912975278500178e-02
6.659017968534600151e-02
6.660393815652029814e-02
6.661772406684039749e-02
6.662661207858650014e-02
6.664124907500189321e-02
6.665221509277340084e-02
6.666140970848580261e-02
6.667457743512679447e-02
6.668418813999529848e-02
6.669914871280199775e-02
6.670777963818040612e-02
6.671667989868930448e-02
6.672573112249620408e-02
6.673749242010659777e-02
6.674779702408069337e-02
6.675713416623850482e-02
6.676564515760910479e-02
6.677685326244860164e-02
6.678448086196600575e-02
6.679002164432880362e-02
6.680174083892299886e-02
6.680840910427160440e-02
6.681414194104509652e-02
6.682265874274480322e-02
6.682823326959050347e-02
6.683190747404429977e-02
6.683628005846159459e-02
6.684052362424250382e-02
6.684533804491650522e-02
6.684752942720960378e-02
6.684977656072410568e-02
6.685370386420499966e-02
6.685506263622320589e-02
6.685576734546029576e-02
6.685658205564480594e-02
6.685462742348530218e-02
6.685463955043970119e-02
6.685282250498840451e-02
6.685162791326239307e-02
6.684688879886399593e-02
6.684485920129619452e-02
6.683924391929850495e-02
6.683598170937349314e-02
6.683289268719200260e-02
6.682823192182539562e-02
6.682217025607850580e-02
6.681678021243589449e-02
6.681129381960400349e-02
6.680519518757299657e-02
6.679693979879290644e-02
6.678978743843780319e-02
6.678117399599879656e-02
6.677424559731899578e-02
6.676544485651049465e-02
6.675704701189590085e-02
6.675176320091860682e-02
6.674029505984620247e-02
6.673112136856799992e-02
6.672354879019179452e-02
6.671201467672639718e-02
6.670295653837560179e-02
6.669311475483449825e-02
6.667988239623340307e-02
6.667233233384639579e-02
6.665890294066670330e-02
6.664963678660369706e-02
6.663921794161979661e-02
6.662457255348129548e-02
6.661458724487480387e-02
6.660158634130930455e-02
6.659046303148739854e-02
6.657682436009609850e-02
6.656355098442649776e-02
6.655254708500160654e-02
6.653941683593560252e-02
6.652620172330339643e-02
6.651307989250319908e-02
6.649901986432890655e-02
6.648981683018960476e-02
6.647449062236460149e-02
6.646318564733059986e-02
6.645055910463619486e-02
6.644131169717940044e-02
6.642816780412069688e-02
6.641558134234989974e-02
6.640383775949550149e-02
6.638686105378710511e-02
6.636058485764670389e-02
6.636822373339119896e-02
6.631755818704909711e-02
6.630786125576519641e-02
6.630093669460390693e-02
6.629150325229009322e-02
6.628313035634220141e-02
6.627958888986150432e-02
6.626586844667149701e-02
6.625800059707770417e-02
6.624697490607779626e-02
6.623546056745850674e-02
6.622659303478760362e-02
6.621314937326740202e-02
6.619982969493169722e-02
6.618919534272199590e-02
6.617885753570529328e-02
6.617101192054100633e-02
6.616043813799639406e-02
6.615207341534569407e-02
6.613938859565529627e-02
6.613211620161789372e-02
6.612301228917250029e-02
6.611382509196279955e-02
6.610442968115369522e-02
6.609557443133179389e-02
6.609163486728779346e-02
6.607932382420339534e-02
6.607589979938549574e-02
6.606997432166980544e-02
6.606372913717889483e-02
6.605306185731570079e-02
6.604523393421239674e-02
6.603789785654959332e-02
6.603342629248169782e-02
6.602821952274649797e-02
6.602229177367689716e-02
6.601249112151419407e-02
6.600979568189399571e-02
6.600281089759470199e-02
6.599688218174959431e-02
6.599765844525500025e-02
6.599511248393820362e-02
6.599192648227629465e-02
6.598994646975180067e-02
6.598369853344700220e-02
6.598234031643840369e-02
6.597969212287270457e-02
6.597996171362849327e-02
6.597791433006909567e-02
6.597639559561109535e-02
6.597827040354120598e-02
6.597845772091390226e-02
6.597699571099140126e-02
6.597799078453679689e-02
6.598263030614970326e-02
6.598561581427489497e-02
6.598895085674670591e-02
6.599128717290650425e-02
6.599467020351379443e-02
6.599686952691349862e-02
6.600416897812889927e-02
6.600889436449060288e-02
6.601457603946660202e-02
6.601785376526030091e-02
6.602427963795620691e-02
6.602683351734919825e-02
6.603382362011439577e-02
6.604018007676600022e-02
6.604726447548039947e-02
6.605126777936849714e-02
6.606092976237440406e-02
6.606674068691770207e-02
6.607097255415579629e-02
6.607594826141979794e-02
6.608243592505209929e-02
6.608922002353689873e-02
6.609721918907020266e-02
6.609915434815280544e-02
6.610907227066649405e-02
6.611262607656989698e-02
6.614327139251190146e-02
6.612695934482089311e-02
6.616215836119790361e-02
6.618084904265879309e-02
6.615254221156169345e-02
6.619816442993889383e-02
6.621543558397420537e-02
6.622353248703109763e-02
6.623426018165799734e-02
6.623914180562480436e-02
6.625565869724570067e-02
6.626732559723409743e-02
6.627890619408699502e-02
6.628595305395780513e-02
6.629641310282860522e-02
6.630689028062120016e-02
6.631581985534440449e-02
6.632255330613739952e-02
6.633438635976439401e-02
6.634282927528900586e-02
6.635426321579170061e-02
6.636463415548629619e-02
6.637169972659209827e-02
6.638120781674880511e-02
6.638824968681930616e-02
6.640167016706589875e-02
6.640756635573920319e-02
6.641656948623170242e-02
6.642310345993439336e-02
6.643111843625240653e-02
6.643884318184510585e-02
6.644299312211339459e-02
6.645510111564950639e-02
6.646231520796849757e-02
6.647061049612000561e-02
6.648030667185149400e-02
6.648534392936859827e-02
6.649109958632040684e-02
6.649785973671569483e-02
6.650678800641189603e-02
6.651255200296669889e-02
6.652024134425589541e-02
6.653078628961379970e-02
6.653864442324469719e-02
6.654523806284179388e-02
6.655375621358390614e-02
6.656126893259679822e-02
6.656590383097260588e-02
6.657305575248240181e-02
6.658147715073819972e-02
6.658997337606929745e-02
6.659640722940729507e-02
6.660430713099370348e-02
6.661251025173570151e-02
6.661764010582660323e-02
6.662278707805979749e-02
6.663278203695230384e-02
6.664065275188890691e-02
6.664676289300559830e-02
6.665316779111589429e-02
6.666279773749890503e-02
6.666904460070710581e-02
6.667517481685900083e-02
6.668519601716230150e-02
6.669067917542599588e-02
6.669946036652109334e-02
6.670778836821850133e-02
6.671516665900370513e-02
6.671976870918559788e-02
6.672827226015250190e-02
6.673874279714470115e-02
6.674549556042269627e-02
6.675128401376059784e-02
6.676250970893979342e-02
6.676852296806340403e-02
6.677510893269729408e-02
6.678391419476639723e-02
6.679092102587970425e-02
6.679660052531949388e-02
6.680397933556189716e-02
6.681421304936520367e-02
6.681948553538630264e-02
6.682683827044709479e-02
6.683332290701869682e-02
6.684221310709520525e-02
6.684675682740690017e-02
6.685365204662170602e-02
6.686222129009840309e-02
6.687027827790929801e-02
6.687574806928689441e-02
6.688200648196999942e-02
6.688739326331069601e-02
6.689717789132559878e-02
6.690199368686579329e-02
6.690929659866109991e-02
6.691835939038630332e-02
6.692559403108509775e-02
6.693093590976849361e-02
6.693762865370199433e-02
6.694509558272629390e-02
6.695312071921340202e-02
6.695901220057889902e-02
6.696764880906740103e-02
6.697446111377590439e-02
6.698272497426599470e-02
6.699009917726829466e-02
6.699552283505999517e-02
6.700329465780409388e-02
6.701146643865460439e-02
6.701607754950669738e-02
6.702388472309500633e-02
6.703087831323389922e-02
6.703919659283090471e-02
6.704468336845620380e-02
6.704951014649619678e-02
6.705534630724190037e-02
6.706211847335849519e-02
6.706660522670319924e-02
6.707480254042620660e-02
6.707707900789590394e-02
6.708228125775950179e-02
6.708543056820889805e-02
6.708881922607060067e-02
6.709170990522589362e-02
6.709386749558859941e-02
6.709934073451970238e-02
6.710264967192650087e-02
6.710517687555220268e-02
6.710668824937569832e-02
6.710832873751550187e-02
6.711016351866369578e-02
6.711245242357659346e-02
6.711361663616770279e-02
6.711642583641980186e-02
6.711622668481069531e-02
6.711899273834380508e-02
6.711682806779420418e-02
6.711774160422960545e-02
6.711582736708610053e-02
6.711607672793229451e-02
6.711452554668420611e-02
6.711368930751540618e-02
6.711204207906680541e-02
6.710970390651620210e-02
6.710824101103030070e-02
6.710607122128510460e-02
6.709945268533359930e-02
6.709692762219539308e-02
6.709194690854400345e-02
6.708920404869210541e-02
6.708267570029570470e-02
6.707560416595380326e-02
6.706988438956419663e-02
6.706521827190800589e-02
6.705761425964469613e-02
6.705034577570330445e-02
6.704277674040820534e-02
6.703664355931310270e-02
6.702666712363930523e-02
6.701695777946529986e-02
6.700862498673580692e-02
6.699971234333500225e-02
6.699123777460200269e-02
6.698307838389300217e-02
6.697111564940440298e-02
6.696233708298120202e-02
6.694998511544700270e-02
6.694147529247120032e-02
6.692659422505800593e-02
6.691731731196229327e-02
6.690889708371819400e-02
6.689595320111370313e-02
6.688466017466120073e-02
6.686959007084020135e-02
6.685935217073729619e-02
6.684465161478840567e-02
6.683266816701090296e-02
6.681814764800010631e-02
6.680488794551280030e-02
6.679028940924379432e-02
6.677935238743849811e-02
6.676264489664120172e-02
6.674981154993199495e-02
6.673627406990799427e-02
6.672156666246560619e-02
6.670786021477830008e-02
6.669216401712320386e-02
6.668259761952770315e-02
6.666609347754830217e-02
6.665393959582299743e-02
6.663765044704919593e-02
6.662583259583970685e-02
6.661280978944410236e-02
6.659811731398590506e-02
6.658357866820729942e-02
6.657428332355340428e-02
6.655907551686850165e-02
6.654535847170969798e-02
6.653376276427949709e-02
6.651934932957140334e-02
6.650631528941809700e-02
6.649782782135929549e-02
6.648817211438659558e-02
6.647216869473959733e-02
6.645805598389140090e-02
6.645185506124809405e-02
6.642221249659199800e-02
6.642303442135369385e-02
6.640884013990350221e-02
6.635022784232630366e-02
6.634240762376200640e-02
6.636872640723390226e-02
6.632335994296019444e-02
6.634590568124440479e-02
6.630548181392589835e-02
6.630104377980029773e-02
6.629598291753249772e-02
6.628579134892780000e-02
6.628128519816529896e-02
6.627456903917390563e-02
6.626787216128279812e-02
6.626340259731849924e-02
6.625500362036519653e-02
6.624987560184139590e-02
6.623936051159999561e-02
6.623189696160579343e-02
6.622212001091630496e-02
6.621568988896520125e-02
6.620834912257819727e-02
6.620331367056439542e-02
6.619728052264360618e-02
6.619573172778349390e-02
6.618758212060510404e-02
6.618431059441659547e-02
6.617858761780419374e-02
6.617554147863409508e-02
6.617383494152019596e-02
6.616492333930799885e-02
6.616543894128920633e-02
6.616033332468210237e-02
6.615747500795859937e-02
6.615605884616590493e-02
6.615680104422459740e-02
6.615504299499200269e-02
6.615226959800180051e-02
6.615303453168780434e-02
6.615077323097889872e-02
6.615205748057810531e-02
6.615152736538700007e-02
6.615073126133709513e-02
6.615336628296950017e-02
6.615640292259450383e-02
6.616034211915529373e-02
6.616207565228729437e-02
6.616246070355380482e-02
6.616518054671489957e-02
6.616752751298810020e-02
6.616921675152960536e-02
6.617163308187809512e-02
6.617802420132480601e-02
6.618242018449149722e-02
6.621539985729289757e-02
6.623022823144829319e-02
6.624171341918609623e-02
6.625286855630720118e-02
6.626193825146289851e-02
6.627120770642920544e-02
6.627744500665500027e-02
6.628331029029439769e-02
6.629460961111099948e-02
6.630573645917149650e-02
6.631428114680129604e-02
6.632032021514989995e-02
6.633147118096190120e-02
6.633943566760379384e-02
6.635032470472089494e-02
6.636154958656320657e-02
6.637184992002970185e-02
6.638367243012889551e-02
6.639480468726219331e-02
6.640268615461999979e-02
6.641418324356579417e-02
6.642885299000120258e-02
6.644351645290609565e-02
6.645549584311249980e-02
6.646818428617549956e-02
6.648033724383189957e-02
6.649272966319620670e-02
6.650626617080609981e-02
6.651907029459250276e-02
6.653316192036649868e-02
6.654462523623469461e-02
6.655773374198920012e-02
6.656764441628869322e-02
6.658333774048319498e-02
6.659522550049870593e-02
6.661019366094980687e-02
6.662079586567569434e-02
6.663366260073820546e-02
6.664629437259569911e-02
6.665712811894540513e-02
6.667101605590690372e-02
6.667897565593479403e-02
6.669225481051969939e-02
6.670029007235270258e-02
6.671190314167120550e-02
6.672615253796700119e-02
6.673376740996049550e-02
6.674601012170010284e-02
6.675242976591669319e-02
6.675842010128330006e-02
6.676890087794509765e-02
6.677460210285919573e-02
6.678310990014539594e-02
6.679048942762359775e-02
6.679782974261920525e-02
6.680320370090660209e-02
6.680693310805259355e-02
6.681109251231059920e-02
6.681481422822220517e-02
6.682130126088109412e-02
6.682596547094429851e-02
6.682713802362200139e-02
6.683015188487130553e-02
6.683107302589440246e-02
6.683156474926839341e-02
6.683232190759269553e-02
6.683248725517300370e-02
6.683252720856630580e-02
6.683074344313970350e-02
6.683144833083499992e-02
6.682715309900369438e-02
6.682525279905289495e-02
6.682209153548690495e-02
6.681546253225820187e-02
6.681147696173420081e-02
6.680766286870409854e-02
6.680340953818969529e-02
6.679876839347119455e-02
6.678780989388830025e-02
6.678277440424369715e-02
6.677493686601239375e-02
6.676736011198630694e-02
6.676027151639879476e-02
6.675229549452099675e-02
6.674542362164009868e-02
6.673626621270059567e-02
6.672727360442110012e-02
6.671892500925109826e-02
6.670675710130609393e-02
6.669715919778629321e-02
6.668936306846960649e-02
6.667870073900139527e-02
6.666951901746720477e-02
6.665885222512279995e-02
6.664647655467219323e-02
6.663848634702429496e-02
6.662544329974140478e-02
6.661568623607219686e-02
6.660515329213459457e-02
6.659140555489370672e-02
6.658154899142600114e-02
6.656896716866639307e-02
6.655875710152220348e-02
6.654499333435200115e-02
6.653499615184149674e-02
6.652165920357530626e-02
6.651319365430899411e-02
6.650064377540000626e-02
6.648753320380849929e-02
6.647439606464419781e-02
6.646226571765209701e-02
6.645091077326409357e-02
6.643811501084370685e-02
6.642531040562900391e-02
6.641634625942280379e-02
6.640078882383260162e-02
6.639112775031659475e-02
6.637643178876799499e-02
6.636512723380889878e-02
6.635834591560499374e-02
6.634430630910899407e-02
6.633392369009280531e-02
6.632293305512970694e-02
6.631061012893380013e-02
6.630327809290860464e-02
6.629269192140900546e-02
6.628173347907440061e-02
6.625551041149360665e-02
6.624439768531049932e-02
6.624593248851229355e-02
6.622264853352409497e-02
6.618743993981829332e-02
6.618090367506300475e-02
6.617550477911719742e-02
6.616434206304169785e-02
6.615795561351479892e-02
6.614983658240880526e-02
6.614140306496429922e-02
6.613703901692929987e-02
6.612871245774780415e-02
6.611844542470929342e-02
6.611288395895620340e-02
6.610536785615929445e-02
6.609483897431230048e-02
6.609051769576780588e-02
6.608487729719070281e-02
6.607731347155759716e-02
6.607272237781300350e-02
6.606309643992659686e-02
6.605874534079149429e-02
6.605207341666559373e-02
6.604847920645040560e-02
6.604413431229649856e-02
6.603917619591680166e-02
6.603557728942829885e-02
6.602828195188049920e-02
6.602541011792259495e-02
6.601981878724999531e-02
6.601812754135680250e-02
6.602075334817099350e-02
6.601883410649550532e-02
6.601740355379730196e-02
6.601491755131569383e-02
6.601287186956270037e-02
6.601007136310950429e-02
6.601091206917450438e-02
6.601057180982999872e-02
6.601253497153650174e-02
6.601406918892159525e-02
6.601401125472680653e-02
6.601495692625179712e-02
6.601390257892740532e-02
6.601822189748250691e-02
6.601965493410059949e-02
6.602301302895270674e-02
6.602524457290960547e-02
6.603031922422400446e-02
6.603652304007209817e-02
6.603794221980860413e-02
6.604059164990329356e-02
6.604843122922450516e-02
6.605188704076710160e-02
6.606261962040239910e-02
6.606756643028599552e-02
6.607251102786479424e-02
6.607367715884590598e-02
6.608237707866250477e-02
6.608985224279299853e-02
6.609799143653259657e-02
6.610102819200719404e-02
6.613400733418589583e-02
6.611543162775229687e-02
6.615362027564360148e-02
6.613316592759939383e-02
6.613982695660160227e-02
6.615010950766740672e-02
6.620792569007109829e-02
6.622213031779959624e-02
6.622395635516299672e-02
6.624585735871330039e-02
6.625480048942390676e-02
6.626813351372909389e-02
6.628288564014080120e-02
6.629097581419600427e-02
6.630578404387739433e-02
6.631966292663120377e-02
6.633287519815080080e-02
6.634326422747789664e-02
6.636315608767219543e-02
6.637553716956949568e-02
6.639360580401290624e-02
6.640462404907990224e-02
6.642132908285959536e-02
6.643496503428160394e-02
6.644786006847870630e-02
6.646686868837180240e-02
6.648075331807959398e-02
6.649330804269110162e-02
6.650965019012809731e-02
6.652228525660880409e-02
6.654265969303090056e-02
6.655473717116990040e-02
6.657056546220059545e-02
6.658604617686220140e-02
6.659967455296210426e-02
6.661495215431570416e-02
6.662809793636409461e-02
6.664524004837230065e-02
6.665779170289970468e-02
6.667327917190249420e-02
6.668560123472490331e-02
6.669824564967789804e-02
6.671317427321860061e-02
6.672723959652289427e-02
6.674038598066739381e-02
6.675218219153560006e-02
6.676519303237560266e-02
6.677550169774840172e-02
6.678597600461999573e-02
6.679960054935479841e-02
6.680846385679700683e-02
6.682158892021419772e-02
6.683076807599390434e-02
6.684330840599909951e-02
6.685240766186359429e-02
6.686087437996220129e-02
6.686942002849209643e-02
6.687849722008630537e-02
6.688597436521100115e-02
6.689412111012109363e-02
6.690406298148020292e-02
6.691037111498590595e-02
6.691650650605880657e-02
6.692510562960439502e-02
6.693125185073199590e-02
6.693564074949449882e-02
6.694207085459759343e-02
6.694767662744109671e-02
6.695663731808899899e-02
6.696092644800499816e-02
6.696423795625400244e-02
6.696882167985010459e-02
6.697137649693510331e-02
6.697532345355050598e-02
6.698161249646490678e-02
6.698604014777599647e-02
6.699035635071190486e-02
6.699266205716519762e-02
6.699550154542649461e-02
6.699854750412319315e-02
6.700164173411600477e-02
6.700472710277920185e-02
6.700879930968049736e-02
6.701184406301520513e-02
6.701544028936259889e-02
6.701777633042950433e-02
6.702084436860769601e-02
6.702449663984430539e-02
6.702652255265409420e-02
6.702934008115520037e-02
6.703176733200409687e-02
6.703426665536020568e-02
6.703528362388219697e-02
6.703741806473249853e-02
6.704089266131620095e-02
6.704299460197510330e-02
6.704435207741619995e-02
6.704613692100870603e-02
6.704750204775460076e-02
6.705034660495040599e-02
6.705213256471059813e-02
6.705104468086109382e-02
6.705304757052020503e-02
6.705492325106120199e-02
6.705840964775659774e-02
6.705904140069539332e-02
6.705834727235070181e-02
6.705866125710069348e-02
6.705752186442330565e-02
6.706154430931519916e-02
6.706218003220029700e-02
6.706324697827349690e-02
6.706508940360439430e-02
6.706604516412159600e-02
6.706544187567370363e-02
6.706493206258490325e-02
6.706372997622760124e-02
6.706298824746069476e-02
6.706098166465479515e-02
6.706116191784959601e-02
6.706230317884290248e-02
6.706069150009059954e-02
6.706069537588460472e-02
6.705849409768259439e-02
6.705732714258499927e-02
6.705710023989060187e-02
6.705542884891960154e-02
6.705432772545129316e-02
6.705332847337569513e-02
6.705203282830810019e-02
6.704776746528880171e-02
6.704167437859620549e-02
6.703813884708599569e-02
6.703479661740929796e-02
6.703309491325000480e-02
6.703141769325370036e-02
6.702801283823149603e-02
6.702200853657359902e-02
6.701852217037010395e-02
6.701238286227730045e-02
6.700772705753929581e-02
6.700557368063829455e-02
6.700306298634570168e-02
6.699718185166039786e-02
6.699052286533049849e-02
6.698494693046090631e-02
6.698042600747010356e-02
6.697724663209740636e-02
6.696976636334890653e-02
6.696486370499149521e-02
6.695887333041429523e-02
6.695513849008810636e-02
6.694869802919049817e-02
6.694179733851510217e-02
6.693402205440900088e-02
6.693096581125369815e-02
6.692392833646089445e-02
6.691702832706969417e-02
6.691020595190150244e-02
6.690308859386689955e-02
6.689496274708890688e-02
6.688701758089239668e-02
6.687960515805739525e-02
6.687266533160199367e-02
6.686259756561620249e-02
6.685725722393780213e-02
6.685126178375430661e-02
6.684015017418219740e-02
6.683216186694100613e-02
6.682460334691579795e-02
6.681389993084889400e-02
6.680629945503380185e-02
6.679926878247409439e-02
