5.203472482380829683e-02
5.280585820581740197e-02
5.338836116489129729e-02
5.382151655936919660e-02
5.431189375578229783e-02
5.478547359063620087e-02
5.532968887641510208e-02
5.582630169588990304e-02
5.628424496908709940e-02
5.678767290956619751e-02
5.724425459587569737e-02
5.777559994427820117e-02
5.827947257603800085e-02
5.862523085589760319e-02
5.901652465659459890e-02
5.939424612981000079e-02
5.985918113094070014e-02
6.032368814995599932e-02
6.076356057598510108e-02
6.125036150060020335e-02
6.159397126461509803e-02
6.199428014567590073e-02
6.243349820155239677e-02
6.290619127108260100e-02
6.342914321659010035e-02
6.390194088731579458e-02
6.429681776722050157e-02
6.460821003789310457e-02
6.491112754363109749e-02
6.531131684025269502e-02
6.567827290651689909e-02
6.617822247491210452e-02
6.672649392034370186e-02
6.695847565663359813e-02
6.731312704587219531e-02
6.750858881909750642e-02
6.769889221648330013e-02
6.805623293365090087e-02
6.840970878263979982e-02
6.879503377997270297e-02
6.910813531595459691e-02
6.938614187702600578e-02
6.955731892511080039e-02
6.979859335243239482e-02
7.010414657601639343e-02
7.040755015309449472e-02
7.064204481001140623e-02
7.087029172600289861e-02
7.104955905828369556e-02
7.127745543353120050e-02
7.151411576734030551e-02
7.182115428149729586e-02
7.205129091718129319e-02
7.225659902762229803e-02
7.241632853220350552e-02
7.256850460021560534e-02
7.277652455548359878e-02
7.298323624126459852e-02
7.323310748570330264e-02
7.341589841723300536e-02
7.357149601992160615e-02
7.370742071051129829e-02
7.382437122894650039e-02
7.395385322084170598e-02
7.408063249266060024e-02
7.423633732747300651e-02
7.438176982545530169e-02
7.450924752053419975e-02
7.462462859975700635e-02
7.470460426008510013e-02
7.479898521660220678e-02
7.486867485813830658e-02
7.496182879703550128e-02
7.504554325505520540e-02
7.514014566054140476e-02
7.521253449816610315e-02
7.525008091028580204e-02
7.532757691313959891e-02
7.537751299333080024e-02
7.541560355944799954e-02
7.543722816170840562e-02
7.546769977416850628e-02
7.548803555896480000e-02
7.549801040075769520e-02
7.550984489890009976e-02
7.554285563555500349e-02
7.555587798956900358e-02
7.558757463523249620e-02
7.559910219841560475e-02
7.560694760097839973e-02
7.563701847568030101e-02
7.562789046535589588e-02
7.564672523792570491e-02
7.566211241150060107e-02
7.566599881094450419e-02
7.565955838658440513e-02
7.564161846884050189e-02
7.559303931610479588e-02
7.551306545265050463e-02
7.541895843079389483e-02
7.539982305352009584e-02
7.537060200524600684e-02
7.531049398458930511e-02
7.529889110992429857e-02
7.526423127900740140e-02
7.519525505852629743e-02
7.506809750821470673e-02
7.488820714500560305e-02
7.474373455937630140e-02
7.488333711716370356e-02
7.504942738029740656e-02
7.497740445728290348e-02
7.489688202318810217e-02
7.481724099031700215e-02
7.472127836833450387e-02
7.468522273855809912e-02
7.458935921803110103e-02
7.449069080177600499e-02
7.442928532752329795e-02
7.433705247701280494e-02
7.428181614790249632e-02
7.418393550116500479e-02
7.406862487886679836e-02
7.399237792652610390e-02
7.389039417136909760e-02
7.378207567855760152e-02
7.370113309975730165e-02
7.362033827762619331e-02
7.349348911636249815e-02
7.343136025274399348e-02
7.329207019574250637e-02
7.316291774969660433e-02
7.311353552648719445e-02
7.299557141161340523e-02
7.285501971616339945e-02
7.277058237586760125e-02
7.261144707501859807e-02
7.251968802445210582e-02
7.243058095832280441e-02
7.229503950134230639e-02
7.220445716457679630e-02
7.205339939446470110e-02
7.194267826794069343e-02
7.183649977405409670e-02
7.168298117717039619e-02
7.158401335457169334e-02
7.146077481405829768e-02
7.131486909988589418e-02
7.119856497782109384e-02
7.105960035920540208e-02
7.092487510535559758e-02
7.081304730319890051e-02
7.066583613598240166e-02
7.052424851354699431e-02
7.042515332039940568e-02
7.024503720505349824e-02
7.014651355433740298e-02
6.999465493875370314e-02
6.987547373778529858e-02
6.976511782415280305e-02
6.962172498740160087e-02
6.950293667473339543e-02
6.936772092834600500e-02
6.921829596800860296e-02
6.910648423527629425e-02
6.897261388437760099e-02
6.883602304377299530e-02
6.869740095431020599e-02
6.858614882772119670e-02
6.846390918903390299e-02
6.834344002906729554e-02
6.822051002474670278e-02
6.809930963330479425e-02
6.800233213531829690e-02
6.784942213238810693e-02
6.776867222080129594e-02
6.765809912169690188e-02
6.753430328142599748e-02
6.743376775441230209e-02
6.733617936113249491e-02
6.722780068179380619e-02
6.712738321835720612e-02
6.702455032342259644e-02
6.695971465522780608e-02
6.685533544367650016e-02
6.677831180414560419e-02
6.667011274471990045e-02
6.659737015190070331e-02
6.648313351876980470e-02
6.642912394775260521e-02
6.633696081775999898e-02
6.625415962472880338e-02
6.617723298483239869e-02
6.613588151392449377e-02
6.604980332844979929e-02
6.598451758723809790e-02
6.591868367896359937e-02
6.586871701435449700e-02
6.580752902176009722e-02
6.572539452580679342e-02
6.567774003229709390e-02
6.562455392765820239e-02
6.557237210423609575e-02
6.551907457381840605e-02
6.547051190685050648e-02
6.540156860398760319e-02
6.535616178934319787e-02
6.529900816837440336e-02
6.528156843579839552e-02
6.525374244753770481e-02
6.521612518792860302e-02
6.515513529225300249e-02
6.515111094212930332e-02
6.512463617294450557e-02
6.507622872105579825e-02
6.503166236253650478e-02
6.501462887278409986e-02
6.497119054848810027e-02
6.497976206652690545e-02
6.495029611790680002e-02
6.493879069204219756e-02
6.490127226140990357e-02
6.486200667921609986e-02
6.486478360729469594e-02
6.485979440533209961e-02
6.481470267193910340e-02
6.483603061726049555e-02
6.483207388951089944e-02
6.481257016421219930e-02
6.482684896966260657e-02
6.481743971837559959e-02
6.481593198979780646e-02
6.478185246674579567e-02
6.480744726641350650e-02
6.482043622446249931e-02
6.482002480172019410e-02
6.482199460650039935e-02
6.485255866784950252e-02
6.485200543909719340e-02
6.485051714472819806e-02
6.487262812250020605e-02
6.491425405368080048e-02
6.493067037762720317e-02
6.492833090011460029e-02
6.496734331034620391e-02
6.496133030730240343e-02
6.502537783830490692e-02
6.502049510692739509e-02
6.505427287082160559e-02
6.509549559254440565e-02
6.512222039782560035e-02
6.517814918738379371e-02
6.517937697882099368e-02
6.522934729454349378e-02
6.524957367223220561e-02
6.530150091746160512e-02
6.534627117019370379e-02
6.537310523634079495e-02
6.542815258975079318e-02
6.549264349564019871e-02
6.551631469439239686e-02
6.556206523851310086e-02
6.562952578452460606e-02
6.568588625939229819e-02
6.573429411950730550e-02
6.580440399064969859e-02
6.586422434976349494e-02
6.591757616225189798e-02
6.599059619700360646e-02
6.604662362819760379e-02
6.611683225489919935e-02
6.621000205768109992e-02
6.628809883213700183e-02
6.634982685993390250e-02
6.642572614663300179e-02
6.648470194292789570e-02
6.653627839269420086e-02
6.658812494407649607e-02
6.667609358895730531e-02
6.672241485573569830e-02
6.678456585482579755e-02
6.684766304971299922e-02
6.688528764049819775e-02
6.693942750693579469e-02
6.700015602897900491e-02
6.705368628559879585e-02
6.712007186681069604e-02
6.716224420090910474e-02
6.725194232944040063e-02
6.730213549835979692e-02
6.733361348924289669e-02
6.743578394847879465e-02
6.748490487406620664e-02
6.754358906731859624e-02
6.761007622368060688e-02
6.767855852526670490e-02
6.769109734501560505e-02
6.775490064934780454e-02
6.782562459968370649e-02
6.788233575189719926e-02
6.790535149427649741e-02
6.795619687127679720e-02
6.795792434998919329e-02
6.801567703299180034e-02
6.804605715385160514e-02
6.808024454145319981e-02
6.811321417552070046e-02
6.810572632818240324e-02
6.812730483231339840e-02
6.814278431009440640e-02
6.811508577013650201e-02
6.814382378455299816e-02
6.810201252798170346e-02
6.808987985759530626e-02
6.796446035991170198e-02
6.792355397757690594e-02
6.796983031697409472e-02
6.807119785317959637e-02
6.799187829672770356e-02
6.803754027764820356e-02
6.810888408907010694e-02
6.808879931886220593e-02
6.798603064612809832e-02
6.808452079525899314e-02
6.818250246971099826e-02
6.812399044537399695e-02
6.819470246843199746e-02
6.827693083764910242e-02
6.819902871793130650e-02
6.824870277055600232e-02
6.822449829361100504e-02
6.826276894502959769e-02
6.829878791393799442e-02
6.833354995251070263e-02
6.832372043782980464e-02
6.836300351361179750e-02
6.833923908224549815e-02
6.840943640473649834e-02
6.841214208015880538e-02
6.842708945909049822e-02
6.843368922042900038e-02
6.844598468898570320e-02
6.847997620335810609e-02
6.849177074690640521e-02
6.850822351007219979e-02
6.851700810406530229e-02
6.852323388285780359e-02
6.854447670525509739e-02
6.854836836747339734e-02
6.855223977551690162e-02
6.855382103040930097e-02
6.855890714834439459e-02
6.855054613876100655e-02
6.856574418157899975e-02
6.855889765962609739e-02
6.857994493528470070e-02
6.859613292059089928e-02
6.858368144725510152e-02
6.858301760204539577e-02
6.859386191444639957e-02
6.844482834603909938e-02
6.847038563807850142e-02
6.844136435240809335e-02
6.843154656036069816e-02
6.843129100578859703e-02
6.838941957476460387e-02
6.836366542847040206e-02
6.840396888545970111e-02
6.840560505897209931e-02
6.835079832002119438e-02
6.830759334714670006e-02
6.824434690351109667e-02
6.816455414430210025e-02
6.810055150072419350e-02
6.804157581029940394e-02
6.801901269260229865e-02
6.807239129215919560e-02
6.808507177817879619e-02
6.817031260252000291e-02
6.823757419006840075e-02
6.827785032240900331e-02
6.828357261821040025e-02
6.831955468779239704e-02
6.834732361445619575e-02
6.834570348750940161e-02
6.837383966833110449e-02
6.838251751513270416e-02
6.840043710749360573e-02
6.840448327524449590e-02
6.840601205201560231e-02
6.842292602915349409e-02
6.839531084888450518e-02
6.839710059643940021e-02
6.838123290862009596e-02
6.836403617824560186e-02
6.834417613225890475e-02
6.832421571821299666e-02
6.829677881703299924e-02
6.827294542260779753e-02
6.826131678775450295e-02
6.822422379340639664e-02
6.821286532627740540e-02
6.817559467060380074e-02
6.816780535745829706e-02
6.813696833376009510e-02
6.810770416509970282e-02
6.808335568335570354e-02
6.806163081850219454e-02
6.802072450064340636e-02
6.799946114566189637e-02
6.793395570984420151e-02
6.792974226632729484e-02
6.789293328588219545e-02
6.785981764247339676e-02
6.782517000610510660e-02
6.775198107168159400e-02
6.771829145554060514e-02
6.769908093308120434e-02
6.766089743716230398e-02
6.761908606715390235e-02
6.754699453975669676e-02
6.753350046613029733e-02
6.750668902521410331e-02
6.743186390013460041e-02
6.738700419512219653e-02
6.735983363957999404e-02
6.729103233810500295e-02
6.724985084925670653e-02
6.720959076099930485e-02
6.719117086424790386e-02
6.710587779162230371e-02
6.707164223531500435e-02
6.700288403215759470e-02
6.698124178103649629e-02
6.695680069799070377e-02
6.686909912310490256e-02
6.681765356975770398e-02
6.676802431157130568e-02
6.672710971110809575e-02
6.671705498951630009e-02
6.662526726172419977e-02
6.661664548946200082e-02
6.653558546666610285e-02
6.650048647698489357e-02
6.645580096536810033e-02
6.640145742947489715e-02
6.637026562021709764e-02
6.631865279895710064e-02
6.629641489555429534e-02
6.628185667128469460e-02
6.621307101430010111e-02
6.617390773906819956e-02
6.612339079645809803e-02
6.609782728995139411e-02
6.605632611750950067e-02
6.605358836583159754e-02
6.598705355648540327e-02
6.595954931777610331e-02
6.595617032261749668e-02
6.589186957835879710e-02
6.588327699039239760e-02
6.588868641245039515e-02
6.581484841930100582e-02
6.581869931710850052e-02
6.576673760140250291e-02
6.573465507726200530e-02
6.571308959778039693e-02
6.568891427012769901e-02
6.569030801845160417e-02
6.564793621756870312e-02
6.563524869463330247e-02
6.562920590464700610e-02
6.558962432121709374e-02
6.557395568147020293e-02
6.556221196477279856e-02
6.553255087988610339e-02
6.553984943283959475e-02
6.549302064562209647e-02
6.551783519154180668e-02
6.549176648831460390e-02
6.545593157144899421e-02
6.543839767127969387e-02
6.543739471689699605e-02
6.541222717343170290e-02
6.541333600176570118e-02
6.539669479717470646e-02
6.539576017483779424e-02
6.537398673756880663e-02
6.537396572832120112e-02
6.537424892196619375e-02
6.536962681765140504e-02
6.535962393891260602e-02
6.532956986083529594e-02
6.534583091886669859e-02
6.537783628803579827e-02
6.534523826520130529e-02
6.533210414267330568e-02
6.534548529266019645e-02
6.533903996653959989e-02
6.533718210888120326e-02
6.534719994076179650e-02
6.535802394983850072e-02
6.536054447233190234e-02
6.536296626388650444e-02
6.536310077490449510e-02
6.536631681594540222e-02
6.537479777562009431e-02
6.536589435936410175e-02
6.542370324148670535e-02
6.540607448781220190e-02
6.542035456008819805e-02
6.543089236088550642e-02
6.545777344891259841e-02
6.545999146788160361e-02
6.547870335162589428e-02
6.548484653149219681e-02
6.551415692916469358e-02
6.552768627489040376e-02
6.555808977082719369e-02
6.559546070734040280e-02
6.559258848308009704e-02
6.562244994139559973e-02
6.565032400144750480e-02
6.566991281822809334e-02
6.570029393281250074e-02
6.573116289308469917e-02
6.578396756337709372e-02
6.578785280293819593e-02
6.583256443475610231e-02
6.585743803129770479e-02
6.585336558097219795e-02
6.588312078539269867e-02
6.588674189839149875e-02
6.585079224762530048e-02
6.581066795743399644e-02
6.577308958269979799e-02
6.565704970496739901e-02
6.550925662446950570e-02
6.535772612790639868e-02
6.531680621387130070e-02
6.537111436712329804e-02
6.565564091203489328e-02
6.576551833168549355e-02
6.584201090318729521e-02
6.579311154379109683e-02
6.581792746183369458e-02
6.583191859137220436e-02
6.593903896876279758e-02
6.595649645600649980e-02
6.595868011021799315e-02
6.603338394935300004e-02
6.639755940434499681e-02
6.643855419621280678e-02
6.647056518951630077e-02
6.651763294083899714e-02
6.655784354004140591e-02
6.657039815573979891e-02
6.659126919914659659e-02
6.659653078082559963e-02
6.656175731253960448e-02
6.663592027744970336e-02
6.661118888119289816e-02
6.663633916840319693e-02
6.662238712173329525e-02
6.663469830524569593e-02
6.669236528583960544e-02
6.673152850535650493e-02
6.675534884547229542e-02
6.681753642068190280e-02
6.688508022919330276e-02
6.694179210740279495e-02
6.699339026431619382e-02
6.703381977910860545e-02
6.708193960399430611e-02
6.713041717669410158e-02
6.717137431313109641e-02
6.723185155827790527e-02
6.727940878920500578e-02
6.733488033281979923e-02
6.737785774272990469e-02
6.741561377972779545e-02
6.746002854397170623e-02
6.751369511619059738e-02
6.755394643574580416e-02
6.759943926948240589e-02
6.763201516072260555e-02
6.769562728669829832e-02
6.774172083530820287e-02
6.777359465070639799e-02
6.782951068460700561e-02
6.786505722718019773e-02
6.789653767776940296e-02
6.793919595829160663e-02
6.797108347719600652e-02
6.798658518645950277e-02
6.802446525241000186e-02
6.804595236575500250e-02
6.806779541561329416e-02
6.809268002643180384e-02
6.815448559604080081e-02
6.818667765788100077e-02
6.820242674377059722e-02
6.822943236493560215e-02
6.824523869242919705e-02
6.826857874355299338e-02
6.827930732235329425e-02
6.830394640144289709e-02
6.831705701741259962e-02
6.833463672755310525e-02
6.834518249017479397e-02
6.837183716279260359e-02
6.837653708674569508e-02
6.839012721751590307e-02
6.840400873863880515e-02
6.841067132503429737e-02
6.841387000070719981e-02
6.843831152345529467e-02
6.844223899816999357e-02
6.844513281799359528e-02
6.845373566311499514e-02
6.846493749758460201e-02
6.847505987433910590e-02
6.849328444086079382e-02
6.849499013340600018e-02
6.849960301829570442e-02
6.851819134977760184e-02
6.852284383045839644e-02
6.852748528205400425e-02
6.853381805782070291e-02
6.854377150405190078e-02
6.855084944286979343e-02
6.856128409309500404e-02
6.856297021739179987e-02
6.857935896091099659e-02
6.858360195989750274e-02
6.859889542229030690e-02
6.860756118043549734e-02
6.861990262631249837e-02
6.862457602582200389e-02
6.863913568807519794e-02
6.864276984271409920e-02
6.864769606404309832e-02
6.865538039391699821e-02
6.866009242119340550e-02
6.866134590680610106e-02
6.866407997634499383e-02
6.866220149742090217e-02
6.866265703753210436e-02
6.866019216666459368e-02
6.866944478657339979e-02
6.866158413483210154e-02
6.866167959708939506e-02
6.865749806195560467e-02
6.865013169891780176e-02
6.865084585793029825e-02
6.862454391436979828e-02
6.859380100794930379e-02
6.861186637922260523e-02
6.858650647504349607e-02
6.856124794976670156e-02
6.853586200419480023e-02
6.850968127977349886e-02
6.826399755465499541e-02
6.781581077264449420e-02
6.784857453357359680e-02
6.790001698761349846e-02
6.794398678577799611e-02
6.794816123843849809e-02
6.798171434024659343e-02
6.801144559441520132e-02
6.805063075832500086e-02
6.808097682407550366e-02
6.814070993510769336e-02
6.813696071889470407e-02
6.816450503116699977e-02
6.811394595901870685e-02
6.808084440664989578e-02
6.807816500182420349e-02
6.805475530959530228e-02
6.807053191702709671e-02
6.808833114119229590e-02
6.811380156770570349e-02
6.811632237833480097e-02
6.812451775773359364e-02
6.814326890854729979e-02
6.813712571797289619e-02
6.812650864612210255e-02
6.813197103132699606e-02
6.813264585948139440e-02
6.812478868299859380e-02
6.810391339503149566e-02
6.810284878674539855e-02
6.807460904185790029e-02
6.806157555165000261e-02
6.805535229365559935e-02
6.799367126848830656e-02
6.797281937534489782e-02
6.796081223329900056e-02
6.792686082688259575e-02
6.791409222027580683e-02
6.790336030247369481e-02
6.789287114635049469e-02
6.791706214715219347e-02
6.790337484792580147e-02
6.791473391057629982e-02
6.790939505101359353e-02
6.789165708700180268e-02
6.787828922221629535e-02
6.789912818350130053e-02
6.788921908242090408e-02
6.787831640529450039e-02
6.785155787765999313e-02
6.787143043324929403e-02
6.785478407373829457e-02
6.783762147632099726e-02
6.781955210051049399e-02
6.783316039786579932e-02
6.782147124330989429e-02
6.779621978519609349e-02
6.780351225724250142e-02
6.777931520485649952e-02
6.774266456868849318e-02
6.771571242438810534e-02
6.769189587917090467e-02
6.767905932228950039e-02
6.766195270056879485e-02
6.764351653097069872e-02
6.765227143540629429e-02
6.765870682442409745e-02
6.764727029699839356e-02
6.763995133654990277e-02
6.762769521791220373e-02
6.762611024657809444e-02
6.761059116790399393e-02
6.758205225232269409e-02
6.755301937164949477e-02
6.754325078949929839e-02
6.751756869276029360e-02
6.749797072800090003e-02
6.746910354825989831e-02
6.745915950604519651e-02
6.743826272854519521e-02
6.745709729174960423e-02
6.743227381556229916e-02
6.743338137027790613e-02
6.741690626760479810e-02
6.742009210671269515e-02
6.740882559930409801e-02
6.742087681635490493e-02
6.742591830845749701e-02
6.742703751881690133e-02
6.745332539933950045e-02
6.744488615713660484e-02
6.746783213017769343e-02
6.746517419047770581e-02
6.746538568329890628e-02
6.746129451238740138e-02
6.744989301162619688e-02
6.745235413801660418e-02
6.747271634060500456e-02
6.745353544938770263e-02
6.748049761744390196e-02
6.746234860978030101e-02
6.745302358844809665e-02
6.742766775532589574e-02
6.737570518985329382e-02
6.734509229749900683e-02
6.731337334587039756e-02
6.729558201445200172e-02
6.727818036374359767e-02
6.725905493114099631e-02
6.723747665114959693e-02
6.723045283496620339e-02
6.719015643175549335e-02
6.715472127592260476e-02
6.713821320623909739e-02
6.713466067947500282e-02
6.708801732937050288e-02
6.704132650761460144e-02
6.702731678065569632e-02
6.698301637973880229e-02
6.696796641373030379e-02
6.694864791124960357e-02
6.693050170394540532e-02
6.690806131148510638e-02
6.689162267247709959e-02
6.732225292469440348e-02
6.683768157195650594e-02
6.749249844327639969e-02
6.755485306759119457e-02
6.729785439224879318e-02
6.748480939539540369e-02
6.753527872763259721e-02
6.752667017556819584e-02
6.759107476401900183e-02
6.755856691395099867e-02
6.752131818256809637e-02
6.753535535701610248e-02
6.760180120590389419e-02
6.759696676998219744e-02
6.758497253286950557e-02
6.762277609071390416e-02
6.760770660065909543e-02
6.761609303593109355e-02
6.762812261564360439e-02
6.762176556279969608e-02
6.761380098715309706e-02
6.763139107316740173e-02
6.764187070480190411e-02
6.760872381468760461e-02
6.766135944570210448e-02
6.765030430526640381e-02
6.766227424941330393e-02
6.766754126055550544e-02
6.768097828854199860e-02
6.766066683082870570e-02
6.767907268654860253e-02
6.764327815714689385e-02
6.764341108358069843e-02
6.768188885903639318e-02
6.769033547354219582e-02
6.770389027429039863e-02
6.766807745609709768e-02
6.768679284725230560e-02
6.768987231094500401e-02
6.766679451487810082e-02
6.769500766024880156e-02
6.769421814830389739e-02
6.769012606108200381e-02
6.767611930644569507e-02
6.768521607111789573e-02
6.768905235859359881e-02
6.769720318827419925e-02
6.769180288656319322e-02
6.769723803231779413e-02
6.770642769024119711e-02
6.768194642383319748e-02
6.767751535787849826e-02
6.769170589152520567e-02
6.769669928783959845e-02
6.768635474569019428e-02
6.769231592001810627e-02
6.767702810281910064e-02
6.768775562996240391e-02
6.768534181175080156e-02
6.769117327071820511e-02
6.768470615029950621e-02
6.768457244317779842e-02
6.766829516329919691e-02
6.761520900455210425e-02
6.766001726005860251e-02
6.765273126346120491e-02
6.765982278503250569e-02
6.766560120188859495e-02
6.765587666793909660e-02
6.765232047787049507e-02
6.761785093173650063e-02
6.761316631558469958e-02
6.761632999571250136e-02
6.761735542687019596e-02
6.761018018213339753e-02
6.761446450849220580e-02
6.759239921724019551e-02
6.755065971302720573e-02
6.759094211020409693e-02
6.747363772447960428e-02
6.750957028860479769e-02
6.748347775182579611e-02
6.690025286907609614e-02
6.745894997551619976e-02
6.746684312604220302e-02
6.737809616712960026e-02
6.745596196407270539e-02
6.697596582095320661e-02
6.698772959519060100e-02
6.699316311108589883e-02
6.706931974555019327e-02
6.702253647322570229e-02
6.706386710653050587e-02
6.705372320381429441e-02
6.706901087110990478e-02
6.706029659318639424e-02
6.709099627023309975e-02
6.710942722852569764e-02
6.710322268911890486e-02
6.713369819765839519e-02
6.713005596891999383e-02
6.714856078378900195e-02
6.711871359530929837e-02
6.711748034518190409e-02
6.710801037675509506e-02
6.713788299797179837e-02
6.710870194566159741e-02
6.711629569750529600e-02
6.711137142320970639e-02
6.708834876876579312e-02
6.708527511099840468e-02
6.707426253220480361e-02
6.707269737731129389e-02
6.707337856290129796e-02
6.706320997775459813e-02
6.703146500836630606e-02
6.704827741023550169e-02
6.703590656332389375e-02
6.700467068197840659e-02
6.702673240125750498e-02
6.704085877887419609e-02
6.703243524201329961e-02
6.705855102509560017e-02
6.707361639885800475e-02
6.706588069892280290e-02
6.702471000778349730e-02
6.701491165669229422e-02
6.698876744980790388e-02
6.697637778690809784e-02
6.695228978300130085e-02
6.694412355392749536e-02
6.692542398552600580e-02
6.693105878402269560e-02
6.694476636537209646e-02
6.693746352894340557e-02
6.693648367562299306e-02
6.695002105942289561e-02
6.696923653243040675e-02
6.696644529798219392e-02
6.693274698170559311e-02
6.690161577667169679e-02
6.689012676444590355e-02
6.686193431417790378e-02
6.683976917831370435e-02
6.685694038185190091e-02
6.687182225549730130e-02
6.688749755987069556e-02
6.688430388294870632e-02
6.688882427880689374e-02
6.686376230185210601e-02
6.687783852978559929e-02
6.690039451339349630e-02
6.687824186602589482e-02
6.687923481331510545e-02
6.688262072567599525e-02
6.686928746894049702e-02
6.686997509776269888e-02
6.685643516843939316e-02
6.686986773985140187e-02
6.685504769058389640e-02
6.687071049953670354e-02
6.685852522353920302e-02
6.686629077824120249e-02
6.685996717813519341e-02
6.684600595387890642e-02
6.684898614004369799e-02
6.685589075190050135e-02
6.686096166630710325e-02
6.683638282315780554e-02
6.680087071203540117e-02
6.675153539130350422e-02
6.672906871769369863e-02
6.673384993948759669e-02
6.669803133049559407e-02
6.670247012203310566e-02
6.668594810110330118e-02
6.669824959029399536e-02
6.667664434493959791e-02
6.668331193043659788e-02
6.665416333529100568e-02
6.666035184054010243e-02
6.666913216614149540e-02
6.665073735489379647e-02
6.665225236196030412e-02
6.662975887753569415e-02
6.664040183833959408e-02
6.663804849652600615e-02
6.660348089635739766e-02
6.654585012379760078e-02
6.652328927236370038e-02
6.647619425360300205e-02
6.643537497374389644e-02
6.642069962038489594e-02
6.675001054441929982e-02
6.676056915693580340e-02
6.632254572597019726e-02
6.686615086873440306e-02
6.695107344187939402e-02
6.698813548047119482e-02
6.703553039360189703e-02
6.701609915489330216e-02
6.703683045129600615e-02
6.707471296856140630e-02
6.708885560137599346e-02
6.707835165733200267e-02
6.709456736591619397e-02
6.711699246230179439e-02
6.710833367743819500e-02
6.712175246092060010e-02
6.712626914065990269e-02
6.712897763424040265e-02
6.712683918761319646e-02
6.712867394971369639e-02
6.712751635889660506e-02
6.713099870024899496e-02
6.712231225021779435e-02
6.711833676038350682e-02
6.711893483072020605e-02
6.712052138919219479e-02
6.711450783744429827e-02
6.710749118643960509e-02
6.709705373720629973e-02
6.709953803028879948e-02
6.709028991280820142e-02
6.707799293819870223e-02
6.707803411284279926e-02
6.707055906813079449e-02
6.707202643202810066e-02
6.706279054166600084e-02
6.705049203837559757e-02
6.705238705755080242e-02
6.704686809182980323e-02
6.704693987268220412e-02
6.705106988851619598e-02
6.706177116761839752e-02
6.706880875248100171e-02
6.707308113934540295e-02
6.709025873139190521e-02
6.710082049262310055e-02
6.711226357280150601e-02
6.712068618817759735e-02
6.713694296033879960e-02
6.716192439675479353e-02
6.717218324207249736e-02
6.718563972004450158e-02
6.720336155097429709e-02
6.720727346753779807e-02
6.723323996726790486e-02
6.724370918207470127e-02
6.727064184377169742e-02
6.728630065275710559e-02
6.729459323799659443e-02
6.731390018613130077e-02
6.732789651582719859e-02
6.733521372946910111e-02
6.735318351597019415e-02
6.737774588938789944e-02
6.738722948739890584e-02
6.739802790278340283e-02
6.740823118499410238e-02
6.742022496541300036e-02
6.745105205120480174e-02
6.745031924665420564e-02
6.745902395583809608e-02
6.748468504682600400e-02
6.748944998342440438e-02
6.750121241079140577e-02
6.751502881068910389e-02
6.752871319831260655e-02
6.753175271062410168e-02
6.754710743951509999e-02
6.756404873305710268e-02
6.756937516108380004e-02
6.758045922658779958e-02
6.758723836317130640e-02
6.758930684995019533e-02
6.760649520583650318e-02
6.760387812471410629e-02
6.762733368856040095e-02
6.763413737965050243e-02
6.764202723202690504e-02
6.764233740432540332e-02
6.765805191475919578e-02
6.766523052832150442e-02
6.767968568134720420e-02
6.768831492321150667e-02
6.769204514776019921e-02
6.769807757199379494e-02
6.771688218152470407e-02
6.773103914564260197e-02
6.773603528880180191e-02
6.774190736009159941e-02
6.774453425290849484e-02
6.775148771329130015e-02
6.776235060039349778e-02
6.777752323056310257e-02
6.778301795751069669e-02
6.779055987670569439e-02
6.780212690521690566e-02
6.780400580921769338e-02
6.780193145441359981e-02
6.781399577883789886e-02
6.781916057650140550e-02
6.782351524523019815e-02
6.782872860270849902e-02
6.782736358521949949e-02
6.783240993324039791e-02
6.783650167647020668e-02
6.784260474265850493e-02
6.784359879313260622e-02
6.784930517676769635e-02
6.785372834949110477e-02
6.785074295957049806e-02
6.785035215391689578e-02
6.785681791283740272e-02
6.786294027798389639e-02
6.785872906808210203e-02
6.786532559449980073e-02
6.787013795628260571e-02
6.786908126586889412e-02
6.786444393745989789e-02
6.785753711604429472e-02
6.785747949560350101e-02
6.786886430019770100e-02
6.786673740112479647e-02
6.786113851889760684e-02
6.786670938295319422e-02
6.787091458736070615e-02
6.786347545183800400e-02
6.782987189302809583e-02
6.784531776494820421e-02
6.784621875320670514e-02
6.783119255952869964e-02
6.780100458331619895e-02
6.777410582784290649e-02
6.777502051399990346e-02
6.772847806883690314e-02
6.749126488753019737e-02
6.750548359315980407e-02
6.695601376151759376e-02
6.698408896685370539e-02
6.702700435493960662e-02
6.704174560369870195e-02
6.707046003976749327e-02
6.708884898175780653e-02
6.713114035686949810e-02
6.717924230728609947e-02
6.718871567345090223e-02
6.721767215476970314e-02
6.721777790574019751e-02
6.723771371626899307e-02
6.722766430749750610e-02
6.724917227797949648e-02
6.723661380268459997e-02
6.723291991888960539e-02
6.723512938296109798e-02
6.725165617663779460e-02
6.721989180952389620e-02
6.722620048319100095e-02
6.720410194118620062e-02
6.721020595544520415e-02
6.717400589202550398e-02
6.719298998039570370e-02
6.719272589299510323e-02
6.719368259959010437e-02
6.719313418275869865e-02
6.717988826669660241e-02
6.716955137468079429e-02
6.716244359383340135e-02
6.714948714434029742e-02
6.713860201332029487e-02
6.713663804597500007e-02
6.711794456741479453e-02
6.710875713168110157e-02
6.708217869024160618e-02
6.706841720119169348e-02
6.707125506475700161e-02
6.705266055690810301e-02
6.707674114201750415e-02
6.706330924556250239e-02
6.701499194703329498e-02
6.702638986194520143e-02
6.699831155262279958e-02
6.701471638660730368e-02
6.697883466627599369e-02
6.695710258485429445e-02
6.693698804341989550e-02
6.696249256246529502e-02
6.693865288227049404e-02
6.693227489781679307e-02
6.690200743118519811e-02
6.689531339138719834e-02
6.685841289209359939e-02
6.685215157760099336e-02
6.686922931754160637e-02
6.683282620637839844e-02
6.714000776990680652e-02
6.685738088898260378e-02
6.681020294625519829e-02
6.680036008597529940e-02
6.678264288005769655e-02
6.676927834921919658e-02
6.713077828043090278e-02
6.730996568503350153e-02
6.734816083581450508e-02
6.731433900584500585e-02
6.735667598891889596e-02
6.738485657688030039e-02
6.738850766698520345e-02
6.737117253525949645e-02
6.736316411217420363e-02
6.742179047461580033e-02
6.742208601518159816e-02
6.743911670171449935e-02
6.743082910345360448e-02
6.745643542302159901e-02
6.747647715052450257e-02
6.748318105895090291e-02
6.749283892821099362e-02
6.749870499906250598e-02
6.748437087013629820e-02
6.751079430183259955e-02
6.751376026840029410e-02
6.749967578421089964e-02
6.752169571565229400e-02
6.752225613956279460e-02
6.751998545737460111e-02
6.751842419394230022e-02
6.751372323546270260e-02
6.751137470203390223e-02
6.751444704547179820e-02
6.750853236094589427e-02
6.751674661172489544e-02
6.752095645882100206e-02
6.750775260174010639e-02
6.751049273385589800e-02
6.751311156434300353e-02
6.751657649172619624e-02
6.752095531998099365e-02
6.751581659302870186e-02
6.751646278667899903e-02
6.751833606359730622e-02
6.751523767555789313e-02
6.751654259355290011e-02
6.751662411771540417e-02
6.751669082394390342e-02
6.751919500769490434e-02
6.752870775892649835e-02
6.752730519081100169e-02
6.752515449119829427e-02
6.752444105565480470e-02
6.752268587338590422e-02
6.752190485244409512e-02
6.752175414650420093e-02
6.751445132072080024e-02
6.751910688791999682e-02
6.752854621087310549e-02
6.751942573887349808e-02
6.752214894042520010e-02
6.751098595135540670e-02
6.750816962875680338e-02
6.752386046575829803e-02
6.751255134735630048e-02
6.752447940804849613e-02
6.752007555629989388e-02
6.751640428745320222e-02
6.752651831790169867e-02
6.751484966765179674e-02
6.751894811029850174e-02
6.751049313300110100e-02
6.751883866512410626e-02
6.752475192430300310e-02
6.752740092678999329e-02
6.751941827806229313e-02
6.751397774682220410e-02
6.751305749958889935e-02
6.750727076869969534e-02
6.751157028831859808e-02
6.751939871179539476e-02
6.751435625802020002e-02
6.751675309079699372e-02
6.752602796104439919e-02
6.751382916480790086e-02
6.751425476510579393e-02
6.750914352074979807e-02
6.749629430493850335e-02
6.751499297741180017e-02
6.750938471450039502e-02
6.750620764986620115e-02
6.751525075528720665e-02
6.750442520897670384e-02
6.752698939775179932e-02
6.750339191081740353e-02
6.750818825295419601e-02
6.749174970832640119e-02
6.749515604093210552e-02
6.749041278052179960e-02
6.749268355876120173e-02
6.746654049249420360e-02
6.747728187589539794e-02
6.745139031216750014e-02
6.745786414625259964e-02
6.742961735365900211e-02
6.742017995992190260e-02
6.741070744735820630e-02
6.740701474288919581e-02
6.740028657536530077e-02
6.738444650582529893e-02
6.738029420700659966e-02
6.729830073181519712e-02
6.712627428791040352e-02
6.735019986869709985e-02
6.680801785761930622e-02
6.682006864093080478e-02
6.686341255610470102e-02
6.689659457701099821e-02
6.693167133062069563e-02
6.700363493651680102e-02
6.700213027591869763e-02
6.701245744992080644e-02
6.701482723171180156e-02
6.699794373302149497e-02
6.700034469662929926e-02
6.696933751847730654e-02
6.695643418889320186e-02
6.693879909245639692e-02
6.694329295046150263e-02
6.695732344562779770e-02
6.694385100015549928e-02
6.694899665272009692e-02
6.692222714234589975e-02
6.693157193399279503e-02
6.691263964601669445e-02
6.693619489905279496e-02
6.690813618575769395e-02
6.688737850479019309e-02
6.693434864938710427e-02
6.689140711732609323e-02
6.694391240114340447e-02
6.693768066733110644e-02
6.693602858002280220e-02
6.689439595132790073e-02
6.688430515467350124e-02
6.686943584673080143e-02
6.687055352739849912e-02
6.685634389903040431e-02
6.685321939439389793e-02
6.683488274236619453e-02
6.684210778112480156e-02
6.680240744133469910e-02
6.680607989167569594e-02
6.683066331636469681e-02
6.684345798597339516e-02
6.684499920688309615e-02
6.684797706864330225e-02
6.684020029956340425e-02
6.685521229975710522e-02
6.684110240014029536e-02
6.685881341870829331e-02
6.684922640044499431e-02
6.685484135508500125e-02
6.686826856308759892e-02
6.686100791631520435e-02
6.684871470873089694e-02
6.683713416752720682e-02
6.684778173863679951e-02
6.684093840790629459e-02
6.685246377165569853e-02
6.684846884194259320e-02
6.684524851392729949e-02
6.683849938167479854e-02
6.685680004469099491e-02
6.684435627096239896e-02
6.684993828678900685e-02
6.682025659964420383e-02
6.684042756559249732e-02
6.681162709484969597e-02
6.681255168156000068e-02
6.680027176308550585e-02
6.680555784890690463e-02
6.675750089020550393e-02
6.677681963995149572e-02
6.675786542291599346e-02
6.673940425861729642e-02
6.672190988928540512e-02
6.671012372635300169e-02
6.668190530386909620e-02
6.669344190308780507e-02
6.662531952979769412e-02
6.661485423815649565e-02
6.656757683801270420e-02
6.688785163490630625e-02
6.654367643966049850e-02
6.690012179918010393e-02
6.702452068116239448e-02
6.651592005665130092e-02
6.701932972516150278e-02
6.711815807408569312e-02
6.708232181030719665e-02
6.712997452888849748e-02
6.708662426743769447e-02
6.715224722771159782e-02
6.718178172136669846e-02
6.719267787929200653e-02
6.718674091972079432e-02
6.718487290569639947e-02
6.720899710737450461e-02
6.721496104950649975e-02
6.719732188115469518e-02
6.720908418372499582e-02
6.721119940080649835e-02
6.723939955748080288e-02
6.724678892432330024e-02
6.722688987271630001e-02
6.724812953969530605e-02
6.722239337718230456e-02
6.726130977152440515e-02
6.724148229181320380e-02
6.725043535643909776e-02
6.723531758407069736e-02
6.723713740046559362e-02
6.725255017707580663e-02
6.722255008106800545e-02
6.725211937962319309e-02
6.723857865507079645e-02
6.723485794205889821e-02
6.723803791166049759e-02
6.724635524533549569e-02
6.724714879314749871e-02
6.724797831023419936e-02
6.724022312780410238e-02
6.724368739125230476e-02
6.724221667830529436e-02
6.725102341018220076e-02
6.724707251177429457e-02
6.723996628446189672e-02
6.725317529379870596e-02
6.725072397693419857e-02
6.725005372671130632e-02
6.725622060574840133e-02
6.723702087266729410e-02
6.724661335514280081e-02
6.724359873354389394e-02
6.725185218770070306e-02
6.724077318387410018e-02
6.723770506420530257e-02
6.723891370231800668e-02
6.723487220711900358e-02
6.724019934983870017e-02
6.724362826757940281e-02
6.723945846133469462e-02
6.724498782387000606e-02
6.723647290758490158e-02
6.723171563628449476e-02
6.723150860905249826e-02
6.723386607775000412e-02
6.722395848561080189e-02
6.723436100955039463e-02
6.722895115550289735e-02
6.722658105799010630e-02
6.722460224950670138e-02
6.722446239282049707e-02
6.722669479163830009e-02
6.721911625008400448e-02
6.722483065728300511e-02
6.722305071144130117e-02
6.721977279926029392e-02
6.721839797525459848e-02
6.721313566213260593e-02
6.721591677356569816e-02
6.721285294213269479e-02
6.721659011609469603e-02
6.720898336528810524e-02
6.721049789431260413e-02
6.720819794004749548e-02
6.721009403551320149e-02
6.721164720857270014e-02
6.720561014834310065e-02
6.721529787893019969e-02
6.720895646526810208e-02
6.722066390835990113e-02
6.721746935887480678e-02
6.721219727544379408e-02
6.722007365738340290e-02
6.721276626268199439e-02
6.721671602999119977e-02
6.722432744101709823e-02
6.722224894024389497e-02
6.722149957745270077e-02
6.721808839902629340e-02
6.723087974222739793e-02
6.722757526783519622e-02
6.723066586905510067e-02
6.724331128220489839e-02
6.724090921170719493e-02
6.724529447271350435e-02
6.724522187749069901e-02
6.724200509583630470e-02
6.725804451188839572e-02
6.724836504932329984e-02
6.726111003576140668e-02
6.726702596191590222e-02
6.727262557586920211e-02
6.727425000615469552e-02
6.727534279557259578e-02
6.728017937692550021e-02
6.728737686656370565e-02
6.729941327712379850e-02
6.729815304216850425e-02
6.730585401754879404e-02
6.730960448397199647e-02
6.730915656526430257e-02
6.731422222813220058e-02
6.732187275496330503e-02
6.732922737471809527e-02
6.733555317037029364e-02
6.733834982569750216e-02
6.734339319098030241e-02
6.734302501297320664e-02
6.734262261040080411e-02
6.734755965650529586e-02
6.736582904088810053e-02
6.737052728950650160e-02
6.737605504945530510e-02
6.738345767958670018e-02
6.739110991134410200e-02
6.738937504710580673e-02
6.739223385155959645e-02
6.739042637430719962e-02
6.739477898395070110e-02
6.741297786154540339e-02
6.741913934887540372e-02
6.742263045822649570e-02
6.742332281571859764e-02
6.742549994059930663e-02
6.742587016491860541e-02
6.744141975726679339e-02
6.744653788341299638e-02
6.744522051353869785e-02
6.744759301442930510e-02
6.745313553097820325e-02
6.745664351003240189e-02
6.745275393934779817e-02
6.746723200518429941e-02
6.747291665692929652e-02
6.746672926375979484e-02
6.747371597980940383e-02
6.746956801721920582e-02
6.747634634690009847e-02
6.748314270072500176e-02
6.748210202926549495e-02
6.747722177671659771e-02
6.748642812485600162e-02
6.748414011224279641e-02
6.749721045431909816e-02
6.748487420183410523e-02
6.750402476785970218e-02
6.750325288982940430e-02
6.750428131357860684e-02
6.749833312096080451e-02
6.749499565083910690e-02
6.750019884268189385e-02
6.751180990068329779e-02
6.751878507168750099e-02
6.752349747275590564e-02
6.751074897539570407e-02
6.750723244289870417e-02
6.751817781225620541e-02
6.750586031841780688e-02
6.751297763968540366e-02
6.751799850086979971e-02
6.752224784000210311e-02
6.751614428899289921e-02
6.751876495814060353e-02
6.751637585064450275e-02
6.750645896111240329e-02
6.750483036112239765e-02
6.750187193742540614e-02
6.751297042689050065e-02
6.750380485507589956e-02
6.751526465439390556e-02
6.748762629882749942e-02
6.750281279827970160e-02
6.751343546122509642e-02
6.749442357837309725e-02
6.749455486717159669e-02
6.749249147767330537e-02
6.748273681597680151e-02
6.747636270763859856e-02
6.747010572761640013e-02
6.744483356692120013e-02
6.743450126848479775e-02
6.744950342887720551e-02
6.744743148891800544e-02
6.741428554586119393e-02
6.740062853501049833e-02
6.741047995115899416e-02
6.715437370176459420e-02
6.732141822513959539e-02
6.726796027522100041e-02
6.664043958246680666e-02
6.668138110968829801e-02
6.715799487265129708e-02
6.670958502561299963e-02
6.711574048428399497e-02
6.672230353783280277e-02
6.677601468456530187e-02
6.680022943117100431e-02
6.682164255059290514e-02
6.686099344258129851e-02
6.689247607041140520e-02
6.691964588783459733e-02
6.696719282676910634e-02
6.695116982965590435e-02
6.696826558480520331e-02
6.693578537367070314e-02
6.692789665772069796e-02
6.690106934440319397e-02
6.690045291253679527e-02
6.688867755148200644e-02
6.689847016103510347e-02
6.687749490145239450e-02
6.691551132312040240e-02
6.688020591582319319e-02
6.687740876607320417e-02
6.687317432691629315e-02
6.686804173208539537e-02
6.688170953641189853e-02
6.682269394408929530e-02
6.686452964767700125e-02
6.682846714834969615e-02
6.680071562900820326e-02
6.681142788841709645e-02
6.684351932085319525e-02
6.684256899884559455e-02
6.682227653734669481e-02
6.681356183793120407e-02
6.678119457825500149e-02
6.679168624924000652e-02
6.677909098917940434e-02
6.675717732998870391e-02
6.676513759925729874e-02
6.676411651825990556e-02
6.676009732308439693e-02
6.674747802862909807e-02
6.671052958918199938e-02
6.670971595539899879e-02
6.667731466394770379e-02
6.665896270897260500e-02
6.663989181646029492e-02
6.663025971783630153e-02
6.661773758502199938e-02
6.697541821181650368e-02
6.710322020398359899e-02
6.714198291039739919e-02
6.720798610489520097e-02
6.725881065114260038e-02
6.727297996859619988e-02
6.724820603249249962e-02
6.723708791959830122e-02
6.727706189108499657e-02
6.726751062931909941e-02
6.728857571355610634e-02
6.727931536678770363e-02
6.731933794907349333e-02
6.730629597172889389e-02
6.732934893372999330e-02
6.733568882880379414e-02
6.733652105741269600e-02
6.734605961690000309e-02
6.736911016027689880e-02
6.734644293432140438e-02
6.735248197345559962e-02
6.736992554617249329e-02
6.739286923160560383e-02
6.737883230802969858e-02
6.738860076282990330e-02
6.738206327555429365e-02
6.738144928001750522e-02
6.737478022909990094e-02
6.737769685003880404e-02
6.737888128945189459e-02
6.739070058608810643e-02
6.739462960875590436e-02
6.739612514994500203e-02
6.738947393817010245e-02
6.740277081496690026e-02
6.739526783674340549e-02
6.740129727455999864e-02
6.739617302909819974e-02
6.739830292687210012e-02
6.739021745321409351e-02
6.740899881396029969e-02
6.740245214751179603e-02
6.739951364510279874e-02
6.739193843847300636e-02
6.740628307478860326e-02
6.740576055809860412e-02
6.739999015078150524e-02
6.739617085061909429e-02
6.738755860887829519e-02
6.739695336188759878e-02
6.739585433260540659e-02
6.739157981724830382e-02
6.739459422699869973e-02
6.738844424859539994e-02
6.738873958468159786e-02
6.738707408155719669e-02
6.738159805189410101e-02
6.737951971448090382e-02
6.738461957836650029e-02
6.738224977272079530e-02
6.738419079878120443e-02
6.738059575953180003e-02
6.738467965631420031e-02
6.738158329461479967e-02
6.738158788191400683e-02
6.738027574954359722e-02
6.737574554932869442e-02
6.738180415696400083e-02
6.738002667893540354e-02
6.738827174011810528e-02
6.738339405022239492e-02
6.738632881294739918e-02
6.738668887593060597e-02
6.738718640360799594e-02
6.738935541830980147e-02
6.738955510732859422e-02
6.738862708091049314e-02
6.738608215734079310e-02
6.739333776768109685e-02
6.739317304104590345e-02
6.739798111074539466e-02
6.739544771574360049e-02
6.739303031996370097e-02
6.739156868269979839e-02
6.739296517377729723e-02
6.739018146781119989e-02
6.739453701641240357e-02
6.739518182060759421e-02
6.739307398110849778e-02
6.739274755863529365e-02
6.740232353829160583e-02
6.740295464031080541e-02
6.740484099756009762e-02
6.738944128758929397e-02
6.739593170905150421e-02
6.740684237766760012e-02
6.739426874288630132e-02
6.740541013257510261e-02
6.740114271684530256e-02
6.739952805814600212e-02
6.739993427337349907e-02
6.738723531891710472e-02
6.738584870039579511e-02
6.739808345016519431e-02
6.738597678030790183e-02
6.739310227571210232e-02
6.739896361558769811e-02
6.739318230939909948e-02
6.736188426703780541e-02
6.739220950539540067e-02
6.738222621763680087e-02
6.738064092478379674e-02
6.737267104974919985e-02
6.736120325592580282e-02
6.739868630181379550e-02
6.736011043441640644e-02
6.736959667707040356e-02
6.734727920785220368e-02
6.733539461733470399e-02
6.734325014108759333e-02
6.731397928711939371e-02
6.731368838222520634e-02
6.729536859191810605e-02
6.726072362618649991e-02
6.728025038554860671e-02
6.727098612631950136e-02
6.727131242253529819e-02
6.701994159599780621e-02
6.701879150092869553e-02
6.715279052973950613e-02
6.697112156014860262e-02
6.662167506997319910e-02
6.665792402732380328e-02
6.670252988016940610e-02
6.669936125912559466e-02
6.670197388027089558e-02
6.671415834992409921e-02
6.672452721108110274e-02
6.677261471855930330e-02
6.675989283688810172e-02
6.677086401990879605e-02
6.679952902465270681e-02
6.678438610580569867e-02
6.676310639453489348e-02
6.678539161939529845e-02
6.681393642964450486e-02
6.680300789541310236e-02
6.683424721161569659e-02
6.679497050717829454e-02
6.680379726436300181e-02
6.680401414594100418e-02
6.680856503055419837e-02
6.680809219017209977e-02
6.681992613170339990e-02
6.683444365023499811e-02
6.679137984458820287e-02
6.679059324086150662e-02
6.679364182689739859e-02
6.678772338963490096e-02
6.682775561004189457e-02
6.682312199220309668e-02
6.683502191497230072e-02
6.683635965221400299e-02
6.684170167323209844e-02
6.682212844349640080e-02
6.683045169479209791e-02
6.683107535479780592e-02
6.684444675935970193e-02
6.685922792899069711e-02
6.685093044359670389e-02
6.685094271680830369e-02
6.682933467766659363e-02
6.684347087987389802e-02
6.681607969702560434e-02
6.681472380504420439e-02
6.681532268382070483e-02
6.682511205234489826e-02
6.684589932675509549e-02
6.679850524956909563e-02
6.678622096840050593e-02
6.679678269148679737e-02
6.676698813727670323e-02
6.679303101351409533e-02
6.678247406692200405e-02
6.676037878144630566e-02
6.669729111134629906e-02
6.670074648128590522e-02
6.668586731083879504e-02
6.670006356330540620e-02
6.661767980057779759e-02
6.692718473333429674e-02
6.657194151587719766e-02
6.695522485800499413e-02
6.655451489680939969e-02
6.652809540426339596e-02
6.649843487850250201e-02
6.713864355839090081e-02
6.716860415970639375e-02
6.704839951066809967e-02
6.720476580017989421e-02
6.719989563255569787e-02
6.721475931153460259e-02
6.723314928643130128e-02
6.723398451941629828e-02
6.722545603119710333e-02
6.724590604855390508e-02
6.725027916981869691e-02
6.724756719915600534e-02
6.727657337130260595e-02
6.728505444621460385e-02
6.728989074300850692e-02
6.727714495059340660e-02
6.728528599656770359e-02
6.728261829997439492e-02
6.727895237405699669e-02
6.729395859792110246e-02
6.729836854296229742e-02
6.728384591067310128e-02
6.729138233176940043e-02
6.728907663515450166e-02
6.728550733331309375e-02
6.729708424492490682e-02
6.730162135774660215e-02
6.729312667524289804e-02
6.728751051601959687e-02
6.729573987704050297e-02
6.728742153831270001e-02
6.729337884185379592e-02
6.728935844843300651e-02
6.728734537801130122e-02
6.728356735323899607e-02
6.728012021640400464e-02
6.727467467190770267e-02
6.727170740039199737e-02
6.727043181456640597e-02
6.726705479334700588e-02
6.726601023996750528e-02
6.727087332857649427e-02
6.724804003382370277e-02
6.725241209425560085e-02
6.725334403433430586e-02
6.725379866503949922e-02
6.725152302519500636e-02
6.724762334946350617e-02
6.724613806478410560e-02
6.724383665060300330e-02
6.724411817577699568e-02
6.723743784136849977e-02
6.723849439409129713e-02
6.724474825891760266e-02
6.726012580993050161e-02
6.725392673483010508e-02
6.725021052065439930e-02
6.725179468127259752e-02
6.725279879420929807e-02
6.726203526426739743e-02
6.725977456351280026e-02
6.726180114385919839e-02
6.727582768200540686e-02
6.727591126244650277e-02
6.728456444375259526e-02
6.728014631640280574e-02
6.727960297996130046e-02
6.727675772821679889e-02
6.728450221141600573e-02
6.729061683492880419e-02
6.729058903744350451e-02
6.729114654428859643e-02
6.729051383231940409e-02
6.730464742374950293e-02
6.730388574230419807e-02
6.730841978087830080e-02
6.731050243567579527e-02
6.731054876587740099e-02
6.731459932434180615e-02
6.730844835652960434e-02
6.732483565540869908e-02
6.732481418088599734e-02
6.732274088195200346e-02
6.732526157153000124e-02
6.733620587968459914e-02
6.733505659882919880e-02
6.733327056036160496e-02
6.733238545288310062e-02
6.733808924693150677e-02
6.734568431960250012e-02
6.734864834708989556e-02
6.734987582386260663e-02
6.735345553729020496e-02
6.734810599864350655e-02
6.735656833047949654e-02
6.735314981137000001e-02
6.735216541628799569e-02
6.735906609574320025e-02
6.736654818059749361e-02
6.736309417203699412e-02
6.736502683093339994e-02
6.736713121757099965e-02
6.736531341516299731e-02
6.737506457897840528e-02
6.738198995872420050e-02
6.737615130028000443e-02
6.738914495706230245e-02
6.738522689690050471e-02
6.739383566567300199e-02
6.739225166081580509e-02
6.739541851848830645e-02
6.739552234452439450e-02
6.739266139409970380e-02
6.739278484323829588e-02
6.741093181728670392e-02
6.741186683079650188e-02
6.740797329551630190e-02
6.741385514511050170e-02
6.741427349920739442e-02
6.741483685673520243e-02
6.741834907481410177e-02
6.742067593175579687e-02
6.741846177787140515e-02
6.742568607977310335e-02
6.741767973123280466e-02
6.742794598006250639e-02
6.742336338712709431e-02
6.743464677833159449e-02
6.743467831592529771e-02
6.743618033169919423e-02
6.743758908190279622e-02
6.743885844078989500e-02
6.744008039269830390e-02
6.744393611693580426e-02
6.744325960406369336e-02
6.744327501438959760e-02
6.745321672803129831e-02
6.744747264366710016e-02
6.745711345771239487e-02
6.745555083611100289e-02
6.745038148137219580e-02
6.746054985276760119e-02
6.744214803546640102e-02
6.745945076729130407e-02
6.745720357139470269e-02
6.745783119112790105e-02
6.747716245500369470e-02
6.747190209778999859e-02
6.745843642236859505e-02
6.747589338071620368e-02
6.746866500536929934e-02
6.746595552213409397e-02
6.746222791739449332e-02
6.746934000186639857e-02
6.747854841834349804e-02
6.746791348190589455e-02
6.746706857151789360e-02
6.747757702154509596e-02
6.747810531656520117e-02
6.747909415690679646e-02
6.748154226735350592e-02
6.748336274834250414e-02
6.747997759092409786e-02
6.749019507306279475e-02
6.748099827497409942e-02
6.748186740412280560e-02
6.747413390922900323e-02
