5.254149208329490089e-02
5.302575036593110136e-02
5.345234642021930160e-02
5.395448732495059657e-02
5.448403793063569950e-02
5.502075738261980042e-02
5.553493528502009835e-02
5.599535017416300275e-02
5.646269013941029868e-02
5.694290684273280168e-02
5.743265802082640065e-02
5.792104175392780163e-02
5.836680433653199801e-02
5.877518877427190258e-02
5.918146182758719787e-02
5.954604992305630173e-02
6.002273898605710312e-02
6.050571579892959767e-02
6.096220882253210183e-02
6.139739497403400026e-02
6.177714057331149672e-02
6.216984045288469901e-02
6.258757521579749739e-02
6.304246476051070247e-02
6.354383799973510605e-02
6.401308401421990091e-02
6.442966810600139760e-02
6.473116329895420296e-02
6.499809451045070186e-02
6.539309347763740121e-02
6.578430678045769919e-02
6.624257903110669643e-02
6.676811679665360655e-02
6.708731278037080581e-02
6.737957085161340454e-02
6.755269100763340584e-02
6.775710707698359703e-02
6.812478369290729530e-02
6.848876560611009967e-02
6.888022662015949593e-02
6.919232916729829708e-02
6.943796184021719387e-02
6.963602405959740116e-02
6.992815836626679882e-02
7.020457800460680464e-02
7.049241213948509444e-02
7.075075871854780152e-02
7.095031534254629679e-02
7.112119771102530519e-02
7.133827476389190125e-02
7.160405621433120482e-02
7.190450401477309350e-02
7.213415800741930506e-02
7.232987609986299415e-02
7.250175619677699801e-02
7.266175062569789345e-02
7.289236516932290355e-02
7.308106041787690299e-02
7.332364902301380383e-02
7.349852910443409326e-02
7.365882412403869373e-02
7.377680842420640539e-02
7.388582033023939621e-02
7.401676256161640599e-02
7.415930294371810005e-02
7.432689858941439465e-02
7.447092935935030467e-02
7.460740131514299878e-02
7.471271024673800665e-02
7.478773629388879574e-02
7.489005253271159568e-02
7.495975637321590501e-02
7.504604803418739312e-02
7.512168659663269465e-02
7.520664429973990261e-02
7.526999382966259589e-02
7.532031366659930338e-02
7.538970026399109681e-02
7.543858947839900131e-02
7.548955500610310398e-02
7.552263549429520662e-02
7.553534631686159573e-02
7.555312133824909626e-02
7.556863109124789535e-02
7.558725011004069350e-02
7.562233826307310225e-02
7.562520199955309608e-02
7.562312774284550565e-02
7.562723241855690004e-02
7.564535086676670017e-02
7.565585800865209931e-02
7.566185540707009993e-02
7.566353059745449527e-02
7.565623226035080029e-02
7.563647888791459606e-02
7.558848491408649839e-02
7.557892681236759447e-02
7.558727693186470531e-02
7.557126026220829795e-02
7.555534439637309752e-02
7.550612121079050554e-02
7.546813702430819892e-02
7.545749200027179748e-02
7.538831297950279731e-02
7.536171116399580094e-02
7.524681079123249350e-02
7.527174045296840255e-02
7.528741688429570200e-02
7.524961149329589816e-02
7.513963171294950338e-02
7.501150473666709506e-02
7.502015789132419898e-02
7.493386823139840114e-02
7.482421288084030453e-02
7.477352485548080518e-02
7.469505937010459395e-02
7.464007620329879411e-02
7.458715956036389427e-02
7.444919040588129922e-02
7.439951256756430209e-02
7.433824866746900628e-02
7.421257505865400117e-02
7.411435215110739883e-02
7.402975905709270610e-02
7.392528674142480327e-02
7.381404788265340244e-02
7.373782552941360313e-02
7.365356976899299635e-02
7.351235032562070115e-02
7.344595379358209719e-02
7.329123770801809767e-02
7.321700425484549413e-02
7.309410240876020037e-02
7.297129061901019842e-02
7.288302569028930200e-02
7.276682786159599514e-02
7.266458809960950338e-02
7.252510770990859557e-02
7.243438934818280384e-02
7.227394157579150602e-02
7.216893823188229307e-02
7.203964153377520607e-02
7.189711202231610643e-02
7.179880650339580395e-02
7.168417109213910676e-02
7.153598491070510546e-02
7.143570646292760062e-02
7.130258918503989962e-02
7.116243058671670174e-02
7.105563523686579674e-02
7.092302943121810144e-02
7.079807715355899977e-02
7.062493242015779882e-02
7.048950005434630184e-02
7.038726363912520267e-02
7.021425871011599540e-02
7.014790768705750357e-02
6.996743188404430658e-02
6.982525058833730092e-02
6.973242099665999394e-02
6.959231436483209743e-02
6.948111309549219461e-02
6.933833804344320673e-02
6.918858647024869746e-02
6.906841941583499733e-02
6.893853506289719657e-02
6.883911192530330070e-02
6.870062736552079441e-02
6.857040177809919923e-02
6.845451099418230212e-02
6.833164349782940017e-02
6.823341285504229414e-02
6.811672097906790180e-02
6.799314900189649957e-02
6.786028426804170677e-02
6.774046812251399707e-02
6.764989229083250011e-02
6.754760514714830411e-02
6.743162872743529990e-02
6.732062335103219941e-02
6.721856194679580454e-02
6.714189403321170480e-02
6.700226691973010240e-02
6.695875447790179680e-02
6.684894960919410267e-02
6.675648536039480163e-02
6.667069836629209434e-02
6.660225133157020305e-02
6.649335800180010414e-02
6.641700161281739734e-02
6.635819445067560329e-02
6.628223072248499992e-02
6.618447596643149689e-02
6.612912459001960008e-02
6.606908122312299403e-02
6.597754075580060384e-02
6.589931809700790011e-02
6.585538745819630169e-02
6.581313615865409805e-02
6.575610591079160405e-02
6.568737215783740369e-02
6.564499942987279957e-02
6.558920716758230574e-02
6.552213311227539361e-02
6.547799977871579524e-02
6.540482807456450554e-02
6.538882482327240675e-02
6.531169226011440676e-02
6.528757298922660546e-02
6.524575223524299583e-02
6.522434946638079600e-02
6.517780612188299461e-02
6.514223789788800567e-02
6.511099051593270681e-02
6.506304532152680509e-02
6.502152116734219445e-02
6.500367115796930328e-02
6.498943541761140197e-02
6.496176303226119941e-02
6.495010943012860527e-02
6.492543957831220514e-02
6.488098266293949867e-02
6.487028938240080311e-02
6.485857042546039342e-02
6.485593133666900378e-02
6.483939917419090371e-02
6.483029636787239480e-02
6.482546498845549732e-02
6.480897587799089310e-02
6.480371899362580290e-02
6.480323705445149851e-02
6.480035994792120169e-02
6.479584686345769839e-02
6.480301628605250608e-02
6.481671195970309385e-02
6.482530984271370200e-02
6.484608765992480595e-02
6.483063153139480284e-02
6.485108533138610187e-02
6.485118738314370190e-02
6.486574532537960069e-02
6.492432314017219930e-02
6.492297770565499948e-02
6.492493814226739379e-02
6.496215246336399518e-02
6.499306673340139728e-02
6.501758897507650681e-02
6.503702666075360239e-02
6.506004407027189684e-02
6.508931506914990284e-02
6.513113374148279955e-02
6.517131450307429852e-02
6.520569572491390076e-02
6.522250556089030649e-02
6.527120351202929383e-02
6.532522428901570144e-02
6.536642338601590663e-02
6.541058905885230312e-02
6.545709157052019556e-02
6.550241577998129616e-02
6.553994201077159576e-02
6.559303216118170243e-02
6.565493184611999322e-02
6.570953353975049482e-02
6.576556483859259672e-02
6.582330879115599886e-02
6.586340575952159826e-02
6.593266893018839836e-02
6.597850913323269340e-02
6.602969946983880400e-02
6.610260935128639548e-02
6.615438723401899368e-02
6.621841733366930216e-02
6.629643171539109647e-02
6.637773306432219467e-02
6.642930038353800359e-02
6.649715718740289994e-02
6.656873889790849985e-02
6.664671148256709476e-02
6.671998248158379774e-02
6.678925347167520565e-02
6.687120291933229543e-02
6.691612632643040293e-02
6.700591699984090321e-02
6.707174682457239800e-02
6.714319589309260261e-02
6.720745299663880012e-02
6.726982998601470365e-02
6.734885844450799741e-02
6.741359885013850639e-02
6.747540955281150499e-02
6.753687116104099830e-02
6.758753878592979603e-02
6.765859838958269978e-02
6.772220505660750400e-02
6.780003729412620306e-02
6.783591341814550202e-02
6.790198049661799740e-02
6.796569380868840160e-02
6.803255317475620512e-02
6.807584695229020044e-02
6.812937504525649890e-02
6.818130154314600011e-02
6.825119583090960562e-02
6.829694433648110519e-02
6.835805313716120102e-02
6.841292455026889985e-02
6.847106875939930337e-02
6.848048063784220596e-02
6.855275072784440538e-02
6.860810609779449676e-02
6.864091441693989659e-02
6.866397127331440309e-02
6.868965506328679471e-02
6.871500661167520563e-02
6.875529702196719883e-02
6.877387382486149781e-02
6.879574232111690391e-02
6.881275594738239798e-02
6.883029283343300442e-02
6.883279881774330422e-02
6.882500897710340515e-02
6.882891657599130020e-02
6.884241192057449776e-02
6.883921630379040424e-02
6.883364195523369866e-02
6.883792936908099402e-02
6.883916127732400692e-02
6.882876633414469758e-02
6.883396511247459604e-02
6.880470743119010413e-02
6.879972769419659406e-02
6.880523768071880597e-02
6.880119444120909311e-02
6.879966144539119421e-02
6.880189863398070149e-02
6.880657543845120072e-02
6.880415665517319868e-02
6.881214758004089438e-02
6.880981819346909667e-02
6.881959854485709960e-02
6.881925278663419965e-02
6.882123191630469539e-02
6.883247920527520158e-02
6.883301209905909324e-02
6.883611742732979877e-02
6.883665649650269613e-02
6.884470918014240493e-02
6.884996982745809901e-02
6.884873704554389517e-02
6.886380721277120254e-02
6.886848392345300274e-02
6.887410700746510184e-02
6.889302721851689459e-02
6.890102371772209577e-02
6.890692974079930255e-02
6.891900033507120105e-02
6.892109331952639417e-02
6.893110156096310392e-02
6.893824539225890113e-02
6.893357664476819358e-02
6.892185336291520303e-02
6.892053666610370444e-02
6.891759355054849490e-02
6.891354296523860556e-02
6.890724738452219666e-02
6.890722155537359894e-02
6.889024698333519325e-02
6.889882092921760515e-02
6.887330996522099402e-02
6.887999505544530054e-02
6.885784988026860676e-02
6.883684866046829720e-02
6.882660334088709642e-02
6.880250144583839600e-02
6.879324068389139346e-02
6.874988233581280639e-02
6.874287651786109565e-02
6.873810475043019841e-02
6.872293443650130673e-02
6.868676172337130625e-02
6.869774741858830636e-02
6.867358531095049679e-02
6.865290216314250127e-02
6.864018347391620534e-02
6.863861310403329696e-02
6.860208001135280342e-02
6.858185965806450068e-02
6.855546406215140554e-02
6.855008942542929751e-02
6.852963348253039710e-02
6.848714415801129829e-02
6.848511486896710632e-02
6.846531491851319540e-02
6.843574894664850028e-02
6.840552979528069510e-02
6.837834372303840114e-02
6.835321170429520254e-02
6.833704595581080454e-02
6.830833531017289906e-02
6.826209244271939924e-02
6.824737062437009893e-02
6.821574540561520239e-02
6.817696517197449624e-02
6.814041075523930013e-02
6.811470985159409630e-02
6.809679657958180032e-02
6.806364906270549742e-02
6.802899916217189369e-02
6.799570048322149673e-02
6.795463631104969870e-02
6.791255439918769676e-02
6.788026439407279788e-02
6.785141057505740536e-02
6.781062340876929662e-02
6.777098317629949575e-02
6.775275657772239501e-02
6.771619321937480396e-02
6.767124042334850265e-02
6.760466094457090458e-02
6.756313953897880031e-02
6.751710955086630273e-02
6.750521855329059961e-02
6.744848755947480123e-02
6.741195130788160683e-02
6.737283896610379852e-02
6.731051221849340682e-02
6.726252990557690659e-02
6.722543585945330025e-02
6.714838132496329937e-02
6.713384701733510207e-02
6.708579995914129568e-02
6.701442907837250329e-02
6.699263140632659430e-02
6.695796612998390629e-02
6.687621108447730500e-02
6.683303699772930040e-02
6.680976433350599430e-02
6.675921683583610489e-02
6.672317540289170179e-02
6.666899251354869993e-02
6.662367582623049400e-02
6.656147110991590676e-02
6.653473041130439358e-02
6.648920767051350045e-02
6.644580731381839744e-02
6.638882903902819377e-02
6.635293763998439953e-02
6.633583398308799672e-02
6.629090992595759735e-02
6.623810611852619379e-02
6.619887832201569455e-02
6.615871440205439713e-02
6.613484951454859373e-02
6.610171978747829413e-02
6.606231046030540399e-02
6.601876891457529595e-02
6.598369504900840343e-02
6.598176164157569523e-02
6.594951092768079615e-02
6.592098300496650187e-02
6.589447353871250024e-02
6.586545229343540586e-02
6.583075592590520442e-02
6.579055837905049831e-02
6.576473337835729571e-02
6.572782913240809988e-02
6.570164400558879680e-02
6.569543029388670574e-02
6.567760992116669638e-02
6.563690696059190643e-02
6.564012281402299698e-02
6.559528956781669751e-02
6.558121003777260538e-02
6.560203767988830037e-02
6.555083645308949769e-02
6.556202340103159387e-02
6.548889421406249578e-02
6.551020330511800327e-02
6.549505107550210314e-02
6.547584647877829900e-02
6.547376842770409600e-02
6.544402170538990426e-02
6.543588536361730212e-02
6.544983914372830280e-02
6.541787895380639373e-02
6.540141759468250104e-02
6.537475354210040002e-02
6.539862974506789606e-02
6.541601606973260208e-02
6.539492747752440049e-02
6.537590069199800125e-02
6.535783010554520323e-02
6.537592975838700526e-02
6.538005814518960124e-02
6.536357269119200120e-02
6.536329923436809408e-02
6.535091875824369789e-02
6.534012227177130039e-02
6.537642783551270154e-02
6.535477254821500659e-02
6.537767291890450583e-02
6.536081210879679526e-02
6.539251380668420488e-02
6.538419642753100225e-02
6.536854279102409515e-02
6.539115603455120107e-02
6.539114186607840329e-02
6.542631247782390580e-02
6.541114119374319413e-02
6.542609367368409923e-02
6.544140306420200004e-02
6.548569008583079998e-02
6.546817860304439407e-02
6.547565752716109910e-02
6.549257583335379995e-02
6.553016390243300571e-02
6.554744370759650607e-02
6.555900576606890628e-02
6.562788907613820166e-02
6.563685300316980664e-02
6.564746328450310475e-02
6.568525232854359464e-02
6.571083314323269975e-02
6.573747415340550071e-02
6.578232831321860485e-02
6.579899197235460073e-02
6.585705435694699794e-02
6.587478618330480651e-02
6.591657210565339542e-02
6.592311505955200657e-02
6.597899284956100507e-02
6.600418335169279394e-02
6.604775400437029598e-02
6.608501248120829397e-02
6.610963981443850057e-02
6.613744306942330453e-02
6.617145476690619588e-02
6.618412208557029885e-02
6.622831989159459753e-02
6.626861043083250025e-02
6.630578257683610033e-02
6.630832597707690679e-02
6.633988369338129909e-02
6.637116726982650317e-02
6.640088686574259491e-02
6.642137467259190409e-02
6.643729121880580235e-02
6.644959881990869510e-02
6.647997296400079414e-02
6.647856602436620632e-02
6.652760485689959702e-02
6.654104267700569619e-02
6.653884488105339667e-02
6.653425341830690454e-02
6.655898542924980343e-02
6.656979339716359578e-02
6.660289324186739746e-02
6.656564015592049410e-02
6.662130570899940651e-02
6.665095944104100500e-02
6.666729738438509356e-02
6.668651289905329349e-02
6.671508797909959931e-02
6.673930168648410655e-02
6.676854211303299980e-02
6.682078400840059385e-02
6.687125363043819326e-02
6.692659398067229981e-02
6.698388906973909429e-02
6.702530805112340284e-02
6.707869273007639743e-02
6.710541717858420352e-02
6.713441136357280181e-02
6.716020440821339477e-02
6.719731612976689861e-02
6.726227690458619346e-02
6.730404163519809746e-02
6.734620353762729716e-02
6.740488627047019898e-02
6.745270698186639491e-02
6.750630187400499804e-02
6.754470580531439505e-02
6.758578208486569483e-02
6.763969672192429727e-02
6.767239769420629880e-02
6.771624512136820151e-02
6.775742390268470194e-02
6.780498524136520377e-02
6.784322048091789847e-02
6.788286812310810603e-02
6.792293026023070446e-02
6.795419567257070248e-02
6.799376303244959729e-02
6.802620665814509970e-02
6.806495318399589933e-02
6.808296953715259336e-02
6.810140061811370549e-02
6.813576193264110625e-02
6.816712948462740063e-02
6.818230940477849888e-02
6.821721493189419894e-02
6.823233424069399811e-02
6.825387820754369450e-02
6.826996838536089629e-02
6.828905902424599328e-02
6.830059687081679876e-02
6.832083118837480040e-02
6.833077069154649963e-02
6.835869257392210296e-02
6.837193155785220577e-02
6.838621247110229784e-02
6.840608363943269377e-02
6.841675187894249999e-02
6.843113710720200027e-02
6.843987273742539734e-02
6.844482522442109362e-02
6.845952058478939339e-02
6.846835319797170416e-02
6.846738426968100588e-02
6.848716016578709764e-02
6.848850443036599844e-02
6.849392701138720674e-02
6.850193267013779397e-02
6.851090587282279709e-02
6.852299306647929855e-02
6.852460001848789672e-02
6.852740156646260072e-02
6.853604024817459839e-02
6.853354323212579313e-02
6.854112886044809450e-02
6.855704089260709899e-02
6.855071027566810027e-02
6.856694183587300206e-02
6.856758361703720051e-02
6.857602338898420580e-02
6.858032811673650531e-02
6.859266978376349355e-02
6.860290573362490263e-02
6.862288644171360419e-02
6.863728195559780365e-02
6.864074412331210018e-02
6.865172742219209645e-02
6.865259180726410171e-02
6.865492458329300329e-02
6.866685142362050076e-02
6.867568968142639951e-02
6.868415632906800516e-02
6.865276538975320642e-02
6.866640152300740318e-02
6.866443373641800685e-02
6.863927856624879587e-02
6.863949541845749958e-02
6.864600294121760149e-02
6.862945806753939504e-02
6.863284464620679481e-02
6.864078391558420256e-02
6.863737525210529544e-02
6.862179509333049543e-02
6.861978810415129970e-02
6.859971012989840577e-02
6.858743052448469657e-02
6.855902553833649604e-02
6.849252346523780621e-02
6.849950204254780239e-02
6.849295004941820253e-02
6.847102802450200087e-02
6.844526865552250094e-02
6.843130960470619750e-02
6.842042238963770562e-02
6.838680896552430666e-02
6.840073983226049870e-02
6.836314484443939410e-02
6.837473474694349962e-02
6.836638567710159875e-02
6.835451126642949626e-02
6.832837987463019624e-02
6.831715433186340281e-02
6.829949218905589925e-02
6.830364265146370018e-02
6.826766842153400572e-02
6.827397408368819642e-02
6.823058583290619872e-02
6.824018037011070348e-02
6.822011957052659392e-02
6.821201969856180436e-02
6.820004562918080548e-02
6.817178628193890089e-02
6.818587307236030626e-02
6.814296541166230126e-02
6.814315304289940423e-02
6.810753997042290342e-02
6.810851384522749463e-02
6.811022943203549895e-02
6.807772046433030466e-02
6.805695440530820650e-02
6.806528656864720139e-02
6.806000063064020222e-02
6.803355207396580284e-02
6.802639100599680577e-02
6.802144710054200405e-02
6.799927217928269929e-02
6.798927417035549592e-02
6.798974065653229371e-02
6.797707177737810635e-02
6.795839487225170672e-02
6.795317997390519504e-02
6.793356500143510335e-02
6.793637580482260463e-02
6.792573691182510198e-02
6.790648314365120564e-02
6.789977899597980648e-02
6.789519219801599947e-02
6.788321187106050036e-02
6.787707825833740050e-02
6.786425697084400022e-02
6.786006944065650637e-02
6.785024966008819380e-02
6.783992438537080061e-02
6.783153032961959650e-02
6.781515163603890617e-02
6.780708591959329345e-02
6.780170931875119378e-02
6.778706728930709857e-02
6.778134888970810401e-02
6.777165652626500336e-02
6.775518332975280500e-02
6.774875414762840387e-02
6.773829402732299554e-02
6.773868460556789484e-02
6.772641821303919396e-02
6.772610638286190310e-02
6.772047571473499561e-02
6.770569237556689490e-02
6.769811756501299682e-02
6.768910468045530315e-02
6.770024734282760470e-02
6.769275375552419316e-02
6.769145073864080153e-02
6.764826328694720226e-02
6.765003810788590421e-02
6.765441946697979547e-02
6.766063506049449505e-02
6.765349092377870299e-02
6.765678033650410206e-02
6.761977639531649431e-02
6.763323732083330320e-02
6.762955119208380328e-02
6.763023483565540339e-02
6.760906867313699886e-02
6.761439147059850052e-02
6.761692522453689735e-02
6.761722770771599889e-02
6.761620678114020622e-02
6.762039494973889897e-02
6.759836419303000277e-02
6.760908305340490587e-02
6.760041421272450224e-02
6.759967853531309578e-02
6.760330894106389432e-02
6.758693864689220565e-02
6.760131868750650364e-02
6.758925681616309578e-02
6.758669262448499526e-02
6.757651063611440356e-02
6.759002211076670097e-02
6.757134102153650179e-02
6.758113006109109366e-02
6.756111266864449350e-02
6.756388495625119395e-02
6.758146493323920201e-02
6.758409229854299427e-02
6.756499722496779603e-02
6.756434774224749640e-02
6.756890755122919867e-02
6.758488551742679318e-02
6.757085705670250186e-02
6.758676791967430098e-02
6.756932850962189818e-02
6.757835631043189462e-02
6.757907524772649444e-02
6.757998987123750578e-02
6.759201367888420520e-02
6.759128190933620661e-02
6.759593656845740151e-02
6.760364945355519517e-02
6.762355763218269589e-02
6.759794963283770330e-02
6.764527197332920183e-02
6.765613948460980076e-02
6.763765643480680601e-02
6.765327134293259992e-02
6.766596638967149746e-02
6.765855530428839526e-02
6.766864471485399546e-02
6.766847290210040167e-02
6.766876767159910044e-02
6.767091731220190032e-02
6.767440825465530219e-02
6.769315459503880139e-02
6.769956191142739721e-02
6.769751899138340412e-02
6.769028060848740480e-02
6.769217596577539742e-02
6.769798707068500065e-02
6.769936302965659514e-02
6.770034016239930008e-02
6.770966386557859817e-02
6.770381715482920448e-02
6.770120281004010643e-02
6.769866748555110336e-02
6.770274329372250044e-02
6.769813108778860444e-02
6.769914995041299843e-02
6.770300722990280073e-02
6.770227216127250314e-02
6.770008748900320505e-02
6.770043368910799719e-02
6.770706772692709763e-02
6.771116406102289931e-02
6.769981457380039314e-02
6.770990297669510216e-02
6.770715859560659522e-02
6.771624829002180490e-02
6.771299950860300287e-02
6.770434527906139810e-02
6.771166080120599728e-02
6.770923586506169545e-02
6.771678716804950537e-02
6.771461763712140203e-02
6.771392905398239404e-02
6.770248515979150616e-02
6.771287527643379822e-02
6.771252527347060290e-02
6.771268957937209843e-02
6.771395186499840069e-02
6.771036319409219628e-02
6.770985959856329339e-02
6.771862554501069387e-02
6.771244367841360023e-02
6.771572910766640585e-02
6.770789111944980343e-02
6.771262946534280236e-02
6.770612616053720001e-02
6.771929855389770270e-02
6.771617169575440409e-02
6.772046421493820023e-02
6.771615922109849861e-02
6.769954261926650063e-02
6.770235245418980419e-02
6.769977305006069646e-02
6.770264669543230029e-02
6.769975656959140164e-02
6.770047119950910186e-02
6.770488372748380279e-02
6.770598751683490346e-02
6.769978833341830371e-02
6.769197947675370530e-02
6.768851993810989787e-02
6.769196562606509537e-02
6.767498947947120369e-02
6.767730753414749612e-02
6.766679420421900515e-02
6.766378378462430121e-02
6.766110130132389766e-02
6.765060895832819554e-02
6.764987121951020199e-02
6.763227703946740610e-02
6.758668976782840343e-02
6.762884824207210377e-02
6.761012725601270312e-02
6.759654377403509495e-02
6.760458475240299636e-02
6.755459417998839478e-02
6.754479280064000501e-02
6.752767974502620063e-02
6.754046624915910346e-02
6.754066192804070168e-02
6.750458090587679871e-02
6.751633624462019534e-02
6.748785240744209490e-02
6.748529504267840318e-02
6.748226547129540509e-02
6.747198242016749781e-02
6.745856005558170665e-02
6.745685520569269511e-02
6.744310991476050454e-02
6.744543618673079499e-02
6.742451374763799854e-02
6.742936970723970025e-02
6.741178393760019483e-02
6.739911247350970080e-02
6.738877250379969597e-02
6.737708687649179851e-02
6.737392483465019788e-02
6.735572818706660192e-02
6.735630541170109509e-02
6.734270269311490309e-02
6.733610643569550025e-02
6.732625025478419789e-02
6.732842925567940340e-02
6.729069301864600006e-02
6.729241397136709324e-02
6.730114403483289376e-02
6.727085029795000504e-02
6.727625661013629521e-02
6.724960482237370141e-02
6.724226253522959385e-02
6.723794260628029873e-02
6.723554982916840617e-02
6.721718972068950471e-02
6.719499442215400020e-02
6.720419216339609814e-02
6.718021000117660457e-02
6.718662844978849635e-02
6.717244689648919909e-02
6.714449919298569325e-02
6.714276328924849435e-02
6.713129038014850614e-02
6.712695224856579657e-02
6.711179170729469901e-02
6.712841090804670674e-02
6.709445331271329804e-02
6.709630382866059450e-02
6.708256230514919594e-02
6.706303856550140108e-02
6.706018973934560479e-02
6.705689001833460561e-02
6.705728523064490021e-02
6.703998809925940106e-02
6.701897430610050110e-02
6.703790568949340167e-02
6.700633833383179416e-02
6.703364217189640428e-02
6.702151549815839326e-02
6.700885886194550556e-02
6.701308662533389526e-02
6.701638490019419525e-02
6.700483573480170429e-02
6.698275913528620173e-02
6.699842075781810291e-02
6.699195913645779321e-02
6.698568348125109873e-02
6.698723275692250456e-02
6.698712905912010407e-02
6.698121910710029547e-02
6.697952156674050195e-02
6.696220528422269780e-02
6.697783559240909346e-02
6.697443199214919707e-02
6.697769283383810113e-02
6.696647543930800417e-02
6.696564090959079840e-02
6.696529230008299582e-02
6.696202623803350351e-02
6.695208186616870283e-02
6.694776235926569452e-02
6.692744559928770487e-02
6.694731078423529769e-02
6.694720725434449848e-02
6.694607499823419794e-02
6.694813171407840158e-02
6.694231447434169369e-02
6.694782927106909809e-02
6.695111458388700032e-02
6.694675699461799523e-02
6.694642321005829511e-02
6.694570475052770420e-02
6.695921297625430368e-02
6.696272130142519319e-02
6.695548816575569440e-02
6.696483576762840562e-02
6.696210713096190092e-02
6.697201323125910599e-02
6.697449980667760649e-02
6.697532117413999841e-02
6.697316218954189881e-02
6.698691401889879382e-02
6.698848643383240042e-02
6.703095917727310005e-02
6.703695723339829493e-02
6.700713465621309373e-02
6.706335063233960503e-02
6.708049322214780508e-02
6.708863853124480414e-02
6.709276514019099635e-02
6.709565449512129576e-02
6.709352630987870658e-02
6.711339344206189439e-02
6.711616914679689738e-02
6.711016298396189905e-02
6.710130972303289532e-02
6.712346262927799956e-02
6.710929296278519973e-02
6.711593666782179890e-02
6.712066618438790322e-02
6.713622834677160367e-02
6.714829221494300615e-02
6.713705894750629510e-02
6.712987613955810617e-02
6.712101889962610035e-02
6.715489308153910208e-02
6.714227459296860656e-02
6.713526533366180604e-02
6.712616485975410330e-02
6.712493905818489592e-02
6.711927056686230186e-02
6.710833638843290150e-02
6.710021688717439370e-02
6.709121342951569755e-02
6.708167731865570527e-02
6.707477488343779881e-02
6.707041361664950463e-02
6.705820025238690141e-02
6.705704012212730658e-02
6.704838208602849348e-02
6.706386556747140348e-02
6.706650336995739758e-02
6.707167185307300050e-02
6.707784635069130585e-02
6.709862537664880444e-02
6.710312641077760543e-02
6.711868581629440444e-02
6.713124699063920120e-02
6.713929325557979610e-02
6.715224795283049330e-02
6.716118631116449467e-02
6.717453202921069844e-02
6.719826434397989379e-02
6.720899819240309936e-02
6.722635162667149611e-02
6.723715423665910240e-02
6.725185673083300397e-02
6.726644097530369570e-02
6.729094310771879806e-02
6.730209389011010401e-02
6.732240178059420432e-02
6.733670915583279959e-02
6.734693045584419502e-02
6.736181425205539641e-02
6.737303123981799868e-02
6.738680589844210644e-02
6.740601652531960641e-02
6.741749801200599967e-02
6.742989423873349542e-02
6.744176484169089880e-02
6.746049754844149482e-02
6.747186057359609579e-02
6.747850136325990456e-02
6.749761794414700644e-02
6.751304721114159690e-02
6.752237460034969663e-02
6.753657009920040200e-02
6.754608109423310136e-02
6.755739058095699967e-02
6.756678188312879862e-02
6.757844120957709477e-02
6.758764681472249902e-02
6.760367232727909625e-02
6.760861190452430169e-02
6.760955391445369611e-02
6.762452557876309778e-02
6.763742614628369398e-02
6.763718518366429455e-02
6.765103425505569756e-02
6.765016682749500077e-02
6.766891532373299489e-02
6.767630743147930172e-02
6.767979518449220022e-02
6.768709686010060400e-02
6.768978849725880431e-02
6.770707365973679948e-02
6.770081590094109703e-02
6.771326155068480013e-02
6.771546288569679772e-02
6.772704400376410028e-02
6.773107892314959855e-02
6.774244680502029825e-02
6.773963878789150683e-02
6.774271580266780224e-02
6.775319743552700447e-02
6.776078247013349320e-02
6.776049784688580047e-02
6.777421948576430044e-02
6.777800730835099874e-02
6.777608010489290236e-02
6.778798468591359927e-02
6.779684917113740217e-02
6.780555627520790107e-02
6.780797966290930123e-02
6.781433570236110320e-02
6.781189137903140263e-02
6.782201509657799499e-02
6.782906215635620129e-02
6.783368223231639460e-02
6.783617158690689875e-02
6.785208496246339371e-02
6.785289595153090603e-02
6.785357156901529463e-02
6.785566645941580599e-02
6.786421915997359333e-02
6.787501715893839993e-02
6.787404628371780657e-02
6.787994291036170136e-02
6.786859771743930514e-02
6.787185132778410235e-02
6.787517879171410529e-02
6.788440644673089663e-02
6.787698188657449727e-02
6.785381736994759716e-02
6.786319321748120192e-02
6.786986333838079810e-02
6.785848563485970264e-02
6.783796909582180679e-02
6.784478412151639937e-02
6.784221321249629677e-02
6.785259568564179500e-02
6.783239004963949326e-02
6.784480867667500026e-02
6.783968556008479478e-02
6.781971423866700599e-02
6.781668252079929571e-02
6.781223006806770537e-02
6.778268087030299427e-02
6.778403109009779881e-02
6.773600316324750181e-02
6.771877009505450351e-02
6.771740166731719801e-02
6.768409776430990565e-02
6.768211013451619351e-02
6.766578320672020364e-02
6.765815741311649589e-02
6.765171212391199451e-02
6.764710075517689492e-02
6.763450394418439593e-02
6.760378852687430606e-02
6.758596145732920224e-02
6.759022577921310060e-02
6.757128466913570053e-02
6.755627731708480077e-02
6.755190084680280649e-02
6.753464737438999443e-02
6.753165059217680621e-02
6.752289613612930119e-02
6.749251103208389613e-02
6.748180328202919853e-02
6.747768369182589876e-02
6.746747070465740348e-02
6.746994385471359601e-02
6.745503531507170136e-02
6.744058985210170387e-02
6.743401437362420148e-02
6.743457680790869435e-02
6.742852252311970496e-02
6.740400975692900642e-02
6.739613269347030644e-02
6.740108891308969896e-02
6.737774090365940272e-02
6.737811255017810141e-02
6.736766545278939644e-02
6.737144269266780172e-02
6.735610669099599546e-02
6.736654530152519360e-02
6.735244662176069486e-02
6.733756149471599450e-02
6.733959903804659364e-02
6.733696093855749687e-02
6.733100992960000530e-02
6.732089810187469325e-02
6.732767474363569871e-02
6.732245657752980450e-02
6.733394364113259867e-02
6.733416297298859543e-02
6.732217214622039647e-02
6.733271953188879611e-02
6.731318755883429483e-02
6.732543538019049312e-02
6.732839813753149771e-02
6.733338449799999847e-02
6.732932508727290655e-02
6.733352696156939821e-02
6.732200832555000625e-02
6.735834757666249450e-02
6.733544867490530439e-02
6.733902798274099544e-02
6.734075978787019967e-02
6.733632393892989565e-02
6.735475492945930398e-02
6.738286019796919935e-02
6.739937041562310549e-02
6.740163059614079355e-02
6.740953868366030000e-02
6.740395490757919439e-02
6.741547039443329670e-02
6.742380245434649588e-02
6.741407692949319408e-02
6.742385634344209844e-02
6.744550818189190555e-02
6.744448960191669340e-02
6.745169326549779742e-02
6.745046790457570607e-02
6.745467308647830340e-02
6.745676048082649423e-02
6.746648767414939463e-02
6.747333550753799314e-02
6.746871891299299762e-02
6.746238879226369722e-02
6.745876939465039746e-02
6.747572632004469884e-02
6.746728977930120663e-02
6.746385993323410213e-02
6.746871388009390014e-02
6.747118912062889662e-02
6.747706147488349848e-02
6.747049237711490177e-02
6.746498508705289776e-02
6.747765169895300619e-02
6.748247286104530618e-02
6.749218302329450248e-02
6.748998776626359553e-02
6.749178864716169624e-02
6.748934588171019711e-02
6.748131809743479481e-02
6.747695119599220193e-02
6.747345618852390592e-02
6.747355138244309769e-02
6.747890922895760646e-02
6.749099727632319745e-02
6.749225053421299692e-02
6.749699247323259765e-02
6.750153666025160426e-02
6.749802071941950199e-02
6.749175915924120195e-02
6.749902352084789781e-02
6.749531608128479798e-02
6.748846615647620395e-02
6.748632880731339490e-02
6.748856530872709980e-02
6.748494874354600548e-02
6.748438121011819668e-02
6.748543772697790377e-02
6.748661842782019415e-02
6.748945480061639690e-02
6.748682395648339383e-02
6.748814051985080331e-02
6.748409696676330172e-02
6.748345276891970501e-02
6.748763696664410172e-02
6.748526050259009978e-02
6.748785345895509657e-02
6.748860865620860683e-02
6.749301712668749620e-02
6.749448882638720004e-02
6.749751396650430224e-02
6.749384721702329781e-02
6.749555620853349425e-02
6.749298170010099851e-02
6.749922867252139413e-02
6.750064530785859773e-02
6.750112918185030564e-02
6.748140130200290521e-02
6.747735584064240566e-02
6.747093246799400201e-02
6.747654792578840210e-02
6.748396153455170354e-02
6.748113213450840364e-02
6.748759158115059942e-02
6.749307533225419597e-02
6.749270625143449776e-02
6.749452312591019965e-02
6.748605462046680659e-02
6.747914630751790377e-02
6.747854901694949614e-02
6.746775102873600605e-02
6.747394303502740609e-02
6.747372913406829431e-02
6.747289488510560540e-02
6.747106232527129432e-02
6.747244552538049500e-02
6.747510569323980634e-02
6.746060353166860590e-02
6.745486443373679974e-02
6.746068665949170318e-02
6.746519630087409458e-02
6.747101946024940122e-02
6.746682300650110042e-02
6.746186739236480212e-02
6.744931645807629439e-02
6.745065222069060451e-02
6.744790045696799630e-02
6.744533487747660094e-02
6.744728583527630217e-02
6.743323020858629779e-02
6.741931302052550645e-02
6.741988917645269641e-02
6.740359439283789833e-02
6.738366077511280527e-02
6.740124575830799825e-02
6.734560744284349976e-02
6.734139511775059928e-02
6.733194977664090641e-02
6.732548658194299762e-02
6.732414209181010467e-02
6.732249076007379429e-02
6.731137260918700072e-02
6.730390845052469651e-02
6.729805673402340649e-02
6.729403281217480326e-02
6.728132212938189860e-02
6.727768547390360065e-02
6.725890585264759913e-02
6.725786111250189880e-02
6.724168301708219331e-02
6.724963430163799494e-02
6.722752088831179806e-02
6.723032155362869411e-02
6.721407602047159424e-02
6.721690027386599542e-02
6.719259772292880684e-02
6.717664192208229468e-02
6.717666680194220308e-02
6.718009768446919772e-02
6.716952207602730485e-02
6.714016808013140158e-02
6.714988266958210605e-02
6.715489882573090485e-02
6.714686016214900521e-02
6.713433355729420127e-02
6.710757494032010273e-02
6.711117945561680120e-02
6.711786377996040165e-02
6.711755816634930316e-02
6.711469873583229828e-02
6.707748752444239737e-02
6.708822039050470198e-02
6.708747752973620582e-02
6.705501827907850432e-02
6.707798611621269835e-02
6.707678588413089338e-02
6.706182660206859436e-02
6.707329307558250464e-02
6.705879427514009616e-02
6.706345490148260535e-02
6.706841442650060547e-02
6.705829784442339514e-02
6.705734255775849806e-02
6.703495986301680198e-02
6.704187567616939902e-02
6.705712550720739629e-02
6.704292690356700168e-02
6.704744239960290508e-02
6.706251157010249819e-02
6.706180842713209411e-02
6.706887584038889738e-02
6.707539476991619676e-02
6.707237447086289439e-02
6.707053023427130001e-02
6.707560732521300473e-02
6.708798277766289675e-02
6.708833865073260405e-02
6.708882671998919744e-02
6.708957254013900307e-02
6.709709977165960459e-02
6.709049363985049308e-02
6.711056694446559945e-02
6.710807088945060228e-02
6.711500719034230178e-02
6.710931784745670370e-02
6.711932121428750009e-02
6.711299766582820570e-02
6.711486847343070550e-02
6.713316016650469620e-02
6.712955698943909311e-02
6.713010639779530553e-02
6.714233409159800492e-02
6.714817991844590495e-02
6.714504419844599670e-02
6.718284839038929368e-02
6.715397279318710555e-02
6.718768153010129529e-02
6.719533190818209600e-02
6.717109404123940142e-02
6.721203277406219423e-02
6.722650076078859338e-02
6.723288577926289644e-02
6.723044979775480434e-02
6.723090347932519917e-02
6.724004807958310070e-02
6.724300713631969906e-02
6.725982938018060242e-02
6.725379193452950266e-02
6.725704801083909334e-02
6.726784172514099769e-02
6.726197902059340150e-02
6.725866905698529852e-02
6.725789433604389966e-02
6.725232320860119462e-02
6.726389720501349534e-02
6.726469743701669890e-02
6.726787782624560341e-02
6.726640765573309311e-02
6.726739542918250270e-02
6.726943018139110164e-02
6.727467654841309819e-02
6.726457188164160217e-02
6.726353777967319925e-02
6.726011294134910667e-02
6.726674606010479840e-02
6.727073102760300349e-02
6.728460303653539809e-02
6.728854967176470248e-02
6.728879609022909991e-02
6.729280152021120676e-02
6.728553334819639686e-02
6.728264778713489991e-02
6.728006065677269443e-02
6.727868052105319407e-02
6.727405614634709985e-02
6.726810062702069659e-02
6.728340059839339748e-02
6.731004386678439422e-02
6.730479763662579329e-02
6.730430546312020368e-02
6.730380024183900411e-02
6.729661426065020047e-02
6.729596058460179941e-02
6.729157890412350296e-02
6.729141386389639323e-02
6.728762244710249918e-02
6.728511659172919934e-02
6.728801718911479879e-02
6.728196838392659640e-02
6.728562139214329385e-02
6.728376548787989853e-02
6.728186464650799670e-02
6.728163630890079960e-02
6.727780927105270203e-02
6.728820734122679947e-02
6.727888841083839999e-02
6.727421236318019415e-02
6.728323308562479677e-02
6.727838017126490378e-02
6.727059931173920426e-02
6.727511427975489677e-02
6.727036825783799801e-02
6.726293695808389927e-02
6.726117074059299872e-02
6.726733297873610518e-02
6.726220675636029878e-02
6.725461957447720351e-02
6.725747669269499518e-02
6.725582524306079890e-02
6.724754920987549567e-02
6.724799319079259596e-02
6.724900872488639991e-02
6.724073209895410630e-02
6.723342973328010064e-02
6.723848286950390163e-02
6.723068074572739750e-02
6.722961592203879899e-02
6.722785965987210233e-02
6.723063695023899500e-02
6.722935384685710392e-02
6.722521188278389459e-02
6.721766231519660240e-02
6.722185075195359627e-02
6.722055828843670477e-02
6.722025565248640477e-02
6.721693425925419352e-02
6.722058145042410227e-02
6.721458430237579884e-02
6.722205807727260618e-02
6.722779802825290529e-02
6.722525678804669447e-02
6.722711474248850572e-02
6.722373393856169443e-02
6.722063084432029767e-02
6.723326775058520444e-02
6.723407499118949637e-02
6.723839873045360516e-02
6.724059920828709402e-02
6.724614307193159390e-02
6.724760246250259532e-02
6.724366740288639788e-02
6.725250309084919442e-02
6.726470804400619397e-02
6.725770918418240429e-02
6.726387612924110415e-02
6.726757215091110076e-02
6.727845331534210160e-02
6.728576494318380674e-02
6.728277455944339791e-02
6.729029087998900094e-02
6.729038265232850646e-02
6.730064481047459690e-02
6.731241384070719980e-02
6.730942047656510163e-02
6.731582288264109648e-02
6.731704322648179861e-02
6.732755304274380681e-02
6.732693343332210589e-02
6.732856581543129881e-02
6.734572486009840486e-02
6.734282037974849422e-02
6.734264197933929885e-02
6.735417174762109438e-02
6.735651044540540144e-02
6.736853201745719721e-02
6.736618215393229414e-02
6.736830592723190569e-02
6.737653094135649667e-02
6.738391868621390612e-02
6.738429732085589319e-02
6.738671620269200135e-02
6.739479868966889720e-02
6.739559923612070680e-02
6.739319803725510316e-02
6.739925580831669649e-02
6.740450602861459972e-02
6.740909923611980437e-02
6.741639425380939465e-02
6.741830102605600450e-02
6.742339715707849901e-02
6.742711797893689851e-02
6.742711114887549317e-02
6.742905629311639337e-02
6.743800292315089984e-02
6.743662940049240107e-02
6.743878577081109660e-02
6.744398844817629801e-02
6.744605777111449540e-02
6.744807224399450296e-02
6.745660094652150551e-02
6.746013082997380506e-02
6.746409526684429836e-02
6.746309806853760527e-02
6.747071697584229588e-02
6.747497694238030475e-02
6.747468039841940379e-02
6.748210100633990349e-02
6.749224823346859636e-02
6.749548713350719820e-02
6.749718603887459867e-02
6.749729960746819746e-02
6.749957152991749310e-02
6.750562281683629429e-02
6.751043406108139799e-02
6.751394122551569732e-02
6.751331626395530583e-02
6.752384726581829588e-02
6.752323296151749310e-02
6.752607520648540307e-02
6.752558866303369489e-02
6.753642351378059960e-02
6.753824497287350126e-02
6.751655937219480652e-02
6.751337072862609312e-02
6.751945155178989966e-02
6.752025341835990457e-02
6.753256726026450607e-02
6.752631568733280520e-02
6.751949624371869629e-02
6.751694384634940316e-02
6.750524018538170412e-02
6.750913908074880621e-02
6.750158714890319711e-02
6.750171792531410586e-02
6.748917482119889955e-02
6.748341163716389812e-02
6.748243450031489454e-02
6.748733730870640213e-02
6.749069407106660090e-02
6.749609592496749744e-02
6.749176073679960530e-02
6.748732858943000401e-02
6.747953363456850318e-02
6.749014703888990552e-02
6.747793874303889550e-02
6.748865889002350626e-02
6.747945607027740211e-02
6.746769524970019916e-02
6.746188906825370535e-02
6.745560851687970594e-02
6.743741886423769427e-02
6.743996152397030430e-02
6.743116816817849857e-02
6.737404317768279360e-02
6.736860051276939709e-02
6.740130038501139509e-02
6.736091527567410198e-02
6.738897428241590049e-02
6.734428887821959642e-02
6.734798881976690466e-02
6.734463465382330150e-02
6.734028333329709903e-02
6.732360913413999726e-02
6.732473850697739959e-02
6.732139275359480535e-02
6.731645528663930678e-02
6.730437561062510565e-02
6.731002427192900317e-02
6.729286571599370215e-02
6.729632413723030115e-02
6.727966849926809989e-02
6.728055024791100569e-02
6.726944210979030059e-02
6.726378520992559729e-02
6.726911091430909373e-02
6.725897912294920289e-02
6.725595783986909604e-02
6.724218401400959555e-02
6.724125764617500112e-02
6.724280096681939378e-02
6.724054769877729765e-02
6.723072500185030276e-02
6.723022852597780596e-02
6.722545626431679355e-02
6.722879508791980430e-02
6.721503060604840096e-02
6.721802070800410311e-02
6.721379293453290382e-02
6.720822511735760618e-02
6.721921538255899720e-02
6.721057178395370424e-02
6.720553676568720436e-02
6.721301632607379339e-02
6.720286356791620175e-02
6.720564476530900555e-02
6.720889672725610664e-02
6.720546345659060561e-02
6.721030043915089680e-02
6.721440745205159439e-02
6.720911786669739318e-02
6.721210838837579638e-02
6.721008564592609313e-02
6.721533768263170117e-02
6.721838542424030116e-02
6.722467396493320146e-02
6.725284983187279630e-02
6.726132168261900190e-02
6.726339474443099320e-02
6.727326639842179379e-02
6.728001592071600201e-02
6.728392130922469794e-02
6.729799492282710627e-02
6.730209501425060692e-02
6.730852324738040293e-02
6.731622346650249777e-02
6.730903415864679384e-02
6.731206651692589471e-02
6.731479268553819395e-02
6.731757413685590663e-02
6.733374002964680194e-02
6.733765033132810274e-02
6.733383506823670261e-02
6.733007337342279686e-02
6.733714381399380500e-02
6.733448293388009931e-02
6.732391497098519362e-02
6.733170224496519418e-02
6.735300031566329726e-02
6.734111145198100334e-02
6.733412903999909382e-02
6.733585044898519889e-02
6.733750866743599961e-02
6.733418837477919694e-02
6.735161822731179637e-02
6.736156135530339817e-02
6.736830520904039943e-02
6.736548935402519866e-02
6.735619520771429780e-02
6.735092350519990279e-02
6.736554307472880643e-02
6.738579421035710559e-02
6.738171118034279317e-02
6.737321262240329733e-02
6.737237536052620435e-02
6.736511097783309809e-02
6.736372797284459479e-02
6.736319842025149940e-02
6.736179010780660170e-02
6.735238579847539764e-02
6.736582285021749938e-02
6.737048599010329875e-02
6.736482426807899326e-02
6.737491479802269756e-02
6.736159744126639370e-02
6.735209799403919784e-02
6.735944885837689966e-02
6.735774052999589367e-02
6.735119071185109718e-02
6.734621359508209670e-02
6.734869059442299966e-02
6.735273674240739583e-02
6.734173339018230398e-02
6.733693019966090210e-02
6.734327739323020534e-02
6.734180891554229775e-02
6.734565371276809986e-02
6.734416576380200525e-02
6.733946728608959653e-02
6.733756909180960148e-02
6.733729690045879568e-02
6.733768607949240648e-02
6.733753112174180322e-02
6.733426899517619413e-02
6.733527933076340066e-02
6.733814226473419651e-02
6.734252761742119675e-02
6.734608836733779746e-02
6.735184878598089731e-02
6.734719408484550474e-02
6.734710285321619805e-02
6.734607938660450155e-02
6.734915543749120381e-02
6.734703514218469411e-02
6.734751050105429460e-02
6.734785006543279884e-02
6.735744478314259487e-02
6.735803740859749866e-02
6.735859748061590047e-02
6.736456696482720496e-02
6.737384099851100039e-02
6.735866070672409667e-02
6.736084896879369899e-02
6.736027629063069677e-02
6.735850806765759924e-02
6.735910505581710339e-02
6.736590479152609889e-02
6.736171678670800633e-02
6.736812959581370275e-02
6.736367792190249559e-02
6.737096232386190209e-02
6.737929440574319528e-02
6.737914663603050691e-02
6.738757626343430673e-02
6.738104014889009785e-02
6.736680003322080557e-02
6.736561880019950599e-02
6.735329447850560425e-02
6.736073715491050495e-02
6.735646591250370185e-02
6.735922428910690041e-02
6.735486589022550430e-02
6.735684127172310298e-02
6.732716776415899329e-02
6.734124171679339854e-02
6.733673537596070180e-02
6.734053792224510560e-02
6.734548439053029967e-02
6.734862115695069984e-02
6.734579707697359308e-02
6.732617889145499357e-02
6.733290224845879524e-02
6.734232762616740309e-02
6.733133012931759309e-02
6.733062374405179851e-02
6.734118592983930063e-02
6.733328519661099798e-02
6.731353233291530180e-02
6.731561745621779391e-02
6.731190786260950187e-02
6.731015013824639959e-02
6.730172088130570440e-02
6.729834684171399906e-02
6.728042780837030501e-02
6.727035819090730617e-02
6.726816456283619960e-02
6.725792663601920518e-02
6.721479898273190201e-02
6.721334363500240661e-02
6.721393843601100593e-02
6.720439696136200347e-02
6.720182599240830112e-02
6.719380448507569770e-02
6.718840841516350582e-02
6.717854185281629809e-02
6.718499329440319467e-02
6.717043270906369878e-02
6.716030300840840350e-02
6.716494112029709751e-02
6.714967359300770544e-02
6.715817284503980411e-02
6.713708557624599449e-02
6.714044856552810192e-02
6.713041815213459385e-02
6.712470393087109632e-02
6.713080934705889513e-02
6.711809008205420202e-02
6.712065582286400045e-02
6.712001014960690404e-02
6.709694380996590601e-02
6.710795300368359306e-02
6.709117380350769488e-02
6.709556488469299584e-02
6.709345794130970597e-02
6.709339180571870231e-02
6.708624185472640555e-02
6.709549362769150205e-02
6.709042906411399887e-02
6.708627008727280350e-02
6.708888706093299459e-02
6.707732196165100413e-02
6.708670291185039880e-02
6.708686671029609472e-02
6.708875098741319543e-02
6.708215643246309701e-02
6.708163495283760158e-02
6.708255698542370249e-02
6.708325755432259507e-02
6.708880921299950617e-02
6.708818416920059313e-02
6.708540337044849311e-02
6.709291758298159547e-02
6.709105776517899911e-02
6.709734893390789656e-02
6.709296746711800041e-02
6.710417143618449543e-02
6.710140036128779684e-02
6.710510980327639985e-02
6.711978847403060611e-02
6.711755254685629335e-02
6.711664030242620038e-02
6.711402055543840006e-02
6.712708976334989808e-02
6.713645795725399490e-02
6.712344623810810595e-02
6.713537388219019408e-02
6.716444347739160270e-02
6.714532434263370542e-02
6.717108697904569659e-02
6.715398930675620104e-02
6.715975119563749596e-02
6.716046107811719790e-02
6.721369615064469449e-02
6.722255940701810095e-02
6.722323620233849883e-02
6.723678346568230657e-02
6.723851346205179935e-02
6.723543175824120421e-02
6.725813992248129425e-02
6.725469468582509491e-02
6.725874543018510454e-02
6.726380086267499947e-02
6.726064234800209485e-02
6.725172000044760123e-02
6.725718691591120457e-02
6.726459264083960166e-02
6.726659426994520408e-02
6.727038328362359987e-02
6.726968269713939907e-02
6.726335191921190004e-02
6.726600022994340400e-02
6.728204689709059438e-02
6.728996224027400386e-02
6.728742848488740436e-02
6.727944991878730130e-02
6.726877962897559460e-02
6.731523812157459707e-02
6.730439989608050233e-02
6.729786295668370444e-02
6.729706562077629461e-02
6.728853540304169378e-02
6.729005089817789720e-02
6.728395876467910264e-02
6.729154131198429589e-02
6.727806876245970291e-02
6.728403007873390296e-02
6.727384618836000640e-02
6.727766982581949440e-02
6.727102497541899429e-02
6.726972376444549651e-02
6.727283001406179908e-02
6.725956740227309605e-02
6.725563252920520319e-02
6.725061221207589979e-02
6.724930361365280551e-02
6.724638342860329854e-02
6.723529070397080143e-02
6.723576868736469425e-02
6.722884721248499618e-02
6.722890147761870216e-02
6.723006694280010687e-02
6.722639538304289730e-02
6.722532805999409389e-02
6.722929257785270618e-02
6.722371127975000638e-02
6.722314185767150341e-02
6.722761059421840379e-02
6.723125245562240615e-02
6.722559431028350685e-02
6.723776047568839898e-02
6.724128635623989603e-02
6.723808497114169835e-02
6.724462096979830217e-02
6.724500218948280261e-02
6.725270075262890224e-02
6.725316493447709709e-02
6.725911604275590372e-02
6.725209283572479435e-02
6.725321157056400601e-02
6.726273780714520090e-02
6.726745390486910114e-02
6.727017524362530199e-02
6.727131983758180556e-02
6.727190383709580335e-02
6.727476895311680638e-02
6.727649112333469739e-02
6.727963839740119800e-02
6.727861607158890089e-02
6.729014774997230108e-02
6.729052915409509950e-02
6.729101983639290685e-02
6.729853969665490487e-02
6.730061040888270230e-02
6.730578691267589952e-02
6.730707075761299674e-02
6.730662851166749339e-02
6.731718685462499685e-02
6.731600059275899550e-02
6.731780477650620154e-02
6.732307901817589924e-02
6.732781686410770072e-02
6.732554878916370555e-02
6.732765680555639898e-02
6.732754774866869796e-02
6.734035532621540643e-02
6.733668320769850557e-02
6.734274122450679967e-02
6.734125102356260106e-02
6.734111951033139309e-02
6.735265546503090006e-02
6.735662376515010041e-02
6.735398338209630520e-02
6.735450303939080618e-02
6.735603057502449753e-02
6.736254940618409404e-02
6.736583475144890254e-02
6.736726502232240343e-02
6.737381421777159651e-02
6.737874804031039611e-02
6.737971571898900003e-02
6.738025812238339352e-02
6.738092293522049414e-02
6.738004087936100284e-02
6.738070684775400443e-02
6.738302805617429891e-02
6.739141581670170245e-02
6.739594354704249446e-02
6.740138097164720399e-02
6.740445817947990359e-02
6.740332714927860236e-02
6.740740759193519782e-02
6.740786975957689664e-02
6.740988045141939333e-02
6.741570227139319360e-02
6.741791790538810558e-02
6.742281651680100130e-02
6.741718360309829905e-02
6.741932410358869587e-02
6.742260877760239413e-02
6.742286013634740671e-02
6.742618058810470605e-02
6.742921942867499685e-02
6.743443208257300647e-02
6.743550681487170406e-02
6.743588392635349593e-02
6.742958498782010424e-02
6.743681919265180624e-02
6.744264175987979559e-02
6.744771215639490392e-02
6.744719213812150338e-02
6.744766981302870168e-02
6.744791426536400625e-02
6.745292077270829967e-02
6.746282145989809798e-02
6.745502373272449503e-02
6.746075706165649555e-02
6.746624985780300121e-02
6.746801004649739808e-02
6.747158787185940365e-02
6.745814994480990590e-02
6.747178533824639557e-02
6.748084093963320484e-02
6.747573178445630260e-02
6.748484209531670219e-02
6.747526563124890686e-02
6.748054661259360321e-02
6.748261101282129748e-02
6.748440624593199377e-02
6.748152429224979487e-02
6.749206020930169359e-02
6.749159177263269749e-02
6.748953943049419701e-02
6.749121417861850269e-02
6.748824508279460677e-02
6.749533407858619716e-02
6.750130957347920402e-02
6.750217903592109492e-02
6.750046751405799905e-02
6.750847406205440215e-02
