4.876482122498156286e+02
5.433158642275186594e+02
6.103639806151221592e+02
5.052671524730484975e+02
5.101346539784220226e+02
5.163733385271849556e+02
5.191154958785332383e+02
5.270681070476753121e+02
5.336495351734280348e+02
5.341294179282996311e+02
5.335123959955459441e+02
5.822558762705067466e+02
5.793765797412763732e+02
5.725895472164158946e+02
5.479777613337844286e+02
5.501715707090353362e+02
5.549706069931830825e+02
5.585353906763929217e+02
5.494174095983996722e+02
5.589468082100388528e+02
5.667622802012989496e+02
6.137233686346548893e+02
5.734808475049336494e+02
5.768400267890357327e+02
5.764972832120459998e+02
5.778682575200049314e+02
5.804734844289017701e+02
5.873976561316441121e+02
6.005605123831494438e+02
5.845183596024138524e+02
5.868493081555467370e+02
6.436825387775314766e+02
6.918776710763947904e+02
5.928821795697713242e+02
5.927450403918893471e+02
5.940477582140531467e+02
5.945276409689248567e+02
5.990521901618780021e+02
5.771827703660254656e+02
6.022057650468723295e+02
5.993951424742982681e+02
6.368268322960147998e+02
6.254465766215449776e+02
6.255150418427706427e+02
6.056336182876307248e+02
6.065249185761483659e+02
6.061821749991587467e+02
6.015202778928929774e+02
5.734808475049336494e+02
6.072790796867841436e+02
6.100899109947888519e+02
6.373067150508865097e+02
6.144775297452905534e+02
6.181794526063822559e+02
6.126949291682551575e+02
6.159856432311313483e+02
6.153001560771519962e+02
6.136546946779984637e+02
6.196877748276538114e+02
6.183165917842643466e+02
6.160543171877876603e+02
6.578736257600060071e+02
6.447107695085006753e+02
6.225670713568840711e+02
6.227042105347661618e+02
6.225670713568840711e+02
6.253094374436630005e+02
6.334676530119128302e+02
6.246924155109093135e+02
6.313423088578875877e+02
6.280515947950112832e+02
6.839250599072527166e+02
6.513608715909095963e+02
6.625355228662717764e+02
6.326448179446207405e+02
6.329190963003848083e+02
6.344274185216562501e+02
6.143403905674084626e+02
6.370324366951225556e+02
6.433397952005417437e+02
6.431339820660035684e+02
6.578736257600060071e+02
6.708993428336293618e+02
6.566395818944985194e+02
6.440937475757469883e+02
6.442308867536289654e+02
6.447107695085006753e+02
6.363469495411432035e+02
5.810220411404297920e+02
6.493726666147664446e+02
6.493042013935406658e+02
6.826225508205195638e+02
6.595190871591594259e+02
6.532117286537402379e+02
6.528005198555247262e+02
6.543086333413656348e+02
6.543086333413656348e+02
6.774807709593819709e+02
6.865302868161495553e+02
6.541717028989143046e+02
6.580792301591137630e+02
7.001730258225265970e+02
6.706250644778654078e+02
6.767266098487463069e+02
6.574624169617906091e+02
6.590392044042877160e+02
6.596562263370415167e+02
6.171512218754131709e+02
6.669231416167735915e+02
6.640436363521126850e+02
6.645237278424149281e+02
6.810457633780223432e+02
6.940028064949893860e+02
6.710364820115113389e+02
6.589705304476315177e+02
6.590392044042877160e+02
6.558856295192933885e+02
6.439566083978648976e+02
5.940477582140531467e+02
6.554742119856474574e+02
6.548571900528936567e+02
6.940714804516456979e+02
6.708308776124035830e+02
6.532804026103965498e+02
6.529376590334068169e+02
6.516349412112430173e+02
6.517720803891251080e+02
7.473397186549901789e+02
6.727504086318905365e+02
6.572566038272523201e+02
6.481386227492590706e+02
7.081254282562381377e+02
6.779606537142536808e+02
6.935915976967739880e+02
6.476587399943873606e+02
6.469732528404077812e+02
6.466989744846438271e+02
6.059765706000509908e+02
6.366896931181328227e+02
6.519778935236633970e+02
6.483442271483667128e+02
6.615757573565283565e+02
6.775494449160382828e+02
6.569138602502625872e+02
6.452593262200286972e+02
6.466989744846438271e+02
6.444366998881672544e+02
6.354556492526254488e+02
5.788282317651788844e+02
6.473844616386232929e+02
6.482757619271410476e+02
6.849534993736524484e+02
6.494411318359922234e+02
6.493726666147664446e+02
6.477958791722693377e+02
6.477958791722693377e+02
6.493042013935406658e+02
6.569823254714883660e+02
6.464933700855361849e+02
6.425169601332497678e+02
6.529376590334068169e+02
6.942770848507533401e+02
6.740529177186236893e+02
6.665803980397838586e+02
6.538974245431502368e+02
6.554742119856474574e+02
6.573252777839085184e+02
6.183165917842643466e+02
7.042863662172643444e+02
6.627411272653795322e+02
6.598618307361491588e+02
6.790575584018790778e+02
7.018182784862494827e+02
6.744643352522696205e+02
6.589020652264057389e+02
6.605473178901286246e+02
6.594504132025032277e+02
6.504695713023918415e+02
6.264063421312883975e+02
6.604788526689028458e+02
6.585593216494160060e+02
6.966080334038862247e+02
6.911921839224153246e+02
6.587649260485237619e+02
6.603417134910208688e+02
6.591761348467391599e+02
6.587649260485237619e+02
6.883813526144107300e+02
6.883813526144107300e+02
6.620556401114000664e+02
6.589705304476315177e+02
7.055204100827718321e+02
6.962652898268966055e+02
6.723389910982444917e+02
6.556113511635294344e+02
6.554055380289911454e+02
6.525949154564170840e+02
6.622612445105078223e+02
6.069363361097944107e+02
6.505380365236176203e+02
6.495098057926484216e+02
7.456260007700415144e+02
6.516349412112430173e+02
6.579422997166623190e+02
6.476587399943873606e+02
6.444366998881672544e+02
6.451221870421466065e+02
6.281202687516675951e+02
6.293541038817444360e+02
6.339475357667845401e+02
6.446423042872750102e+02
6.740529177186236893e+02
6.491670622156586887e+02
6.466305092634181619e+02
6.413515902243985920e+02
6.403231507579988602e+02
6.398432680031272639e+02
6.255835070639964215e+02
7.539898207373990999e+02
6.397061288252451732e+02
6.419686121571523927e+02
6.570509994281445643e+02
6.811829025559043203e+02
6.410773118686346379e+02
6.363469495411432035e+02
6.366896931181328227e+02
6.353185100747433580e+02
6.259264593764166875e+02
5.961728936326477424e+02
6.366212278969071576e+02
6.344958837428820289e+02
6.687055334583784543e+02
6.570509994281445643e+02
6.366896931181328227e+02
6.351129056756356022e+02
6.351129056756356022e+02
6.366212278969071576e+02
6.575993474042419393e+02
6.420370773783781715e+02
6.468361136625258041e+02
6.369639714738968905e+02
6.918776710763947904e+02
6.681571854822809655e+02
6.791262323585355034e+02
6.378552717624145316e+02
6.364840887190251806e+02
6.351815796322920278e+02
6.296970561941647020e+02
6.371695758730045327e+02
6.353871840313996699e+02
6.376494586278763563e+02
6.766581446275205280e+02
6.386092241376196625e+02
6.392262460703734632e+02
6.390891068924914862e+02
6.393633852482554403e+02
6.414200554456243708e+02
6.431339820660035684e+02
6.509494540572636652e+02
6.416943338013883249e+02
6.388835024933837303e+02
6.919461362976205692e+02
7.457629312124929584e+02
6.401175463588912180e+02
6.414887294022805690e+02
6.416258685801626598e+02
6.397061288252451732e+02
6.861188692825036242e+02
6.536918201440424809e+02
6.518407543457814199e+02
6.407345682916449050e+02
6.937287368746559650e+02
6.757668443390027733e+02
6.932488541197841414e+02
6.414887294022805690e+02
6.404602899358808372e+02
6.401175463588912180e+02
6.013146734937852216e+02
6.575308821830162742e+02
6.430655168447777896e+02
6.407345682916449050e+02
6.549256552741194355e+02
6.654148193955020361e+02
6.496469449705305124e+02
6.389521764500400423e+02
6.391577808491476844e+02
6.369639714738968905e+02
6.290113603047547031e+02
6.024115781814107322e+02
6.380608761615222875e+02
6.373067150508865097e+02
6.782349320700177486e+02
6.412829162677423938e+02
6.379237369836403104e+02
6.365525539402508457e+02
6.368268322960147998e+02
6.368955062526711117e+02
6.397061288252451732e+02
6.333305138340307394e+02
6.390206416712657074e+02
6.365525539402508457e+02
6.789204192239971007e+02
6.506751757014995974e+02
6.483442271483667128e+02
6.362784843199174247e+02
6.364840887190251806e+02
6.370324366951225556e+02
6.304510085693699466e+02
6.432711212438855455e+02
6.376494586278763563e+02
6.389521764500400423e+02
6.567767210723806102e+02
6.708993428336293618e+02
6.456020697970184301e+02
6.359355320074971587e+02
6.377865978057583334e+02
6.362098103632611128e+02
6.400490811376654392e+02
6.317537263915336325e+02
6.425169601332497678e+02
6.408030335128705701e+02
6.913977883215230804e+02
6.418314729792704156e+02
6.454649306191364531e+02
6.414200554456243708e+02
6.414887294022805690e+02
6.419686121571523927e+02
6.416258685801626598e+02
6.380608761615222875e+02
6.418314729792704156e+02
6.442308867536289654e+02
6.860504040612778454e+02
6.595190871591594259e+02
6.595190871591594259e+02
6.464246961288797593e+02
6.462190917297721171e+02
6.488927838598947346e+02
6.464933700855361849e+02
6.566395818944985194e+02
6.519778935236633970e+02
6.506751757014995974e+02
6.647293322415226839e+02
6.988018427791371323e+02
6.570509994281445643e+02
6.512237324130276193e+02
6.528005198555247262e+02
6.511550584563714210e+02
6.543773072980219467e+02
6.485500402829050017e+02
6.589020652264057389e+02
6.565024427166165424e+02
6.990761211349010864e+02
6.567767210723806102e+02
6.681571854822809655e+02
6.576680213608983649e+02
6.566395818944985194e+02
6.597931567794928469e+02
6.538287505864939249e+02
6.525949154564170840e+02
6.520463587448890621e+02
6.591076696255134948e+02
7.011327913322700169e+02
6.696652989681218742e+02
6.670602807946555686e+02
6.600674351352569147e+02
6.591761348467391599e+02
6.626039880874975552e+02
6.571881386060265413e+02
6.658262369291480809e+02
6.630154056211434863e+02
6.600674351352569147e+02
6.773436317814999938e+02
7.057946884385357862e+02
6.658947021503738597e+02
6.576680213608983649e+02
6.591076696255134948e+02
6.548571900528936567e+02
6.495098057926484216e+02
6.328506310791591432e+02
6.554742119856474574e+02
6.564339774953907636e+02
6.855705213064060217e+02
6.652776802176200590e+02
6.573252777839085184e+02
6.553370728077653666e+02
6.541030289422578790e+02
6.542401681201398560e+02
6.588333912697494270e+02
6.539658897643759019e+02
6.589705304476315177e+02
6.521148239661147272e+02
7.000358866446446200e+02
6.720649214779110707e+02
6.856389865276318005e+02
6.503324321245098645e+02
6.504011060811661764e+02
6.506751757014995974e+02
6.416258685801626598e+02
6.549943292307756337e+02
6.532804026103965498e+02
6.501268277254022223e+02
6.615757573565283565e+02
6.854333821285240447e+02
6.559540947405191673e+02
6.490983882590024905e+02
6.485500402829050017e+02
6.451906522633723853e+02
6.415571946235063479e+02
6.248980199100169557e+02
6.477958791722693377e+02
6.482072967059152688e+02
6.770695621611665729e+02
6.541030289422578790e+02
6.511550584563714210e+02
6.490299230377767117e+02
6.477958791722693377e+02
6.493042013935406658e+02
6.545829116971297026e+02
6.485500402829050017e+02
6.561596991396268095e+02
6.505380365236176203e+02
7.004473041782906648e+02
6.678829071265170114e+02
6.815256461328940532e+02
6.554055380289911454e+02
6.529376590334068169e+02
6.535546809661605039e+02
6.426540993111317448e+02
6.588333912697494270e+02
6.582850432936519383e+02
6.584221824715340290e+02
6.691854162132501642e+02
6.887925614126261280e+02
6.606159918467848229e+02
6.554055380289911454e+02
6.557484903414114115e+02
6.550627944520014125e+02
6.538287505864939249e+02
6.605473178901286246e+02
6.566395818944985194e+02
6.623299184671640205e+02
6.905751619896616376e+02
7.169693397138979662e+02
6.562968383175087865e+02
6.578736257600060071e+02
6.578736257600060071e+02
6.534175417882785268e+02
6.650036105972866380e+02
6.643179147078766391e+02
6.615070833998720445e+02
6.600674351352569147e+02
7.007900477552802840e+02
6.802916022673866792e+02
6.774123057381563058e+02
6.579422997166623190e+02
6.565711166732728543e+02
6.534175417882785268e+02
6.556798163847550995e+02
6.570509994281445643e+02
6.537602853652682597e+02
6.580107649378879842e+02
6.901637444560155927e+02
6.592448088033954718e+02
6.554742119856474574e+02
6.554055380289911454e+02
6.542401681201398560e+02
6.569138602502625872e+02
6.605473178901286246e+02
6.650036105972866380e+02
6.542401681201398560e+02
6.772064926036180168e+02
6.983219600242654224e+02
7.548811210259167410e+02
6.530061242546324820e+02
6.528689850767505050e+02
6.516349412112430173e+02
6.421742165562601485e+02
6.548571900528936567e+02
6.531432634325145727e+02
6.542401681201398560e+02
6.559540947405191673e+02
6.784405364691255045e+02
6.659633761070300579e+02
6.601361090919132266e+02
6.494411318359922234e+02
6.491670622156586887e+02
6.467674397058696059e+02
6.502639669032841994e+02
6.479330183501513147e+02
6.447107695085006753e+02
6.560912339184011444e+02
7.051776665057820992e+02
6.478643443934950028e+02
6.466989744846438271e+02
6.466989744846438271e+02
6.465618353067618500e+02
6.504695713023918415e+02
6.541030289422578790e+02
6.556798163847550995e+02
6.466989744846438271e+02
6.673343504149889895e+02
6.949627807401633390e+02
7.413753124619911432e+02
6.467674397058696059e+02
6.466305092634181619e+02
6.464246961288797593e+02
6.319593307906413884e+02
6.478643443934950028e+02
6.465618353067618500e+02
6.502639669032841994e+02
6.526633806776427491e+02
6.704194600787576519e+02
6.572566038272523201e+02
6.512921976342533981e+02
6.471788572395155370e+02
6.448479086863826524e+02
6.442995607102852773e+02
6.482757619271410476e+02
6.456020697970184301e+02
6.414200554456243708e+02
6.559540947405191673e+02
6.810457633780223432e+02
6.463562309076542078e+02
6.453277914412543623e+02
6.439566083978648976e+02
6.442995607102852773e+02
6.476587399943873606e+02
6.463562309076542078e+02
6.528005198555247262e+02
6.432026560226597667e+02
6.735730349637518657e+02
6.830339683541654949e+02
7.493965975877895289e+02
6.429283776668958126e+02
6.414200554456243708e+02
6.429283776668958126e+02
6.368268322960147998e+02
6.495098057926484216e+02
6.446423042872750102e+02
6.449850478642646294e+02
6.421742165562601485e+02
6.727504086318905365e+02
6.700767165017679190e+02
6.756983791177771081e+02
6.380608761615222875e+02
6.377865978057583334e+02
6.356614623871636240e+02
6.271602945064935284e+02
6.378552717624145316e+02
6.349073012765280737e+02
6.510179192784893303e+02
6.728875478097725136e+02
6.371695758730045327e+02
6.367583670747891347e+02
6.366896931181328227e+02
6.355243232092816470e+02
6.392949200270296615e+02
6.372382498296608446e+02
6.451906522633723853e+02
6.345645576995382271e+02
6.678829071265170114e+02
6.784405364691255045e+02
7.423352867071652099e+02
6.339475357667845401e+02
6.353871840313996699e+02
6.353871840313996699e+02
6.282571991941190390e+02
6.401175463588912180e+02
6.380608761615222875e+02
6.388150372721580652e+02
6.388835024933837303e+02
6.676773027274093693e+02
6.644550538857586162e+02
6.632210100202512422e+02
6.379922022048660892e+02
6.378552717624145316e+02
6.361413451420354477e+02
6.399119419597834622e+02
6.392262460703734632e+02
6.363469495411432035e+02
6.566395818944985194e+02
6.812513677771299854e+02
6.418314729792704156e+02
6.427912384890137218e+02
6.427912384890137218e+02
6.429283776668958126e+02
6.483442271483667128e+02
6.504695713023918415e+02
6.562283730962831214e+02
6.497154101917561775e+02
6.837879207293706258e+02
6.896151877444876845e+02
7.447347004815237597e+02
6.488927838598947346e+02
6.490299230377767117e+02
6.491670622156586887e+02
6.471103920182897582e+02
6.684999290592706984e+02
6.561596991396268095e+02
6.561596991396268095e+02
6.564339774953907636e+02
6.884498178356365088e+02
6.871473087489032423e+02
6.903008836338976835e+02
6.543086333413656348e+02
6.553370728077653666e+02
6.524577762785351069e+02
6.160543171877876603e+02
6.556113511635294344e+02
6.580792301591137630e+02
6.791262323585355034e+02
6.669231416167735915e+02
6.626726620441537534e+02
6.593819479812774489e+02
6.554055380289911454e+02
6.567767210723806102e+02
6.554055380289911454e+02
6.502639669032841994e+02
6.570509994281445643e+02
6.581479041157699612e+02
6.844049426621244265e+02
6.893411181241541499e+02
7.072343367031510297e+02
6.565024427166165424e+02
6.566395818944985194e+02
6.554742119856474574e+02
6.538974245431502368e+02
6.748070788292594671e+02
6.599989699140312496e+02
6.620556401114000664e+02
6.578051605387803420e+02
6.940714804516456979e+02
6.911921839224153246e+02
6.863244736816112663e+02
6.555426772068731225e+02
6.540345637210323275e+02
6.488927838598947346e+02
6.368268322960147998e+02
6.541030289422578790e+02
6.516349412112430173e+02
6.711049472327370040e+02
6.761782618726488181e+02
6.543773072980219467e+02
6.539658897643759019e+02
6.528689850767505050e+02
6.530061242546324820e+02
6.572566038272523201e+02
6.584221824715340290e+02
6.632896839769075541e+02
6.532117286537402379e+02
6.891353049896158609e+02
6.936600629179996531e+02
7.528242420931173911e+02
6.517036151678993292e+02
6.516349412112430173e+02
6.516349412112430173e+02
6.398432680031272639e+02
6.528005198555247262e+02
6.512237324130276193e+02
6.524577762785351069e+02
6.554055380289911454e+02
6.776863753584897268e+02
6.726132694540085595e+02
6.716535039442650259e+02
6.492355274368844675e+02
6.469732528404077812e+02
6.457392089749004072e+02
6.447107695085006753e+02
6.490983882590024905e+02
6.447107695085006753e+02
6.685683942804964772e+02
6.790575584018790778e+02
6.477958791722693377e+02
6.475902747731615818e+02
6.466305092634181619e+02
6.480701575280332918e+02
6.496469449705305124e+02
6.475902747731615818e+02
6.535546809661605039e+02
6.471788572395155370e+02
6.819370636665399843e+02
6.861188692825036242e+02
7.419923343947449439e+02
6.452593262200286972e+02
6.464246961288797593e+02
6.453964653979106743e+02
6.405974291137629280e+02
6.564339774953907636e+02
6.485500402829050017e+02
6.486871794607869788e+02
6.481386227492590706e+02
6.708308776124035830e+02
6.669916068379993703e+02
6.615070833998720445e+02
6.453277914412543623e+02
6.452593262200286972e+02
6.406661030704192399e+02
6.457392089749004072e+02
6.453277914412543623e+02
6.408717074695268821e+02
6.609587354237746695e+02
6.767952838054026188e+02
6.461504177731158052e+02
6.450535130854904082e+02
6.451221870421466065e+02
6.454649306191364531e+02
6.482757619271410476e+02
6.451906522633723853e+02
6.504695713023918415e+02
6.452593262200286972e+02
6.746699396513773763e+02
6.719277823000289800e+02
7.189575446900411180e+02
6.453277914412543623e+02
6.452593262200286972e+02
6.454649306191364531e+02
6.431339820660035684e+02
6.556798163847550995e+02
6.511550584563714210e+02
6.484129011050230247e+02
6.508123148793815744e+02
6.873529131480109982e+02
6.752184963629053982e+02
6.798801847337406343e+02
6.464933700855361849e+02
6.466305092634181619e+02
6.422428905129163468e+02
6.169454087408748819e+02
6.470417180616335600e+02
6.477958791722693377e+02
6.698024381460038512e+02
6.578736257600060071e+02
6.558856295192933885e+02
6.463562309076542078e+02
6.479330183501513147e+02
6.467674397058696059e+02
6.454649306191364531e+02
6.411459858252909498e+02
6.453277914412543623e+02
6.481386227492590706e+02
6.667860024388916145e+02
6.657575629724917690e+02
6.739157785407417123e+02
6.473844616386232929e+02
6.490983882590024905e+02
6.492355274368844675e+02
6.502639669032841994e+02
6.564339774953907636e+02
6.497840841484124894e+02
6.532117286537402379e+02
6.517720803891251080e+02
6.892039789462721728e+02
6.614386181786463794e+02
6.751498224062490863e+02
6.491670622156586887e+02
6.489612490811205134e+02
6.499210145908638196e+02
6.365525539402508457e+02
6.514293368121353751e+02
6.539658897643759019e+02
6.715163647663830488e+02
6.562283730962831214e+02
6.719962475212547588e+02
6.490299230377767117e+02
6.490299230377767117e+02
6.506067104802738186e+02
6.453964653979106743e+02
6.423113557341421256e+02
6.329190963003848083e+02
6.504011060811661764e+02
6.660318413282558367e+02
6.634952883760153100e+02
6.586962520918674500e+02
6.501268277254022223e+02
6.490983882590024905e+02
6.504011060811661764e+02
6.493042013935406658e+02
6.563655122741652121e+02
6.502639669032841994e+02
6.547887248316678779e+02
6.561596991396268095e+02
6.975677989136297583e+02
6.614386181786463794e+02
6.800173239116226114e+02
6.491670622156586887e+02
6.487556446820127576e+02
6.453964653979106743e+02
6.241438587993812916e+02
6.502639669032841994e+02
6.497154101917561775e+02
6.656206325300404387e+02
6.583535085148777171e+02
6.602045743131388917e+02
6.490299230377767117e+02
6.478643443934950028e+02
6.480701575280332918e+02
6.493726666147664446e+02
6.464933700855361849e+02
6.522519631439968180e+02
6.478643443934950028e+02
6.815941113541198320e+02
6.727504086318905365e+02
7.230022111281225534e+02
6.477958791722693377e+02
6.478643443934950028e+02
6.479330183501513147e+02
6.421742165562601485e+02
6.547887248316678779e+02
6.529376590334068169e+02
6.506751757014995974e+02
6.528689850767505050e+02
6.905751619896616376e+02
6.615070833998720445e+02
6.593132740246212506e+02
6.481386227492590706e+02
6.475902747731615818e+02
6.439566083978648976e+02
6.406661030704192399e+02
6.489612490811205134e+02
6.440252823545213232e+02
6.629469403999178212e+02
6.824854116426375867e+02
6.507438496581559093e+02
6.502639669032841994e+02
6.503324321245098645e+02
6.490983882590024905e+02
6.550627944520014125e+02
6.569823254714883660e+02
6.603417134910208688e+02
6.504011060811661764e+02
6.907807663887692797e+02
6.870101695710212653e+02
7.288981520998959240e+02
6.516349412112430173e+02
6.517036151678993292e+02
6.515664759900173522e+02
6.477958791722693377e+02
6.534860070095043056e+02
6.485500402829050017e+02
6.497840841484124894e+02
6.928374365861382103e+02
6.659633761070300579e+02
6.549943292307756337e+02
6.541717028989143046e+02
6.525949154564170840e+02
6.525949154564170840e+02
6.565024427166165424e+02
6.612330137795386236e+02
6.534860070095043056e+02
6.580107649378879842e+02
6.849534993736524484e+02
7.141585084058933717e+02
6.536231461873862827e+02
6.540345637210323275e+02
6.526633806776427491e+02
6.528689850767505050e+02
6.544457725192476119e+02
6.456705350182442089e+02
6.495782710138742004e+02
6.381293413827480663e+02
6.628098012220357305e+02
6.706250644778654078e+02
6.613699442219900675e+02
6.581479041157699612e+02
6.550627944520014125e+02
6.541717028989143046e+02
6.577364865821239164e+02
6.553370728077653666e+02
6.584906476927596941e+02
6.552686075865397015e+02
7.161467133820365234e+02
6.654148193955020361e+02
6.732302913867622465e+02
6.540345637210323275e+02
6.540345637210323275e+02
6.554742119856474574e+02
6.507438496581559093e+02
6.477274139510435589e+02
6.376494586278763563e+02
6.543773072980219467e+02
6.656890977512661038e+02
6.746014744301517112e+02
6.637695667317792640e+02
6.525949154564170840e+02
6.528005198555247262e+02
6.530061242546324820e+02
6.530747982112887939e+02
6.595875523803852047e+02
6.531432634325145727e+02
6.584221824715340290e+02
6.558856295192933885e+02
6.879014698595390200e+02
6.811829025559043203e+02
6.758355182956590852e+02
6.530061242546324820e+02
6.541030289422578790e+02
6.497840841484124894e+02
6.234583716454018258e+02
6.532117286537402379e+02
6.527318458988685279e+02
6.735730349637518657e+02
6.652092149963943939e+02
6.551314684086577245e+02
6.514980107687915734e+02
6.514293368121353751e+02
6.530747982112887939e+02
6.562283730962831214e+02
6.519778935236633970e+02
6.603417134910208688e+02
6.519092195670070851e+02
6.878327959028827081e+02
6.918776710763947904e+02
7.501505499629946598e+02
6.516349412112430173e+02
6.517036151678993292e+02
6.516349412112430173e+02
6.432711212438855455e+02
6.565711166732728543e+02
6.545829116971297026e+02
6.547200508750116796e+02
6.565711166732728543e+02
6.755612399398950174e+02
6.774807709593819709e+02
6.626039880874975552e+02
6.517036151678993292e+02
6.503324321245098645e+02
6.462875569509977822e+02
6.463562309076542078e+02
6.530061242546324820e+02
6.498525493696382682e+02
6.743956612956134222e+02
6.924946930091485910e+02
6.526633806776427491e+02
6.514980107687915734e+02
6.515664759900173522e+02
6.516349412112430173e+02
6.564339774953907636e+02
6.583535085148777171e+02
6.593819479812774489e+02
6.520463587448890621e+02
6.840621990851346936e+02
7.063430364146332749e+02
7.282126649459163445e+02
6.517720803891251080e+02
6.515664759900173522e+02
6.514293368121353751e+02
6.425169601332497678e+02
6.528005198555247262e+02
6.487556446820127576e+02
6.507438496581559093e+02
6.783720712478997257e+02
6.540345637210323275e+02
6.561596991396268095e+02
6.514980107687915734e+02
6.502639669032841994e+02
6.502639669032841994e+02
6.554055380289911454e+02
6.571881386060265413e+02
6.511550584563714210e+02
6.541717028989143046e+02
6.851591037727600906e+02
6.992817255340088423e+02
6.508809888360378864e+02
6.490299230377767117e+02
6.488927838598947346e+02
6.488927838598947346e+02
6.492355274368844675e+02
6.433397952005417437e+02
6.454649306191364531e+02
6.357986015650457148e+02
6.581479041157699612e+02
6.682943246601629426e+02
6.537602853652682597e+02
6.481386227492590706e+02
6.475902747731615818e+02
6.477958791722693377e+02
6.573252777839085184e+02
6.486871794607869788e+02
6.475902747731615818e+02
6.457392089749004072e+02
7.254702988591375288e+02
6.477274139510435589e+02
6.572566038272523201e+02
6.465618353067618500e+02
6.473159964173975141e+02
6.462875569509977822e+02
6.504695713023918415e+02
6.517036151678993292e+02
6.466989744846438271e+02
6.475902747731615818e+02
6.833767119311552278e+02
7.657130287242893019e+02
6.456020697970184301e+02
6.465618353067618500e+02
6.453277914412543623e+02
6.443680259315109424e+02
6.451221870421466065e+02
6.510865932351456422e+02
6.480014835713769799e+02
6.452593262200286972e+02
6.693912293477884532e+02
6.916720666772870345e+02
7.214940976422817585e+02
6.430655168447777896e+02
6.431339820660035684e+02
6.438881431766392325e+02
6.252407634870066886e+02
6.429968428881214777e+02
6.434082604217675225e+02
6.446423042872750102e+02
6.503324321245098645e+02
6.511550584563714210e+02
6.632210100202512422e+02
6.435453995996494996e+02
6.443680259315109424e+02
6.440937475757469883e+02
6.396376636040195081e+02
6.286001515065393050e+02
6.431339820660035684e+02
6.424484949120241026e+02
6.594504132025032277e+02
6.602730395343646705e+02
6.490299230377767117e+02
6.452593262200286972e+02
6.429283776668958126e+02
6.454649306191364531e+02
6.492355274368844675e+02
6.463562309076542078e+02
6.526633806776427491e+02
6.469732528404077812e+02
6.820739941089915419e+02
6.735045697425262006e+02
7.365764849132740437e+02
6.464933700855361849e+02
6.466305092634181619e+02
6.476587399943873606e+02
6.440252823545213232e+02
6.571194646493703431e+02
6.523891023218787950e+02
6.512237324130276193e+02
6.535546809661605039e+02
6.758355182956590852e+02
6.665117240831275467e+02
6.513608715909095963e+02
6.505380365236176203e+02
6.521148239661147272e+02
6.471788572395155370e+02
6.324392135455130983e+02
6.530747982112887939e+02
6.521834979227710392e+02
6.691169509920244991e+02
6.610958746016566465e+02
6.589020652264057389e+02
6.525949154564170840e+02
6.530061242546324820e+02
6.532117286537402379e+02
6.492355274368844675e+02
6.463562309076542078e+02
6.351129056756356022e+02
6.530061242546324820e+02
6.645921930636407069e+02
6.678829071265170114e+02
6.578736257600060071e+02
6.540345637210323275e+02
6.539658897643759019e+02
6.543773072980219467e+02
6.545829116971297026e+02
6.475216008165052699e+02
6.500581537687459104e+02
6.403231507579988602e+02
6.625355228662717764e+02
6.608900614671183575e+02
6.584906476927596941e+02
6.540345637210323275e+02
6.539658897643759019e+02
6.539658897643759019e+02
6.626726620441537534e+02
6.540345637210323275e+02
6.501952929466278874e+02
6.495782710138742004e+02
7.104563768093710223e+02
6.619869661547437545e+02
6.580107649378879842e+02
6.527318458988685279e+02
6.527318458988685279e+02
6.527318458988685279e+02
6.569138602502625872e+02
6.652776802176200590e+02
6.543773072980219467e+02
6.528689850767505050e+02
6.846792210178883806e+02
7.579660219542547566e+02
6.540345637210323275e+02
6.531432634325145727e+02
6.525262414997607721e+02
6.521834979227710392e+02
6.553370728077653666e+02
6.602730395343646705e+02
6.565024427166165424e+02
6.533488678316222149e+02
6.944826892498610960e+02
7.030523223517569704e+02
7.269099471237526586e+02
6.543773072980219467e+02
6.541717028989143046e+02
6.540345637210323275e+02
6.403918247146551721e+02
6.599302959573748240e+02
6.584221824715340290e+02
6.569823254714883660e+02
6.583535085148777171e+02
6.988703080003629111e+02
6.859132648833958683e+02
6.556798163847550995e+02
6.555426772068731225e+02
6.527318458988685279e+02
6.493726666147664446e+02
6.174252914957465919e+02
6.535546809661605039e+02
6.555426772068731225e+02
6.757668443390027733e+02
6.567767210723806102e+02
6.693225553911321413e+02
6.550627944520014125e+02
6.541030289422578790e+02
6.531432634325145727e+02
6.485500402829050017e+02
6.462190917297721171e+02
6.343587445650000518e+02
6.542401681201398560e+02
6.689113465929167432e+02
6.778921884930280157e+02
6.582850432936519383e+02
6.525949154564170840e+02
6.528689850767505050e+02
6.518407543457814199e+02
6.531432634325145727e+02
6.537602853652682597e+02
6.480014835713769799e+02
6.533488678316222149e+02
6.527318458988685279e+02
6.892724441674978380e+02
6.638380319530049292e+02
6.483442271483667128e+02
6.514980107687915734e+02
6.491670622156586887e+02
6.545144464759039238e+02
6.490299230377767117e+02
6.556798163847550995e+02
6.488927838598947346e+02
7.094281460784019373e+02
6.488243186386690695e+02
6.719962475212547588e+02
6.477958791722693377e+02
6.473159964173975141e+02
6.464246961288797593e+02
6.447107695085006753e+02
6.471103920182897582e+02
6.420370773783781715e+02
6.490983882590024905e+02
6.714478995451573837e+02
6.907120924321130815e+02
6.471788572395155370e+02
6.464246961288797593e+02
6.460134873306643613e+02
6.454649306191364531e+02
6.469045788837515829e+02
6.396376636040195081e+02
6.418999382004960808e+02
6.340160009880102052e+02
6.507438496581559093e+02
6.624668489096154644e+02
6.523206371006531299e+02
6.451906522633723853e+02
6.451906522633723853e+02
6.466989744846438271e+02
6.523206371006531299e+02
6.467674397058696059e+02
6.486871794607869788e+02
6.451906522633723853e+02
7.175176876899953413e+02
6.497840841484124894e+02
6.546515856537859008e+02
6.451221870421466065e+02
6.447107695085006753e+02
6.450535130854904082e+02
6.489612490811205134e+02
6.502639669032841994e+02
6.454649306191364531e+02
6.493726666147664446e+02
6.797432542912890767e+02
7.494650628090153077e+02
6.466989744846438271e+02
6.466305092634181619e+02
6.466989744846438271e+02
6.453277914412543623e+02
6.471788572395155370e+02
6.507438496581559093e+02
6.504695713023918415e+02
6.472473224607413158e+02
6.685683942804964772e+02
6.865302868161495553e+02
7.049718533712438102e+02
6.480014835713769799e+02
6.464246961288797593e+02
6.463562309076542078e+02
6.268862248861601074e+02
6.508123148793815744e+02
6.498525493696382682e+02
6.508123148793815744e+02
6.523206371006531299e+02
6.782349320700177486e+02
6.658262369291480809e+02
6.477958791722693377e+02
6.492355274368844675e+02
6.478643443934950028e+02
6.477274139510435589e+02
6.400490811376654392e+02
6.528689850767505050e+02
6.510865932351456422e+02
6.831708987966169389e+02
6.529376590334068169e+02
6.664432588619017679e+02
6.490983882590024905e+02
6.490983882590024905e+02
6.490299230377767117e+02
6.466989744846438271e+02
6.508123148793815744e+02
6.448479086863826524e+02
6.545144464759039238e+02
6.731618261655365814e+02
6.901637444560155927e+02
6.519092195670070851e+02
6.516349412112430173e+02
6.525949154564170840e+02
6.528689850767505050e+02
6.520463587448890621e+02
6.439566083978648976e+02
6.483442271483667128e+02
6.445736303306186983e+02
6.620556401114000664e+02
6.674714895928709666e+02
6.605473178901286246e+02
6.542401681201398560e+02
6.540345637210323275e+02
6.551999336298833896e+02
6.618500357122924243e+02
6.555426772068731225e+02
6.515664759900173522e+02
6.547200508750116796e+02
7.293093608981113221e+02
6.615757573565283565e+02
6.565711166732728543e+02
6.551999336298833896e+02
6.561596991396268095e+02
6.553370728077653666e+02
6.608900614671183575e+02
6.621241053326257315e+02
6.557484903414114115e+02
6.593132740246212506e+02
6.846107557966627155e+02
7.185461271563951868e+02
6.584906476927596941e+02
6.552686075865397015e+02
6.553370728077653666e+02
6.564339774953907636e+02
6.582163693369957400e+02
6.484813663262486898e+02
6.558169555626371903e+02
6.508809888360378864e+02
6.681571854822809655e+02
6.665117240831275467e+02
6.680885115256247673e+02
6.567082558511548314e+02
6.578051605387803420e+02
6.564339774953907636e+02
6.685683942804964772e+02
6.570509994281445643e+02
6.567767210723806102e+02
6.537602853652682597e+02
7.367136240911560208e+02
6.586277868706416712e+02
6.609587354237746695e+02
6.555426772068731225e+02
6.552686075865397015e+02
6.561596991396268095e+02
6.614386181786463794e+02
6.617128965344103335e+02
6.556113511635294344e+02
6.576680213608983649e+02
6.900952792347899276e+02
7.493279236311333307e+02
6.544457725192476119e+02
6.555426772068731225e+02
6.554742119856474574e+02
6.532117286537402379e+02
6.563655122741652121e+02
6.609587354237746695e+02
6.582850432936519383e+02
6.545144464759039238e+02
6.881070742586467759e+02
7.007900477552802840e+02
7.198486362431283396e+02
6.528689850767505050e+02
6.528689850767505050e+02
6.528689850767505050e+02
6.408030335128705701e+02
6.599989699140312496e+02
6.561596991396268095e+02
6.556798163847550995e+02
6.521834979227710392e+02
7.060002928376435420e+02
6.645921930636407069e+02
6.514980107687915734e+02
6.502639669032841994e+02
6.504011060811661764e+02
6.499896885475202453e+02
6.462190917297721171e+02
6.551314684086577245e+02
6.521834979227710392e+02
6.955795939374866066e+02
6.512921976342533981e+02
6.815941113541198320e+02
6.501268277254022223e+02
6.497154101917561775e+02
6.509494540572636652e+02
6.502639669032841994e+02
6.556798163847550995e+02
6.508123148793815744e+02
6.540345637210323275e+02
6.885869570135184858e+02
7.481625537222821549e+02
6.517720803891251080e+02
6.502639669032841994e+02
6.503324321245098645e+02
6.502639669032841994e+02
6.514980107687915734e+02
6.493726666147664446e+02
6.548571900528936567e+02
6.507438496581559093e+02
6.690482770353681872e+02
6.766581446275205280e+02
6.724761302761264687e+02
6.519092195670070851e+02
6.514980107687915734e+02
6.526633806776427491e+02
6.542401681201398560e+02
6.523206371006531299e+02
6.456705350182442089e+02
6.506751757014995974e+02
6.779606537142536808e+02
6.538974245431502368e+02
6.569138602502625872e+02
6.528005198555247262e+02
6.516349412112430173e+02
6.516349412112430173e+02
6.552686075865397015e+02
6.618500357122924243e+02
6.526633806776427491e+02
6.501268277254022223e+02
6.788519540027714356e+02
7.618737579498848618e+02
6.517720803891251080e+02
6.528689850767505050e+02
6.517720803891251080e+02
6.511550584563714210e+02
6.641807755299946621e+02
6.597931567794928469e+02
6.549943292307756337e+02
6.519778935236633970e+02
6.813200417337864110e+02
6.953055243171530719e+02
7.261557860131169946e+02
6.517036151678993292e+02
6.528005198555247262e+02
6.516349412112430173e+02
6.165341999426593702e+02
6.502639669032841994e+02
6.497154101917561775e+02
6.524577762785351069e+02
6.652092149963943939e+02
6.537602853652682597e+02
6.581479041157699612e+02
6.501952929466278874e+02
6.494411318359922234e+02
6.504011060811661764e+02
6.542401681201398560e+02
6.587649260485237619e+02
6.506751757014995974e+02
6.479330183501513147e+02
6.791262323585355034e+02
7.562520953338756726e+02
6.504695713023918415e+02
6.491670622156586887e+02
6.504695713023918415e+02
6.482757619271410476e+02
6.651405410397380820e+02
6.547887248316678779e+02
6.532804026103965498e+02
6.502639669032841994e+02
6.819370636665399843e+02
6.817999244886580072e+02
7.149811347377548145e+02
6.504695713023918415e+02
6.515664759900173522e+02
6.500581537687459104e+02
6.168769435196491031e+02
6.493726666147664446e+02
6.503324321245098645e+02
6.520463587448890621e+02
6.595190871591594259e+02
6.700767165017679190e+02
6.562968383175087865e+02
6.515664759900173522e+02
6.544457725192476119e+02
6.515664759900173522e+02
6.455336045757926513e+02
6.402546855367731951e+02
6.514980107687915734e+02
6.503324321245098645e+02
6.629469403999178212e+02
6.623983836883897993e+02
6.544457725192476119e+02
6.527318458988685279e+02
6.514293368121353751e+02
6.531432634325145727e+02
6.613699442219900675e+02
6.513608715909095963e+02
6.568453950290368084e+02
6.531432634325145727e+02
6.798801847337406343e+02
6.772064926036180168e+02
6.907120924321130815e+02
6.512921976342533981e+02
6.503324321245098645e+02
6.519092195670070851e+02
6.282571991941190390e+02
6.579422997166623190e+02
6.547200508750116796e+02
6.572566038272523201e+02
6.554055380289911454e+02
7.040807618181567022e+02
6.673343504149889895e+02
6.490299230377767117e+02
6.490983882590024905e+02
6.490983882590024905e+02
6.404602899358808372e+02
6.331247006994924504e+02
6.504011060811661764e+02
6.512921976342533981e+02
6.711736211893934296e+02
6.506067104802738186e+02
6.670602807946555686e+02
6.477274139510435589e+02
6.477958791722693377e+02
6.466989744846438271e+02
6.447107695085006753e+02
6.419686121571523927e+02
6.291484994826366801e+02
6.478643443934950028e+02
6.656890977512661038e+02
6.670602807946555686e+02
6.526633806776427491e+02
6.463562309076542078e+02
6.477274139510435589e+02
6.482072967059152688e+02
6.342902793437742730e+02
6.469732528404077812e+02
6.436825387775314766e+02
6.432026560226597667e+02
6.563655122741652121e+02
6.599302959573748240e+02
6.543086333413656348e+02
6.460819525518901401e+02
6.477958791722693377e+02
6.478643443934950028e+02
6.593819479812774489e+02
6.488927838598947346e+02
6.501952929466278874e+02
6.480701575280332918e+02
7.249219508830400400e+02
6.523891023218787950e+02
6.584906476927596941e+02
6.490983882590024905e+02
6.482072967059152688e+02
6.489612490811205134e+02
6.286686167277650839e+02
6.516349412112430173e+02
6.451221870421466065e+02
6.530061242546324820e+02
6.706937384345216060e+02
6.798117195125148555e+02
6.507438496581559093e+02
6.517036151678993292e+02
6.501952929466278874e+02
6.515664759900173522e+02
6.298341953720466790e+02
6.440937475757469883e+02
6.474531355952796048e+02
6.375123194499942656e+02
6.596562263370415167e+02
6.642494494866509740e+02
6.548571900528936567e+02
6.513608715909095963e+02
6.526633806776427491e+02
6.528689850767505050e+02
6.667860024388916145e+02
6.532804026103965498e+02
6.521148239661147272e+02
6.507438496581559093e+02
7.452145832363954696e+02
6.586962520918674500e+02
6.598618307361491588e+02
6.539658897643759019e+02
6.525262414997607721e+02
6.516349412112430173e+02
6.761095879159926199e+02
6.577364865821239164e+02
6.547200508750116796e+02
6.547200508750116796e+02
6.917405318985128133e+02
7.506304327178664835e+02
6.541717028989143046e+02
6.540345637210323275e+02
6.541717028989143046e+02
6.534860070095043056e+02
6.373067150508865097e+02
6.599302959573748240e+02
6.582163693369957400e+02
6.541717028989143046e+02
6.967451725817682018e+02
7.014755349092597498e+02
7.060002928376435420e+02
6.543773072980219467e+02
6.539658897643759019e+02
6.540345637210323275e+02
5.871233777758801580e+02
6.551314684086577245e+02
6.573252777839085184e+02
6.579422997166623190e+02
6.667175372176658357e+02
6.863931476382675783e+02
6.635637535972408614e+02
6.527318458988685279e+02
6.543086333413656348e+02
6.527318458988685279e+02
6.430655168447777896e+02
6.313423088578875877e+02
6.541717028989143046e+02
6.534860070095043056e+02
6.811142285992480083e+02
6.613014790007644024e+02
6.562968383175087865e+02
6.538974245431502368e+02
6.541717028989143046e+02
6.543773072980219467e+02
7.395929206203862805e+02
6.504011060811661764e+02
6.555426772068731225e+02
6.528689850767505050e+02
6.874900523258929752e+02
6.680200463043989885e+02
6.641807755299946621e+02
6.526633806776427491e+02
6.529376590334068169e+02
6.545144464759039238e+02
6.021372998256466644e+02
6.570509994281445643e+02
6.527318458988685279e+02
6.565024427166165424e+02
6.696652989681218742e+02
6.811829025559043203e+02
6.654834933521584617e+02
6.521148239661147272e+02
6.528005198555247262e+02
6.528689850767505050e+02
6.513608715909095963e+02
6.506067104802738186e+02
6.563655122741652121e+02
6.558856295192933885e+02
7.075770802801407626e+02
6.538287505864939249e+02
6.642494494866509740e+02
6.526633806776427491e+02
6.528005198555247262e+02
6.514980107687915734e+02
6.458763481527823842e+02
6.507438496581559093e+02
6.436825387775314766e+02
6.545829116971297026e+02
6.901637444560155927e+02
6.883126786577544181e+02
6.520463587448890621e+02
6.517036151678993292e+02
6.528005198555247262e+02
6.517720803891251080e+02
6.246924155109093135e+02
6.451906522633723853e+02
6.486185055041306668e+02
6.394320592049117522e+02
6.720649214779110707e+02
6.628098012220357305e+02
6.548571900528936567e+02
6.515664759900173522e+02
6.512921976342533981e+02
6.517036151678993292e+02
6.648664714194046610e+02
6.536918201440424809e+02
6.538974245431502368e+02
6.490983882590024905e+02
7.496022019868972848e+02
6.542401681201398560e+02
6.563655122741652121e+02
6.515664759900173522e+02
6.507438496581559093e+02
6.514980107687915734e+02
6.505380365236176203e+02
6.559540947405191673e+02
6.497840841484124894e+02
6.535546809661605039e+02
6.910550447445333475e+02
7.456944659912672932e+02
6.494411318359922234e+02
6.490299230377767117e+02
6.490299230377767117e+02
6.486871794607869788e+02
6.139289730337625315e+02
6.373753890075428217e+02
6.529376590334068169e+02
6.483442271483667128e+02
6.696652989681218742e+02
6.767952838054026188e+02
6.864616128594932434e+02
6.505380365236176203e+02
6.502639669032841994e+02
6.486871794607869788e+02
6.415571946235063479e+02
6.139976469904188434e+02
6.451906522633723853e+02
6.501952929466278874e+02
6.593132740246212506e+02
6.661005152849121487e+02
6.608900614671183575e+02
6.491670622156586887e+02
6.504011060811661764e+02
6.489612490811205134e+02
6.375123194499942656e+02
6.343587445650000518e+02
6.488927838598947346e+02
6.480014835713769799e+02
6.699395773238858283e+02
6.578051605387803420e+02
6.602730395343646705e+02
6.489612490811205134e+02
6.491670622156586887e+02
6.455336045757926513e+02
7.396613858416120593e+02
6.247608807321349786e+02
6.222927930011201170e+02
6.493726666147664446e+02
6.693225553911321413e+02
6.633581491981332192e+02
6.511550584563714210e+02
6.490983882590024905e+02
6.490299230377767117e+02
6.506751757014995974e+02
6.079645668407636094e+02
6.970879161587579347e+02
6.413515902243985920e+02
6.354556492526254488e+02
6.580792301591137630e+02
6.654834933521584617e+02
6.509494540572636652e+02
6.485500402829050017e+02
6.488243186386690695e+02
6.494411318359922234e+02
6.724076650549008036e+02
5.649796796242635537e+02
6.508123148793815744e+02
6.483442271483667128e+02
7.269099471237526586e+02
6.528005198555247262e+02
6.658947021503738597e+02
6.490983882590024905e+02
6.497154101917561775e+02
6.504011060811661764e+02
6.736417089204081776e+02
7.027095787747672375e+02
6.517720803891251080e+02
6.529376590334068169e+02
6.921519494321587445e+02
7.384275507115351047e+02
6.532117286537402379e+02
6.516349412112430173e+02
6.529376590334068169e+02
6.498525493696382682e+02
6.143403905674084626e+02
6.057707574655127019e+02
6.589020652264057389e+02
6.523891023218787950e+02
6.866674259940315324e+02
6.973621945145220025e+02
6.886554222347441510e+02
6.530061242546324820e+02
6.529376590334068169e+02
6.537602853652682597e+02
6.019316954265389086e+02
6.199620531834177655e+02
6.560912339184011444e+02
6.573937430051342972e+02
6.673343504149889895e+02
6.909863707878770356e+02
6.750813571850234212e+02
6.553370728077653666e+02
6.554742119856474574e+02
6.550627944520014125e+02
6.418999382004960808e+02
6.091301454850453183e+02
6.553370728077653666e+02
6.553370728077653666e+02
6.882442134365287529e+02
6.641123103087688833e+02
6.623299184671640205e+02
6.551999336298833896e+02
6.567082558511548314e+02
6.558169555626371903e+02
6.977049380915117354e+02
6.830339683541654949e+02
6.448479086863826524e+02
6.568453950290368084e+02
6.901637444560155927e+02
6.744643352522696205e+02
6.667175372176658357e+02
6.575308821830162742e+02
6.566395818944985194e+02
6.567767210723806102e+02
6.084444495956353194e+02
6.990761211349010864e+02
6.571194646493703431e+02
6.617128965344103335e+02
6.716535039442650259e+02
6.985275644233731782e+02
6.763154010505307951e+02
6.575308821830162742e+02
6.578051605387803420e+02
6.586962520918674500e+02
6.451221870421466065e+02
5.590839473879208299e+02
6.590392044042877160e+02
6.587649260485237619e+02
6.948941067835070271e+02
6.574624169617906091e+02
6.675401635495272785e+02
6.565711166732728543e+02
6.554055380289911454e+02
6.556113511635294344e+02
7.081941022128943359e+02
6.765894706708642161e+02
6.387463633155017533e+02
6.551999336298833896e+02
6.908492316099950585e+02
6.713792255885010718e+02
6.623299184671640205e+02
6.552686075865397015e+02
6.554055380289911454e+02
6.560225599617448324e+02
6.043995744221232371e+02
7.155981566705085015e+02
6.526633806776427491e+02
6.564339774953907636e+02
6.804287414452686562e+02
6.784405364691255045e+02
6.579422997166623190e+02
6.538974245431502368e+02
6.525262414997607721e+02
6.543773072980219467e+02
6.667860024388916145e+02
5.402309632991806438e+02
6.606844570680106017e+02
6.548571900528936567e+02
7.426093563274986309e+02
6.538974245431502368e+02
6.620556401114000664e+02
6.540345637210323275e+02
6.529376590334068169e+02
6.540345637210323275e+02
6.409401726907526609e+02
6.297655214153904808e+02
6.534175417882785268e+02
6.578736257600060071e+02
6.969507769808759576e+02
7.043548314384901232e+02
6.520463587448890621e+02
6.527318458988685279e+02
6.525949154564170840e+02
6.530747982112887939e+02
6.376494586278763563e+02
6.514980107687915734e+02
6.475216008165052699e+02
6.421057513350343697e+02
6.699395773238858283e+02
6.627411272653795322e+02
6.549256552741194355e+02
6.525949154564170840e+02
6.512921976342533981e+02
6.519092195670070851e+02
6.640436363521126850e+02
5.605235956525360734e+02
6.543773072980219467e+02
6.518407543457814199e+02
7.412383820195396993e+02
6.521834979227710392e+02
6.583535085148777171e+02
6.526633806776427491e+02
6.517720803891251080e+02
6.514980107687915734e+02
6.305196825260262585e+02
6.388150372721580652e+02
6.484813663262486898e+02
6.535546809661605039e+02
6.915349274994050575e+02
6.853647081718678464e+02
6.517036151678993292e+02
6.514980107687915734e+02
6.513608715909095963e+02
6.510865932351456422e+02
6.170140826975311938e+02
7.133358820740319288e+02
6.449850478642646294e+02
6.375809934066505775e+02
6.796745803346328785e+02
6.556113511635294344e+02
6.510179192784893303e+02
6.488243186386690695e+02
6.488927838598947346e+02
6.495782710138742004e+02
6.631525447990255770e+02
5.450984648045541689e+02
6.548571900528936567e+02
6.501952929466278874e+02
7.318461225857824957e+02
6.501952929466278874e+02
6.591761348467391599e+02
6.488927838598947346e+02
6.501268277254022223e+02
6.477958791722693377e+02
6.344958837428820289e+02
6.214701666692585604e+02
6.279144556171293061e+02
6.490983882590024905e+02
6.826910160417451152e+02
6.656206325300404387e+02
6.549943292307756337e+02
6.488927838598947346e+02
6.492355274368844675e+02
6.495782710138742004e+02
6.331933746561487624e+02
7.219053064404971565e+02
6.491670622156586887e+02
6.525262414997607721e+02
6.658947021503738597e+02
6.832395727532731371e+02
6.542401681201398560e+02
6.488243186386690695e+02
6.477958791722693377e+02
6.483442271483667128e+02
6.367583670747891347e+02
5.744406130146770693e+02
6.495098057926484216e+02
6.490299230377767117e+02
6.814569721762377412e+02
6.690482770353681872e+02
6.478643443934950028e+02
6.488243186386690695e+02
6.490299230377767117e+02
6.503324321245098645e+02
7.201229145988922937e+02
7.047662489721360544e+02
6.565024427166165424e+02
6.495098057926484216e+02
7.071656627464947178e+02
6.841993382630166707e+02
6.943457588074096520e+02
6.505380365236176203e+02
6.516349412112430173e+02
6.496469449705305124e+02
6.217444450250226282e+02
6.186593353612540795e+02
6.487556446820127576e+02
6.541030289422578790e+02
6.790575584018790778e+02
6.589705304476315177e+02
6.532117286537402379e+02
6.516349412112430173e+02
6.531432634325145727e+02
6.519092195670070851e+02
6.541030289422578790e+02
6.792631628009868336e+02
6.529376590334068169e+02
6.512237324130276193e+02
7.038749486836182996e+02
7.371248328893714188e+02
6.541030289422578790e+02
6.515664759900173522e+02
6.530747982112887939e+02
6.523891023218787950e+02
7.041492270393823674e+02
6.751498224062490863e+02
6.621927792892820435e+02
6.560225599617448324e+02
7.137470908722473268e+02
6.887925614126261280e+02
7.009271869331622611e+02
6.541030289422578790e+02
6.541030289422578790e+02
6.536918201440424809e+02
5.988465857627702462e+02
6.319593307906413884e+02
6.582163693369957400e+02
6.566395818944985194e+02
6.715850387230393608e+02
6.871473087489032423e+02
6.603417134910208688e+02
6.554055380289911454e+02
6.543773072980219467e+02
6.548571900528936567e+02
6.454649306191364531e+02
6.425169601332497678e+02
6.538287505864939249e+02
6.512921976342533981e+02
6.876271915037749523e+02
6.663061196840197908e+02
6.546515856537859008e+02
6.526633806776427491e+02
6.529376590334068169e+02
6.532117286537402379e+02
7.070971975252689390e+02
6.592448088033954718e+02
6.583535085148777171e+02
6.530061242546324820e+02
7.019554176641314598e+02
6.665803980397838586e+02
6.750813571850234212e+02
6.526633806776427491e+02
6.515664759900173522e+02
6.532804026103965498e+02
6.003549079840418017e+02
6.616442225777540216e+02
6.564339774953907636e+02
6.563655122741652121e+02
6.717219691654908047e+02
7.009271869331622611e+02
6.588333912697494270e+02
6.528689850767505050e+02
6.530747982112887939e+02
6.505380365236176203e+02
6.437510039987572554e+02
6.463562309076542078e+02
6.519778935236633970e+02
6.501268277254022223e+02
6.947569676056250501e+02
7.049718533712438102e+02
6.513608715909095963e+02
6.530747982112887939e+02
6.530061242546324820e+02
6.501952929466278874e+02
6.713107603672754067e+02
6.571881386060265413e+02
6.558169555626371903e+02
6.526633806776427491e+02
6.930430409852459661e+02
6.839937338639089148e+02
6.590392044042877160e+02
6.532117286537402379e+02
6.515664759900173522e+02
6.524577762785351069e+02
6.592448088033954718e+02
5.888373043962592419e+02
6.477958791722693377e+02
6.503324321245098645e+02
7.414439864186474551e+02
6.556113511635294344e+02
6.543086333413656348e+02
6.529376590334068169e+02
6.537602853652682597e+02
6.544457725192476119e+02
6.706937384345216060e+02
6.719277823000289800e+02
6.543086333413656348e+02
6.557484903414114115e+02
7.077826846792484048e+02
7.432950522169086298e+02
6.541717028989143046e+02
6.528689850767505050e+02
6.526633806776427491e+02
6.495098057926484216e+02
6.292856386605186572e+02
6.395005244261374173e+02
6.578736257600060071e+02
6.523206371006531299e+02
6.888612353692824399e+02
