1.126180845729029212e+00
1.165680675235071906e+00
1.133475357915499693e+00
1.134089004730560291e+00
1.110753972499533448e+00
1.142011277574267236e+00
1.168302771884095925e+00
1.131058417209250822e+00
1.166976733353144224e+00
1.223369202645608445e+00
1.211465654518588897e+00
1.185007393279816856e+00
1.117289159178594948e+00
1.107537177171344700e+00
1.148618140004523891e+00
1.058029613525933277e+00
1.113730950735833281e+00
1.120518806691804370e+00
1.095287750378562519e+00
1.119827334547750075e+00
1.097278687775884887e+00
1.142228496397842408e+00
1.228799294300930267e+00
1.246906191519135509e+00
1.323873731038687218e+00
1.370707310888273467e+00
1.416530150834234725e+00
1.308162555967827156e+00
1.222808963361389889e+00
1.489744230061815999e+00
1.418258547358636878e+00
1.421360207334078751e+00
1.512151555016117088e+00
1.431871924961622966e+00
1.512009739138207243e+00
1.451926018301583632e+00
1.379292546212181225e+00
1.476534618479864003e+00
1.387055963589373109e+00
1.362137744122509098e+00
1.394327510029790052e+00
1.448286506072030244e+00
1.340936862671929353e+00
1.409532400750322489e+00
1.364126743966110222e+00
1.289027793238983977e+00
1.259376992100337045e+00
1.273043378623661459e+00
1.268497166803322695e+00
1.260114936034542277e+00
1.200047767855460412e+00
1.242644322035505899e+00
1.219085274602517810e+00
1.249699346219457219e+00
1.241260897231461824e+00
1.210782204562224740e+00
1.281098929101863293e+00
1.231073710484125172e+00
1.323697027996052045e+00
1.310094582231143168e+00
1.319106600886946534e+00
1.312014678818825386e+00
1.273659639534339805e+00
1.275517204273856731e+00
1.263147320058269241e+00
1.317629454372125641e+00
1.335363868690434108e+00
1.347388824122724982e+00
1.344791779210668947e+00
1.302792158270360101e+00
1.354767658500698690e+00
1.333381248945860076e+00
1.338506207336701337e+00
1.315366831206633114e+00
1.350882537160829511e+00
1.363761061558907972e+00
1.346790041169564800e+00
1.392532150282467462e+00
1.376518226976877646e+00
1.361344274002920685e+00
1.386099245328846763e+00
1.391175566149348342e+00
1.394670671530230388e+00
1.371755973733113754e+00
1.377592545653464340e+00
1.492735185898895089e+00
1.496188141441051167e+00
1.468060423708650530e+00
1.490869938871385081e+00
1.569441798095171814e+00
1.513182318027188611e+00
1.481565290132926371e+00
1.473969980002616476e+00
1.435004029713377705e+00
1.437004463940181553e+00
1.475506848233519630e+00
1.443254231374327068e+00
1.384829720041370837e+00
1.357888207935013192e+00
1.318650638487579130e+00
1.304688104458629372e+00
1.277668974666351431e+00
1.233579787308078268e+00
1.228021449916882668e+00
1.196916166088026978e+00
1.239905614921536614e+00
1.115814805168891422e+00
1.041783999464654720e+00
1.043965866944694731e+00
1.081256799359507692e+00
1.127441836857878688e+00
1.027942291736888558e+00
1.037375156706400903e+00
1.062384858023991852e+00
1.023106233140352650e+00
1.014555830325059471e+00
9.789186543022357911e-01
9.422643179163288085e-01
9.858637031079602320e-01
9.483483196249522518e-01
9.123269142176947399e-01
9.403818794038001361e-01
9.367742795243720888e-01
9.215603521593441760e-01
9.258367025971702136e-01
9.270941653489139789e-01
8.916387908610482471e-01
8.645297838175952654e-01
8.967701592782999498e-01
8.558069820337300682e-01
8.877241097801041869e-01
8.469907501367499592e-01
8.461872038719748801e-01
8.377820328003076078e-01
8.197690610759413854e-01
8.020584708133799978e-01
7.947884558251233633e-01
7.980678821709028536e-01
7.678504206028839985e-01
7.929096019720895949e-01
7.672039735675529881e-01
7.578654595747859046e-01
7.617853438187244253e-01
7.353734828639727494e-01
7.246073411499115435e-01
7.271735418118199235e-01
6.998499300733962425e-01
6.953371978070913562e-01
6.938377509018318623e-01
6.699587198295315904e-01
6.645705959097765181e-01
6.545957613375689155e-01
6.748018153646651029e-01
6.689605337861412870e-01
6.442295787675574870e-01
6.590505798170973595e-01
6.089614517161012763e-01
6.331727049265951646e-01
6.335786256016499030e-01
6.026885767690212115e-01
6.031255824886883055e-01
5.872128082759878742e-01
5.875364203949163810e-01
5.964663426631655607e-01
5.866430050122426465e-01
5.823232058204962369e-01
5.660092684593533985e-01
5.680794440228330577e-01
5.668760024997422375e-01
5.608054402917135306e-01
5.575856598900332806e-01
5.443501698394352939e-01
5.416133524569543001e-01
5.425666507201332145e-01
5.499060540748844650e-01
5.496378209753814970e-01
5.379673340895670952e-01
5.340404756897301208e-01
5.366738540476582164e-01
5.380154728209324277e-01
5.365493767058175933e-01
5.264294085925614874e-01
5.460291694682049002e-01
5.163572676463067390e-01
5.244483013372619462e-01
5.244089332424572980e-01
5.246450583107737931e-01
5.148227313083647561e-01
5.286382243884346632e-01
5.243903566483739676e-01
5.149227471016304403e-01
5.147810470694227369e-01
5.276080372105323990e-01
5.141565609666279846e-01
5.112609756421440110e-01
5.224877161026896255e-01
5.253327992132332813e-01
5.172131637149357530e-01
5.096696313229106545e-01
5.071047667161897587e-01
5.129891001513233739e-01
5.056720299924347684e-01
5.071563795032059119e-01
5.155287969174765506e-01
5.147936880898194012e-01
5.288883809538200698e-01
5.129105846274558678e-01
5.312079241820422126e-01
5.198495364098273397e-01
5.239988435037385983e-01
5.173541150705498470e-01
5.243725531056533384e-01
5.211424997033976547e-01
5.205056409463519884e-01
5.314349006824516941e-01
5.402225150200674619e-01
5.361515586647598308e-01
5.296404787964217320e-01
5.319864434777271667e-01
5.267319486307387999e-01
5.311461207017524888e-01
5.442498497215515485e-01
5.458083033012333107e-01
5.421429029595679072e-01
5.354485649542585213e-01
5.434823890048250394e-01
5.439959133955445392e-01
5.411058720488739482e-01
5.485567284299756041e-01
5.471688961828453657e-01
5.460509462962288563e-01
5.476934125293475564e-01
5.541711194539202801e-01
5.542988556297495650e-01
5.496815162303925195e-01
5.475411222476558315e-01
5.421410592228478320e-01
5.577612659103511339e-01
5.519509739144715654e-01
5.615000993450304234e-01
5.612953899415937808e-01
5.380600740147741812e-01
5.486748815243430721e-01
5.633338984249623982e-01
5.522278094036072726e-01
5.508323480769014013e-01
5.508353031182862125e-01
5.568224969656182521e-01
5.594681789727165011e-01
5.572798958788632850e-01
5.559883344904160696e-01
5.495825114051826610e-01
5.516844545912198416e-01
5.633907836085368936e-01
5.582671398401986007e-01
5.500026357839689073e-01
5.501065028577573068e-01
5.524076136500608580e-01
5.466146268938920638e-01
5.473688771832783129e-01
5.572056181350011350e-01
5.539068523984975734e-01
5.460579926895131608e-01
5.460317062814351585e-01
5.421634124120836562e-01
5.429074099398227826e-01
5.487093604835537874e-01
5.410643165018071965e-01
5.500740296110490091e-01
5.529827628642897119e-01
5.445010542498303074e-01
5.546528853514283153e-01
5.515948509319676951e-01
5.420783093752358228e-01
5.344176043138808563e-01
5.437035951885506035e-01
5.446538423433954224e-01
5.447249758775007944e-01
5.386545965444118345e-01
5.390829195319211120e-01
5.396671740215784885e-01
5.347081458180242830e-01
5.506069422977205585e-01
5.426677846776906122e-01
5.451824558200313309e-01
5.464183598588804314e-01
5.497966974243901905e-01
5.542861588343748203e-01
5.494983895713272393e-01
5.515069210392917753e-01
5.550060257716376011e-01
5.559576082503355776e-01
5.664719482237741133e-01
5.651982880988117852e-01
5.646353603961249412e-01
5.589669774984524775e-01
5.775580699990030542e-01
5.767072737971780105e-01
5.750274953806339129e-01
5.728728554705905252e-01
5.897917578775628833e-01
5.930217890308923101e-01
6.047780807839361339e-01
5.972375643784963994e-01
6.107283512558074889e-01
6.078330730791597913e-01
6.120891868455912155e-01
6.185669583673736316e-01
6.481612982024096414e-01
6.479765277967082238e-01
6.511922390515622050e-01
6.701839603707594462e-01
6.989053188724028143e-01
7.210072514724867876e-01
7.498987405734043321e-01
7.549755330128754549e-01
7.686462741584111358e-01
7.786651301005625969e-01
7.951218546797211850e-01
8.167578117249890690e-01
8.380807948798448814e-01
8.956084958331861356e-01
9.469636475251901331e-01
9.757091252740819343e-01
1.002598041969174236e+00
1.049288611924926728e+00
1.046891757548760626e+00
1.053904303135101861e+00
1.102950086245511496e+00
1.112706702762938260e+00
1.218341503842582663e+00
1.246722021683096759e+00
1.263460140309929924e+00
1.288921801636315978e+00
1.314539552141851253e+00
1.321537381470227368e+00
1.335851580427132479e+00
1.345730700454724538e+00
1.344629680295587493e+00
1.365457535725359994e+00
1.353884159235289486e+00
1.373055062689494843e+00
1.379130265114633991e+00
1.365001764017183650e+00
1.369261005310929535e+00
1.356780753855545196e+00
1.354303586435823936e+00
1.353762553031376825e+00
1.338943455636688151e+00
1.330105800257239235e+00
1.281969172389866740e+00
1.251943958431813941e+00
1.222864972170178310e+00
1.157038432303371334e+00
1.118511472190516498e+00
1.077224649339721285e+00
1.026970067192488623e+00
9.945528991672271113e-01
9.398262181128468340e-01
8.953119405915124229e-01
8.925248164810535290e-01
8.720038306667381445e-01
8.446288058563775625e-01
8.304589433561208045e-01
8.078479008189459742e-01
7.959762372356598004e-01
7.810717518465724041e-01
7.752974766645923665e-01
7.404353913804446741e-01
7.399155754438686561e-01
7.143745897023386915e-01
7.114226374316134915e-01
7.194511549624924562e-01
7.159957469352095094e-01
7.270491742276645741e-01
7.223888407566919634e-01
7.396031758586152360e-01
7.293723556186264556e-01
7.077535711583631262e-01
6.935341515668836943e-01
7.011542845749225705e-01
6.764215201585628279e-01
6.706325033036580896e-01
6.652743738946857999e-01
6.575953959636788859e-01
6.332165912163743027e-01
6.426556580648480343e-01
6.341452492631582949e-01
6.347335289259077307e-01
6.194681910905833755e-01
6.094037576689418367e-01
6.155213380462392081e-01
6.045257755995362414e-01
5.989335916535744042e-01
5.958347282080701524e-01
5.965126435719299014e-01
5.990477642940730263e-01
5.931363493256083252e-01
5.846020691958381255e-01
5.845471684544302216e-01
5.938056450977929890e-01
5.841451100218602033e-01
5.840013970831061663e-01
5.874267042590826104e-01
5.879730319167478791e-01
5.839043925868483420e-01
5.764301685015387200e-01
5.745269608248014803e-01
5.728904071153338995e-01
5.700294386085057452e-01
5.743761767172914645e-01
5.722550321148182073e-01
5.689691112235154558e-01
5.635562841575048054e-01
5.641621909593848017e-01
5.686766987320390765e-01
5.559141596123131634e-01
5.458109252473748452e-01
5.502758480850206135e-01
5.607141684680552185e-01
5.631637236238122846e-01
5.599427991475552924e-01
5.430406623620886997e-01
5.498985230305755145e-01
5.494103537780862245e-01
5.383411739259312823e-01
5.483696401462834213e-01
5.511706823107110909e-01
5.432804106347706163e-01
5.568761971866430516e-01
5.443684934263521846e-01
5.409875191727304689e-01
5.566486388645233152e-01
5.385571022181179224e-01
5.278403686810640982e-01
5.530909986763445918e-01
5.467840732983867413e-01
5.350951465285583852e-01
5.396373301853483184e-01
5.271657744974617144e-01
5.340461602454773526e-01
5.343084760577436754e-01
5.444001417326517211e-01
5.344558482523554810e-01
5.331952795145213919e-01
5.370047699590108081e-01
5.429795421158033486e-01
5.387927953367468437e-01
5.242783474303758240e-01
5.242954229039588077e-01
5.336734569232424175e-01
5.337983422207172035e-01
5.366428777298162256e-01
5.308459150026414441e-01
5.291152119463234937e-01
5.287371367458670868e-01
5.367998967117156850e-01
5.377980550921934721e-01
5.230435688928474214e-01
5.234191264519999498e-01
5.236755741574636858e-01
5.185843267331893269e-01
5.229001309546263965e-01
5.260482551511330707e-01
5.362433553403046504e-01
5.350585430926905195e-01
5.425883647291165346e-01
5.465703211070999101e-01
5.347509353155621703e-01
5.341733107471442477e-01
5.425242348517739233e-01
5.311582613235219519e-01
5.449520478399995094e-01
5.450706490395702541e-01
5.228755754053486804e-01
5.430812472301470573e-01
5.242870666447326800e-01
5.584940191417051558e-01
5.379621868798132311e-01
5.377410086828202651e-01
5.443776771844507367e-01
5.375399427199112345e-01
5.465105608059295239e-01
5.477211404016335550e-01
5.357384274824151804e-01
5.460948479803227062e-01
5.505079630610232311e-01
5.631089441684774544e-01
5.468621046084085613e-01
5.348850074739719407e-01
5.412714988041167352e-01
5.487492140169651922e-01
5.571207389280649069e-01
5.458460062575514193e-01
5.403746678666372372e-01
5.502206790633894506e-01
5.505666601719854114e-01
5.548258772748970724e-01
5.618127226641194127e-01
5.448214610409689573e-01
5.540239541293714431e-01
5.429163091128246243e-01
5.532915019838648973e-01
5.389345297127092760e-01
5.509710253490953669e-01
5.618612038241276307e-01
5.516000549669858311e-01
5.541187417985954378e-01
5.413501651792527181e-01
5.566835301218783227e-01
5.538046935042669761e-01
5.556680489138081658e-01
5.356635043175438371e-01
5.545710062750754954e-01
5.594036793725232215e-01
5.613888393669964616e-01
5.517423807697485749e-01
5.558244390072730745e-01
5.577962158947087357e-01
5.354180243660585647e-01
5.472165681227694201e-01
5.522120731251358716e-01
5.472648049057511344e-01
5.512303140526799705e-01
5.522928145086474228e-01
5.448981864961256472e-01
5.525669564860571370e-01
5.397778675068842791e-01
5.486874785033244439e-01
5.475085988140507842e-01
5.691333977131827204e-01
5.602226014700095735e-01
5.675580854658459629e-01
5.713027951483551359e-01
5.748248339977097832e-01
5.923392144104900892e-01
6.087886920463934093e-01
6.166676317215800118e-01
6.420613019350475126e-01
6.426018556527423042e-01
6.326007889350254709e-01
6.290141346069335615e-01
6.621397444707534108e-01
6.765176225436759783e-01
6.912769045731324002e-01
7.011258463580131162e-01
7.241170229240794232e-01
7.470130876032757827e-01
7.820064623274736171e-01
8.156245161281584499e-01
8.697482150719874072e-01
8.378227082453294505e-01
8.765686377533804530e-01
9.389384409722834057e-01
9.924322163218739501e-01
1.017922200498596830e+00
1.060216427654162574e+00
1.082839606227856244e+00
1.219881464751816580e+00
1.210099019977348922e+00
1.239004831616259406e+00
1.288648474488734763e+00
1.347763416758712696e+00
1.399257868748928102e+00
1.437550911399178677e+00
1.470949817283250027e+00
1.458844592602550172e+00
1.461264684193398056e+00
1.462070449773916092e+00
1.441696544332831120e+00
1.454631990282449161e+00
1.437223397491029564e+00
1.478461788472895000e+00
1.490639742160871029e+00
1.518142802703620342e+00
1.520215160506641627e+00
1.473936603293789283e+00
1.514187697470237293e+00
1.546215939533857497e+00
1.519921452553323116e+00
1.534679093000308026e+00
1.512821165968499804e+00
1.527305265244925270e+00
1.545588207495776745e+00
1.505667399676218654e+00
1.531636807716568516e+00
1.527883651395185893e+00
1.534377252005888925e+00
1.531320529486716264e+00
1.546051439890543389e+00
1.538628996624919365e+00
1.531432630066868805e+00
1.533231492939425511e+00
1.517426595933548006e+00
1.508870546864585327e+00
1.481409378683143263e+00
1.507957422293427552e+00
1.542564711749699002e+00
1.512888525377466209e+00
1.485523856987645885e+00
1.522384926223691037e+00
1.480725779094893779e+00
1.497407180756645806e+00
1.485110699288424874e+00
1.486161099990715329e+00
1.497231392849617038e+00
1.493710589444841030e+00
1.502136898538697141e+00
1.512382639147431762e+00
1.487634654677780333e+00
1.505404186671739586e+00
1.506949311238435119e+00
1.473162637987470491e+00
1.470160252848855764e+00
1.465241142514055239e+00
1.474419621743068953e+00
1.481974575081147716e+00
1.473699268063776824e+00
1.474732118528332858e+00
1.491748870322372245e+00
1.460152546006968866e+00
1.469514269953867247e+00
1.462687606888341207e+00
1.452014034653964725e+00
1.444993373696674022e+00
1.420396947643006946e+00
1.420091670448397680e+00
1.411706653690173230e+00
1.403402871590282430e+00
1.405656758441240717e+00
1.385922308304540218e+00
1.347047377866959827e+00
1.366281044380106113e+00
1.312483912076082726e+00
1.310352955614465298e+00
1.276038259797327878e+00
1.238400727325702499e+00
1.185371941180464184e+00
1.140689924464603822e+00
1.076006844266785611e+00
1.031007766681856008e+00
1.005660277321362317e+00
9.574021219574877506e-01
9.250946513271165461e-01
8.893922272259225936e-01
8.431261952326833953e-01
8.096011618800124099e-01
7.794223255011240026e-01
7.842912208020359488e-01
7.457418173987551135e-01
7.263577192069043953e-01
7.337284803270855971e-01
7.167632283995809539e-01
6.855090634705562902e-01
6.772637789135608211e-01
6.597176760098085735e-01
6.372984217614057201e-01
6.208717426376113568e-01
6.204902762809849648e-01
6.113892599104876480e-01
6.118726026714043087e-01
6.122510230533305675e-01
6.317137293049981395e-01
7.035687631673396281e-01
6.772505726654911573e-01
6.718726760191066072e-01
6.713969430033955854e-01
6.783614129111696922e-01
6.667275266851662163e-01
6.670660902370126877e-01
6.702344006473679450e-01
6.533902326122849047e-01
6.618132051500191793e-01
6.419563661272794652e-01
6.322710158691837723e-01
6.288678630940210956e-01
6.360694177657938431e-01
6.314654251337625812e-01
6.317950202490610900e-01
6.187769377714843477e-01
6.308793898464334360e-01
6.117866002144496385e-01
6.264793976212951199e-01
6.080491750930284711e-01
6.105345077570557555e-01
6.039126748990572002e-01
6.029656330872146253e-01
6.063575377819849788e-01
5.897022742631672365e-01
6.012817570201363093e-01
5.990651357998419968e-01
6.063209593916918383e-01
5.977108584033770100e-01
5.911763995563156238e-01
5.987030917510888228e-01
6.108738733346540384e-01
5.932253780261844689e-01
5.894512015918837999e-01
6.005132517433023898e-01
5.927722005530002836e-01
5.932231921555305432e-01
5.988896379886303745e-01
5.913954919398531906e-01
5.890439285346343867e-01
5.850745785644203556e-01
5.854074752381774882e-01
5.870802273433719520e-01
5.927610066943015399e-01
5.801999681923944996e-01
5.808286829539099916e-01
5.885550431792829773e-01
5.854828405425539506e-01
5.786560858908664784e-01
5.830556942321861724e-01
5.812041900035831432e-01
5.796606013206256902e-01
5.794772161561033696e-01
5.811729619740119146e-01
5.835013559559359964e-01
5.765498277216741796e-01
5.855620738110061119e-01
5.873071592088046078e-01
5.866524470506165878e-01
5.899618872310881112e-01
5.895202786798233729e-01
5.919929635707765758e-01
6.000522894682708275e-01
5.923429018677466296e-01
5.930868496451857652e-01
5.924109545027637092e-01
5.955209043629331456e-01
5.941371475747013742e-01
5.933666610219456850e-01
5.974346270166723816e-01
5.997348325988270945e-01
6.023913784722351172e-01
5.919980580223601629e-01
5.990821228561772349e-01
5.943617178291586978e-01
6.196844811955747323e-01
6.150840468841052289e-01
6.067171649669772515e-01
6.010340824526324566e-01
6.019069509999237511e-01
5.985226355004554799e-01
6.194480640170723085e-01
6.085878700773760253e-01
6.079894476937746095e-01
6.066029733963245185e-01
6.159200774317761251e-01
6.088387439589606487e-01
6.023379788949746461e-01
6.029127305861919917e-01
6.000791092966750728e-01
5.977907984687484966e-01
6.069611723606275211e-01
5.984155993631438131e-01
6.015317387714110842e-01
5.995458873129525523e-01
5.932767117977918447e-01
6.045264410730607496e-01
5.932783650628371541e-01
6.014310020563718995e-01
6.047126486778203747e-01
6.104131862279331688e-01
6.030711857649533325e-01
6.183623491616591084e-01
6.149810307188926517e-01
6.328677077297828468e-01
6.327805914814293997e-01
6.240002052679199940e-01
6.243033651905649517e-01
6.393275047872676309e-01
6.451637245649695096e-01
6.442849643730954590e-01
6.351678270350318289e-01
6.457506286145628938e-01
6.358585557394267340e-01
6.525877178363039821e-01
6.500324336891121213e-01
6.525748606091855697e-01
6.546611753645643628e-01
6.507125237421559349e-01
6.570857945455325089e-01
6.543820096416461674e-01
6.518288401513652186e-01
6.138036872797970611e-01
6.661377842042296438e-01
5.953102723708102451e-01
5.842672383347962128e-01
6.124761223507642072e-01
5.971730326747080042e-01
5.897698056106189801e-01
6.002679247827639175e-01
5.901902133889769253e-01
5.901400918278170149e-01
5.991791047071840515e-01
5.992892475693843979e-01
5.956176089725003786e-01
5.894834118812418700e-01
5.857376859395687640e-01
5.866707144494847093e-01
5.957287204545219650e-01
5.970338509659269821e-01
5.968043917843056656e-01
5.982902667984361100e-01
5.991006209563265461e-01
5.976887014904399553e-01
6.056339781902038144e-01
6.081960125878738133e-01
6.093517944885815663e-01
6.080498965742048290e-01
6.099275562844486132e-01
6.117662450761401915e-01
6.110534843816911588e-01
6.144391316556651050e-01
6.194266936422695435e-01
6.233033022219778285e-01
6.225900492309882628e-01
6.168518592658844835e-01
6.275178581532867561e-01
6.200531710574537225e-01
6.245881355933247114e-01
6.175151735446502421e-01
6.250467355906276223e-01
6.335122011876486159e-01
6.281452900864912259e-01
6.294492163217003666e-01
6.240322010224369498e-01
6.267390094124112299e-01
6.272528169317405089e-01
6.397287213044782206e-01
6.307849504337739166e-01
6.299759994879023939e-01
6.293908810476206428e-01
6.294490433505048887e-01
6.346532787545194898e-01
6.357267568280683401e-01
6.265759736744910269e-01
6.295132954045472573e-01
6.266774566641053479e-01
6.316704044524180661e-01
6.272818796007791908e-01
6.315452054799136627e-01
6.179813177086523890e-01
6.167044466834484817e-01
6.117672570765332329e-01
6.189629422198266173e-01
6.238688229355300319e-01
6.184223385003564388e-01
6.144432434690915157e-01
6.119854694525251881e-01
6.087727727976033343e-01
6.062130841379842483e-01
6.028937764126440779e-01
5.955932054659467401e-01
5.957872368577838973e-01
5.997685501806054864e-01
5.984877968311875795e-01
5.933849631832346372e-01
5.988008204766471776e-01
5.974204468241399724e-01
5.960406475452734165e-01
5.956679614726462235e-01
5.938188905725904077e-01
6.042095527123694243e-01
5.936817869277759563e-01
6.044743492271218432e-01
6.700723091943917575e-01
5.998049275728218888e-01
6.043390041480982688e-01
6.130688710962933774e-01
5.954321431402692655e-01
6.564432364442859269e-01
6.535109397255259855e-01
6.605695505175864790e-01
6.399943778985373033e-01
6.381815254813615335e-01
6.528014995840989432e-01
6.362732775994109913e-01
6.500590140240467552e-01
6.430510395066695306e-01
6.352762008577860220e-01
6.379135644268704164e-01
6.372484215640812355e-01
6.295881012234670893e-01
6.326253755831605652e-01
6.226484659368592967e-01
6.274828510696047745e-01
6.176194271406184599e-01
6.238084215568664437e-01
6.217787627972465314e-01
6.268846222527345580e-01
6.215205981918544564e-01
6.190476685672953172e-01
6.225896173469986916e-01
6.161894771287751427e-01
6.159581334746377923e-01
6.154489505818706574e-01
6.113119765396060057e-01
6.029424931779878705e-01
6.250770254487777455e-01
6.108796570650599778e-01
5.983965909782428261e-01
6.133365410224229652e-01
5.975736281199323097e-01
6.098704502465364108e-01
6.062662861403769199e-01
5.974864184395903832e-01
5.939731768665420519e-01
5.954490649475105979e-01
6.019989117429952463e-01
5.945877658214042683e-01
6.003936277848437308e-01
5.903843875662685425e-01
5.952578453237563627e-01
6.060818931850066038e-01
5.961894489217752779e-01
5.984528109613506119e-01
5.936372458242724637e-01
5.966759003978523435e-01
5.801012340887972130e-01
5.945219646821389148e-01
5.872368325290555635e-01
5.874058826504454656e-01
5.939256023857192313e-01
5.932366182746062755e-01
5.922972911535949736e-01
5.870873757166753526e-01
5.916940451827593650e-01
5.999956709693308188e-01
5.842919574032788832e-01
5.948787569497814287e-01
5.708363178010097405e-01
5.727631528734496991e-01
5.821777633624425352e-01
5.756049906321009102e-01
5.682910394162626888e-01
5.717285157331017942e-01
5.782088560311725578e-01
5.683729077100755367e-01
5.707666366773493927e-01
5.707875754892997033e-01
5.699446387187891983e-01
5.684627850954920847e-01
5.715896398030435588e-01
5.702471588499601340e-01
5.771907657211380327e-01
5.671417895134370779e-01
5.686842427692641033e-01
5.680558695712734085e-01
5.719940684346486170e-01
5.713802336982869434e-01
5.711840047614255012e-01
5.750667801221751585e-01
5.831705541606490018e-01
5.878693474226667215e-01
6.031188151850668255e-01
5.915410793264084255e-01
5.925296085851469163e-01
5.988685316981199325e-01
5.993142828095756602e-01
6.034439286286190640e-01
6.027836090861223850e-01
6.023546576617052617e-01
6.109124549439068907e-01
6.107100155562383836e-01
6.177732082038083217e-01
6.165957376668143031e-01
6.167667676056619586e-01
6.231442916027688517e-01
6.216621434749544095e-01
6.314162952688566754e-01
6.361157086551127993e-01
6.370635216083390118e-01
6.469305978873486351e-01
6.572896409606671098e-01
6.545829362167212562e-01
6.620361715149545301e-01
6.160464208896420102e-01
6.225590829366896006e-01
6.775911872632062183e-01
6.136665895892324807e-01
6.053258128983843855e-01
6.046352686897905615e-01
6.087872300054354424e-01
6.160584062131998495e-01
6.296026416294175920e-01
6.240509868270038840e-01
6.343771897038008589e-01
6.568803920308032840e-01
6.767961829852680022e-01
6.755012370566190194e-01
7.035598949316058670e-01
7.101512909726828138e-01
7.219552121158084868e-01
7.178764007275396652e-01
7.268474516741671998e-01
7.553746831353450597e-01
7.791119493801030860e-01
8.062739330890922318e-01
7.946709996216351213e-01
8.265775933109809070e-01
8.609121812745865743e-01
8.969796176906209562e-01
9.232736301361893494e-01
9.619610197857068057e-01
1.005404827060140560e+00
1.044653084861486558e+00
1.085502443610850465e+00
1.141004528237401949e+00
1.175217069896174138e+00
1.217702326928492340e+00
1.271321689255674015e+00
1.307156853520988316e+00
1.355624037467393794e+00
1.346690059802360784e+00
1.373525436817553791e+00
1.397220429602083591e+00
1.408347994230992439e+00
1.398043370739734392e+00
1.430724846801532113e+00
1.428952567107770300e+00
1.433153511792970569e+00
1.460061053098888895e+00
1.465786430739540069e+00
1.467711521495522753e+00
1.487664885821849747e+00
1.460323655849943725e+00
1.490618909250501778e+00
1.477820380587088200e+00
1.492518118594820198e+00
1.489118258094620950e+00
1.498139422593681047e+00
1.467632968039292107e+00
1.482275156936703864e+00
1.463327156034478715e+00
1.474554882644594889e+00
1.483148353914402584e+00
1.471677553441550268e+00
1.494655098121737025e+00
1.482906095501859589e+00
1.476769678739612734e+00
1.492141655623139496e+00
1.484194476272983509e+00
1.492901211901432657e+00
1.482544310878957994e+00
1.468607981894705539e+00
1.497377447928452732e+00
1.490761762976303695e+00
1.468915569748923788e+00
1.479098883461128722e+00
1.466664936347944037e+00
1.474835192947016482e+00
1.457935529879199166e+00
1.468927579823146257e+00
1.464269217211357166e+00
1.458951213002240621e+00
1.450128110298073203e+00
1.464886432575596809e+00
1.475856552281263223e+00
1.459891628722654211e+00
1.448879362556959594e+00
1.463024167159394429e+00
1.440406015281084029e+00
1.455335481936402608e+00
1.426303717611305144e+00
1.420081603966789396e+00
1.418726597173664450e+00
1.417139595311578626e+00
1.412284334308222977e+00
1.398793579427691780e+00
1.415386493153005132e+00
1.402709289540458704e+00
1.394151336764506421e+00
1.368617673892416287e+00
1.356938486684897471e+00
1.342150603695691835e+00
1.356036787980346103e+00
1.346345362835060122e+00
1.313878833394435786e+00
1.300839785755955713e+00
1.295634400282541510e+00
1.263989531281895173e+00
1.249691484078225390e+00
1.244993130744449727e+00
1.213478753527964082e+00
1.187585835738640849e+00
1.157811822291280102e+00
1.145458305912701702e+00
1.111912940059193611e+00
1.114371740864346094e+00
1.078405797415186163e+00
1.051321858157133970e+00
1.025382065419228272e+00
1.004990247165897133e+00
9.683009960107369363e-01
9.423590700609025816e-01
9.295088252056347145e-01
9.105205162801145446e-01
8.819344885952591362e-01
8.480982091776276821e-01
8.393027532588768214e-01
8.181071771740816567e-01
8.034655290778546233e-01
7.855748762181319345e-01
7.665106487766077947e-01
7.476615679743443543e-01
7.346609396053300767e-01
7.397264135638894622e-01
7.193354939143660198e-01
7.080312107210779971e-01
7.033927558267248914e-01
7.054231063793505729e-01
6.828305961538516655e-01
6.737420902476999318e-01
6.516297843339414753e-01
6.484613542929800190e-01
6.258377904524177193e-01
6.174814155916713565e-01
6.202067686225648524e-01
6.078981804311189840e-01
6.046924201549802591e-01
6.260039011195940306e-01
6.145750134731372549e-01
6.709573889986010231e-01
6.752867898226937449e-01
6.597052667929053094e-01
6.712068578119141371e-01
6.591833549646787249e-01
6.587607370675703233e-01
6.525052449694950241e-01
6.412559488076983172e-01
6.357845395208774342e-01
6.285662494635934072e-01
6.405551948018701758e-01
6.376254114964237107e-01
6.276129006286629286e-01
6.245145910748781670e-01
6.279714690160822510e-01
6.228292969529527490e-01
6.239100404836409597e-01
6.181953123636015901e-01
6.116945254925861830e-01
6.246053765091321708e-01
6.245786306350964434e-01
6.175588097304790525e-01
6.195392083559282392e-01
6.115431250470725333e-01
6.153377130560730990e-01
6.180372297033115414e-01
6.124913976621016998e-01
6.085364580452354843e-01
6.058009482662382039e-01
6.182463726508937718e-01
6.167061305708362307e-01
6.103367664264678361e-01
6.209559585915794822e-01
6.156134623025848462e-01
6.198123567951534518e-01
6.137398797296700348e-01
6.221301139277908288e-01
6.137539520558065176e-01
6.208892514773947102e-01
6.271108887643813690e-01
6.244679409091505873e-01
6.261908410410857995e-01
6.292167195981756000e-01
6.351767627934401528e-01
6.293707454507821986e-01
6.340538275379041799e-01
6.283161307130312734e-01
6.294200213224653284e-01
6.362508567796034686e-01
6.327043194865045184e-01
6.452900809512611691e-01
6.421580873255379185e-01
6.385149797952732742e-01
6.390435691259253037e-01
6.435109987449978419e-01
6.427810759987530043e-01
6.555497097598791401e-01
6.135515575599026494e-01
6.522200447148961411e-01
6.535292605277985833e-01
6.586787439410857203e-01
6.697161690091724129e-01
6.559029085609235921e-01
6.199183150283607002e-01
6.056211020349321350e-01
6.026097628547133489e-01
6.025918640741327881e-01
6.099045448248409107e-01
6.112390435679154743e-01
6.061985482807752401e-01
6.203253119182398079e-01
6.167171863072610227e-01
6.070798309003986315e-01
6.142161487557946664e-01
6.098310698606055347e-01
6.202933093595182079e-01
6.234326034963083574e-01
6.302978006325326010e-01
6.288143300780979494e-01
6.324453086671227853e-01
6.451425006044785304e-01
6.594112139968517639e-01
6.677088220304333577e-01
6.627273748764482830e-01
6.873590372988677144e-01
6.973823972381733016e-01
7.013776702201739432e-01
7.047402383068709364e-01
7.182957796867016631e-01
7.267087417784867664e-01
7.408015740074206379e-01
7.334791843993605509e-01
7.370059257713484913e-01
7.330837414360757975e-01
7.468030923783453012e-01
7.508277375808515286e-01
7.558149964550430200e-01
7.767384936385645089e-01
7.859979372277289267e-01
7.990549571942378027e-01
8.080098595727585042e-01
8.067864207144711530e-01
8.041386157754789599e-01
8.105811304810602858e-01
8.110793982513293532e-01
8.117335325668495472e-01
8.214451600051263513e-01
8.427659351375429431e-01
8.309732557010661713e-01
8.365452772062276221e-01
8.497578482922162335e-01
8.582217784055098386e-01
8.604107155692400921e-01
8.701303377112743487e-01
8.716265349732685852e-01
8.694574055302634052e-01
8.660265545211583982e-01
8.593127361240154860e-01
8.650803834010329929e-01
8.626801824451525436e-01
8.725106019205240981e-01
8.752751507761462602e-01
8.638905740929824217e-01
8.713129340396509326e-01
8.646002534271268747e-01
8.569691373632399856e-01
8.443413935059667086e-01
8.387188038122099787e-01
8.323526839217740836e-01
8.329260624364822618e-01
8.309152191076585314e-01
8.251607537492298139e-01
8.079855233433106410e-01
8.012183979628832997e-01
8.029490659975103695e-01
8.107380260711519737e-01
8.062531144473761291e-01
8.096260364985273794e-01
7.960546500824942084e-01
7.775869857601523938e-01
7.795851767661425846e-01
7.630671759715381697e-01
7.496615518292852887e-01
7.492530498540541650e-01
7.367363866266399830e-01
7.409767124663070303e-01
7.380475162052296811e-01
7.302889835674971630e-01
7.360865233265889707e-01
7.223029970029699598e-01
7.233326325904761989e-01
7.027852880422922333e-01
6.967025117719424232e-01
6.913220053240224372e-01
6.802009321766110395e-01
6.774105148100987295e-01
6.746267555445855102e-01
6.602484539761371840e-01
6.507022307222649626e-01
6.331005205239702560e-01
6.289866540489119640e-01
6.237984137464382961e-01
6.281194828380970430e-01
6.187351277251645909e-01
6.152610305027833570e-01
6.112201799282130921e-01
6.007728731029423619e-01
6.057708696284999084e-01
6.067149413217669540e-01
6.037558847602542134e-01
6.116207759997340787e-01
6.283799925252273599e-01
5.985826358108430334e-01
6.644815962973248391e-01
6.618757807828636874e-01
6.580878565854283435e-01
6.507567889652614568e-01
6.420901602537708586e-01
6.325973310337882349e-01
6.321210988052503588e-01
6.310340816799916430e-01
6.289800508006022639e-01
6.230366998560898928e-01
6.238337397944411222e-01
6.245313422816166637e-01
6.280090165710553451e-01
6.186672470827305759e-01
6.262859340321350610e-01
6.129422574857952277e-01
6.201878034283174745e-01
6.106769123042601333e-01
6.201939758217343002e-01
6.093331469989710092e-01
6.202295125998175118e-01
6.236557322346113486e-01
6.188814303060985456e-01
6.118513653148101028e-01
6.071572837556297175e-01
6.264942246046805163e-01
6.104664380951928537e-01
6.046458315015632579e-01
6.030211696968170720e-01
6.077845833287929267e-01
6.223181858402344613e-01
6.171146915845064918e-01
6.068263134019403759e-01
6.036399351086021436e-01
5.979144035585524097e-01
6.205605377068855733e-01
6.117375075966250408e-01
6.118318144529212299e-01
6.285798746964459394e-01
6.088892060778823279e-01
6.064616407735883286e-01
6.136815295552140448e-01
6.023932586554245905e-01
6.087731415665790236e-01
6.008061477054403854e-01
5.998126201034457150e-01
6.052340348096257872e-01
6.061908553059279781e-01
6.196179312994679611e-01
6.144159840272075401e-01
6.048367325842682884e-01
6.156112002540747863e-01
6.126850447115859133e-01
6.036186002486182423e-01
6.087922262438132393e-01
6.041006105743902399e-01
6.039072020265885410e-01
6.095801715315589675e-01
6.120434323118596476e-01
6.125337442289705558e-01
6.064388201484363083e-01
6.057326422633783070e-01
6.142306090599696233e-01
6.163535586785694464e-01
6.174941006574705682e-01
6.278612618053595051e-01
6.148808876870281992e-01
6.246461199965117617e-01
6.298584640197143480e-01
6.373667935795828132e-01
6.319610303976577192e-01
6.427280340859784502e-01
6.464762661076012273e-01
6.408895316684526389e-01
6.501069096141148806e-01
6.533171325056444934e-01
6.529164814286219087e-01
6.560488281565673985e-01
6.687850400746662149e-01
6.226154795224889682e-01
6.697932816707804493e-01
6.304940092232378390e-01
6.246968497401286236e-01
6.765015088979131619e-01
6.198632790394602576e-01
6.122904557778033885e-01
6.153781031269154322e-01
6.223110384742800427e-01
6.261800859551757137e-01
6.231482216231341020e-01
6.282266769227535796e-01
6.174338128634617728e-01
6.293521319150415794e-01
6.362820000034703494e-01
6.318115347650492541e-01
6.420890302008152029e-01
6.512004238989791416e-01
6.575005881163226151e-01
6.699610923740877411e-01
6.677738486742614832e-01
6.714218270783101072e-01
6.777964012244942493e-01
6.838780140295331877e-01
6.894050803560791696e-01
6.935055259804162597e-01
6.985279526270594674e-01
7.152893084301663595e-01
7.200648781698952838e-01
7.242252318726533078e-01
7.246383687489940106e-01
7.275186695616315813e-01
7.165298361637076896e-01
7.241946696067016465e-01
7.350588768910751858e-01
7.291269146078177554e-01
7.415755566354153006e-01
7.499997832182859758e-01
7.527158678433886196e-01
7.599828047916343809e-01
7.709015118214924689e-01
7.862517598366045579e-01
7.729515643852028495e-01
7.594793000045768627e-01
7.706855816053068686e-01
7.739100675121443063e-01
7.779369164941918324e-01
7.914122377034443767e-01
7.971821497358367870e-01
8.073757433521707716e-01
8.177535751079272330e-01
8.288905616833370793e-01
8.373745332425689414e-01
8.379418070009490016e-01
8.534303645290369777e-01
8.552345029737904447e-01
8.670703878286230015e-01
8.763903641158469204e-01
8.823887906037753970e-01
8.901722541295901125e-01
8.811865019557263423e-01
9.068218550601016004e-01
9.182905427082749261e-01
9.121034263165599398e-01
9.250811218407489767e-01
9.489146467634247406e-01
9.463941937118414138e-01
9.610941323927346680e-01
9.784121995212708978e-01
9.863771899228606088e-01
9.859198984715673575e-01
1.003577096509729039e+00
1.030210241574712304e+00
1.022866801572912321e+00
1.039570569075354722e+00
1.062718996789878245e+00
1.064350132726053832e+00
1.073524348241732262e+00
1.096274187443584847e+00
1.121130927863059012e+00
1.112807116197408464e+00
1.137798969331617727e+00
1.159714204706807195e+00
1.169739800866389068e+00
1.162506168769484871e+00
1.172961589490585821e+00
1.195654355896316856e+00
1.216118287794184738e+00
1.215345967508251190e+00
1.227281512766728699e+00
1.239442325762061037e+00
1.249790506879509877e+00
1.247997505845083621e+00
1.272211970680957815e+00
1.273938197297626029e+00
1.267510600233303197e+00
1.282513195796108230e+00
1.292529729293158569e+00
1.311546752161877771e+00
1.326676438609584618e+00
1.306170300729118328e+00
1.322475991906164161e+00
1.327483033458444206e+00
1.329597754892644534e+00
1.325456134428346866e+00
1.344580169535176895e+00
1.363425427009077540e+00
1.356609685608557214e+00
1.340580776624576975e+00
1.364567690882051432e+00
1.365628443915259727e+00
1.371751548251096686e+00
1.352137314280735136e+00
1.352167028624401635e+00
1.373075592696640701e+00
1.368668026486071776e+00
1.383138255318305587e+00
1.367219834379384658e+00
1.351806903323262476e+00
1.365469068066595737e+00
1.370604976067676173e+00
1.378351729016993321e+00
1.363400985327516635e+00
1.373913948867076851e+00
1.376365020657870142e+00
1.353508565382734341e+00
1.366379692540843793e+00
1.376420162050166152e+00
1.361997841727229819e+00
1.354607269291882021e+00
1.340630047745078102e+00
1.343489427975075090e+00
1.350579318868188494e+00
1.331134553027274015e+00
1.325026314196795507e+00
1.332780901810191043e+00
1.329333818623259278e+00
1.319894143080364346e+00
1.322574190097282942e+00
1.328599242482521037e+00
1.306022554306010441e+00
1.297940045075978821e+00
1.292136359487627839e+00
1.271409928524211974e+00
1.267237349939032809e+00
1.248256965379426653e+00
1.248257791871729472e+00
1.252987418710425294e+00
1.235737178559970673e+00
1.217923926083192221e+00
1.212517719577837161e+00
1.206889695476409230e+00
1.184897476549191753e+00
1.170496018512285019e+00
1.167099271965395646e+00
1.146300447516997556e+00
1.130497274590933188e+00
1.107906786412520939e+00
1.107747709901351518e+00
1.081011895940007683e+00
1.056514085359546051e+00
1.060891695463476836e+00
1.031148822182730296e+00
1.004254053164398419e+00
9.980664214819519042e-01
9.728930521191101466e-01
9.672282877351620067e-01
9.544710048025043525e-01
9.277680524190998756e-01
9.157954633588677451e-01
8.997767964726668399e-01
8.917282587656465420e-01
8.621229778891368323e-01
8.511481930491421322e-01
8.405993122925080607e-01
8.303401463905242252e-01
8.019295729587723187e-01
7.944037675122839204e-01
7.975583326328319345e-01
7.962124091208716559e-01
7.731362089651609981e-01
7.671170473017051572e-01
7.430934153818022914e-01
7.416751433180209796e-01
7.348013402315378695e-01
7.295715129820182776e-01
7.310434021006431138e-01
7.216219617695998068e-01
7.221219811062820071e-01
7.067762311080987292e-01
7.139770562358657147e-01
7.057902645846251266e-01
6.948739478206964471e-01
6.815407689295117644e-01
6.662142529185928197e-01
6.537663116474341507e-01
6.452117582731040635e-01
6.382778672747311255e-01
6.393862416493486522e-01
6.242404450011744821e-01
6.239830993688656458e-01
6.057332189908076758e-01
6.114878140399366835e-01
6.078558487353806772e-01
6.070076944986956269e-01
6.071007795100727966e-01
6.301627459700961387e-01
6.100478971333036515e-01
6.092379143053339163e-01
6.884374271690112401e-01
6.779982766052508047e-01
6.159245764742107276e-01
6.707584642431144717e-01
6.182230275429217992e-01
6.670960735285932364e-01
6.567947141386507592e-01
6.525608250205897631e-01
6.465489191634528066e-01
6.530832888115267743e-01
6.415625618856558576e-01
6.379392652767736926e-01
6.315224130729749641e-01
6.376410875558460312e-01
6.245431443964570839e-01
6.363010805906752498e-01
6.298654353606950584e-01
6.344956911660130094e-01
6.269218732241076397e-01
6.320059189170129654e-01
6.346729031149307421e-01
6.278911316348411153e-01
6.288420210098355501e-01
6.267601944540384107e-01
6.335546422750125695e-01
6.276360092818615843e-01
6.258392277069034781e-01
6.274783006200532753e-01
6.335475021607682722e-01
6.311270510108015763e-01
6.339471674628998077e-01
6.315110926142476488e-01
6.383636003848707219e-01
6.321005735814356763e-01
6.330413825374282544e-01
6.376335648987980775e-01
6.291376710638197922e-01
6.369906386719694780e-01
6.409036466991037129e-01
6.370976971121378174e-01
6.459669189923735733e-01
6.447730270056257762e-01
6.417056996561932847e-01
6.478895820149747076e-01
6.464580644667130560e-01
6.463300075122018207e-01
6.523369989049490059e-01
6.556394165980308220e-01
6.602141057260448864e-01
6.590102990890460699e-01
6.587215227128627726e-01
6.620992811267564226e-01
6.228216448011260065e-01
6.115052964918435974e-01
6.094562380224159970e-01
6.069130268611910850e-01
6.015524982356187378e-01
6.051283957068201991e-01
5.975110322510288619e-01
6.023677113063810040e-01
5.995522763745648742e-01
6.024402239529840219e-01
6.105228799906250448e-01
6.114845876377238421e-01
6.095283790215036968e-01
6.187611811778167548e-01
6.102543254484625868e-01
6.131004874040002495e-01
6.250788889057323772e-01
6.327527195085642653e-01
6.343552889000438899e-01
6.415911628260982935e-01
6.615692228028373645e-01
6.625028404143796790e-01
6.542951665130343208e-01
6.775335851334710613e-01
6.940046557351143841e-01
7.006157635486331969e-01
7.115033877238288174e-01
7.208934101036456044e-01
7.175103513692663304e-01
7.129108376076713771e-01
7.192914196937086890e-01
7.249586361990046912e-01
7.391946267591062991e-01
7.550303932199986523e-01
7.492787569091193811e-01
7.458458453269737332e-01
7.566917808611498542e-01
7.758353261648156529e-01
7.856612975210437444e-01
8.058281872917147926e-01
8.138559769640940633e-01
8.206931894154136931e-01
8.283498402023063978e-01
8.549810313846055720e-01
8.460686002525510396e-01
8.578320871163669370e-01
8.730361659941974217e-01
8.665811171235429100e-01
8.962872226352694982e-01
9.101282804554071681e-01
9.098475466785767019e-01
9.189421050691617410e-01
9.390109498443842684e-01
9.583434631729581543e-01
9.516877416683513502e-01
9.545041629695838470e-01
9.801786987401857054e-01
9.943171329913997880e-01
9.803237278450651626e-01
9.866750269792693429e-01
9.868569463828930077e-01
9.901746207330865968e-01
1.007494951113326209e+00
1.012034434423025209e+00
1.012150431070510503e+00
1.015775501653456425e+00
1.012884004249433145e+00
1.020130376788518589e+00
1.015018731502117078e+00
1.011277331238315202e+00
9.967498348810384101e-01
9.855159221076208453e-01
9.727172346847404727e-01
9.789602477469763198e-01
9.816623460474723784e-01
9.753507901597575636e-01
9.606569644122574525e-01
9.569303592212314857e-01
9.527585494948985767e-01
9.468373527367641707e-01
9.150880748889107519e-01
9.137980713207874972e-01
9.061727576089133596e-01
8.902307062966684503e-01
8.676805663968953919e-01
8.880967769690184532e-01
8.712050598134212231e-01
8.587431128314156892e-01
8.558192555826860115e-01
8.429297442168354193e-01
8.242702366081652299e-01
8.227816429428557177e-01
8.061807763495240087e-01
8.066492964873895888e-01
7.866026342771582636e-01
7.677817979321424069e-01
7.658215796990889279e-01
7.469966556106647504e-01
7.484030058922571671e-01
7.458475539560295298e-01
7.403844054349778547e-01
7.448315079877501077e-01
7.324230551887672691e-01
7.270976231793164768e-01
7.163455115591990108e-01
7.146054950437623621e-01
7.035620853923483242e-01
7.305241571532309353e-01
7.055811555586350980e-01
6.928512313949785062e-01
6.812586290339821549e-01
6.696147022953470307e-01
6.571795065140820791e-01
6.516790910527510139e-01
6.574896958280482817e-01
6.443124580436320192e-01
6.278453572730501309e-01
6.279405122053427490e-01
6.209553497480396755e-01
6.071093404547750483e-01
6.122914339055565147e-01
6.154455813313671753e-01
6.091961933872211965e-01
6.082675105949296723e-01
6.014829131037293664e-01
6.029563170574295805e-01
5.981708491947872464e-01
6.220681786763759824e-01
6.246760657400907135e-01
6.109148848025763856e-01
6.241082418329561010e-01
6.723462439039231686e-01
6.617379832551002483e-01
6.532501281516532865e-01
6.551462001663934664e-01
6.520122806500384671e-01
6.488345125580896600e-01
6.477173258235969788e-01
6.462031738884413956e-01
6.360641613017276041e-01
6.399513565802347204e-01
6.392283443419702893e-01
6.293412665630213620e-01
6.396897438519448809e-01
6.266847215493008827e-01
6.326090206596820531e-01
6.225306720214025535e-01
6.269418304946022813e-01
6.309322616497243796e-01
6.208837402594662436e-01
6.237362843437603832e-01
6.147874369475629930e-01
6.110708021875282947e-01
6.282072784191973236e-01
6.149212352708178786e-01
6.256100118713342484e-01
6.218299190852545344e-01
6.165343016650822738e-01
6.151492320427768279e-01
6.177125551999276265e-01
6.103813661756132269e-01
6.091102722186689800e-01
6.084607179195008486e-01
6.050400268541051840e-01
6.158077506793814271e-01
6.078805308254360273e-01
6.080571129503746786e-01
6.054753858865629113e-01
6.087400155737464624e-01
6.088891401194156394e-01
6.094521109918494828e-01
6.117384332636623956e-01
6.106914678392089124e-01
6.162191393741920376e-01
6.218035985807377486e-01
6.190809068595147791e-01
6.211503993288867154e-01
6.189694257677073042e-01
6.249668669343274585e-01
6.187869036390305499e-01
6.291722580177430135e-01
6.331664642138172816e-01
6.275241245851973515e-01
6.315299496418632641e-01
6.366603829130904613e-01
6.489143153411255360e-01
6.422495433719992430e-01
6.420982837142067412e-01
6.589896182232222177e-01
6.581117269906122669e-01
6.227576163862298397e-01
6.672411768902299922e-01
6.266316945472301114e-01
6.694341213131035362e-01
6.754635471946978109e-01
6.837451854903436876e-01
6.106948889101915245e-01
6.125941482301537899e-01
6.240547926756201402e-01
6.134777380608260611e-01
6.129995406738145691e-01
6.284919142893319322e-01
6.146056481410572259e-01
6.252971268353054723e-01
6.340838084792135287e-01
6.393064488069580831e-01
6.458025411207454214e-01
6.641430783608627264e-01
6.707545791467213192e-01
6.769138646641882362e-01
6.827355950197543377e-01
6.912477420507779913e-01
7.076005887057783550e-01
7.178975069717060675e-01
7.306760473283139268e-01
7.257598691142317371e-01
7.306022288641605966e-01
7.378091858218400745e-01
7.510117360601438197e-01
7.793209865687553695e-01
7.478143413634086301e-01
7.694157139873684104e-01
7.863346315869179648e-01
7.964598204827096906e-01
8.233464011083099221e-01
8.260272832111029695e-01
8.525908433113098539e-01
8.515864485834571118e-01
8.885621505108211027e-01
8.949677366857714533e-01
9.149651682841396516e-01
9.228465037163301465e-01
9.517135225175088475e-01
9.687682762976662643e-01
9.724346542341899546e-01
1.011015950914294859e+00
1.025720221655288533e+00
1.042130412136295758e+00
1.064816115580230926e+00
1.080716644099772195e+00
1.108708720198811948e+00
1.117742617865404853e+00
1.151787135414929830e+00
1.159918793187789010e+00
1.172636306456039668e+00
1.192180832647377731e+00
1.199316641419879925e+00
1.210844247507905092e+00
1.234870452904219151e+00
1.236851371144631395e+00
1.241736463799907986e+00
1.254228572655306850e+00
1.276987297267109245e+00
1.256008114219250071e+00
1.257959021151466628e+00
1.275180801616133008e+00
1.280956411424352570e+00
1.290851030468418426e+00
1.280413636799758281e+00
1.280116455836583400e+00
1.278259371631180530e+00
1.303665897139256291e+00
1.315251202401820141e+00
1.303127384412162471e+00
1.303900275954402721e+00
1.293816827404897118e+00
1.297254881006819849e+00
1.305663486330784773e+00
1.310178247111093430e+00
1.309659057348035338e+00
1.314518150994798518e+00
1.321770892709001055e+00
1.304916463604122834e+00
1.312371344424084763e+00
1.311415691366347280e+00
1.301757045994254236e+00
1.294370234592967073e+00
1.293157782366009423e+00
1.298463225733174298e+00
1.308670500359511379e+00
1.291376297502504933e+00
1.305685795143222805e+00
1.303660824426804643e+00
1.302346381146036292e+00
1.297086189670734635e+00
1.309279784105463751e+00
1.308792037338847969e+00
1.310874511866094050e+00
1.299805534847104260e+00
1.302499750964035030e+00
1.292976804337908847e+00
1.300758401610219162e+00
1.303244087862464928e+00
1.286015181368914684e+00
1.278829547864668736e+00
1.281124188370380335e+00
1.288061359559426355e+00
1.283846931247744960e+00
1.277093121695189959e+00
1.277164602734670806e+00
1.268351878978102976e+00
1.262242789078739102e+00
1.258307505778972546e+00
1.255388375021455616e+00
1.254733660630416692e+00
1.256134073753112368e+00
1.267949848134466651e+00
1.264655056893948304e+00
1.262112040840293936e+00
1.246294024563987302e+00
1.233633988814775595e+00
1.230437878609247804e+00
1.224643690698275833e+00
1.223331862476426668e+00
1.216015626031249575e+00
1.216712350362437745e+00
1.208916623918063316e+00
1.195760035189056936e+00
1.190414314772570537e+00
1.177003470023161968e+00
1.192468714353463355e+00
1.181213023024157316e+00
1.173421348656096486e+00
1.171179671914260645e+00
1.157217438407962984e+00
1.149480767583277219e+00
1.135041002286387268e+00
1.129890580585502402e+00
1.129623209589362576e+00
1.130312223687059969e+00
1.111034056630614719e+00
1.094932507943308542e+00
1.080441283321065482e+00
1.083979962230311456e+00
1.073854084761287409e+00
1.065427955680774197e+00
1.053562658219121762e+00
1.025234137600237627e+00
1.046861056757646624e+00
1.030037932972232673e+00
1.011229630232042043e+00
1.004842625913964005e+00
9.848785609408224895e-01
1.008814044552163391e+00
9.761782077196935470e-01
9.592344999019493113e-01
9.580269326927878248e-01
9.437367051312482991e-01
9.512605006370007388e-01
9.291493964602930422e-01
9.226800208700369765e-01
9.142574208214223619e-01
9.076286822627092077e-01
8.809792171373217462e-01
8.827117458225313129e-01
8.748589420837955544e-01
8.625762123876719034e-01
8.653928079506418847e-01
8.450294007952530162e-01
8.254030166993797657e-01
8.222489860687244301e-01
8.180060531361014187e-01
8.007530726800760057e-01
