nan
1.403077752716900065e-03
2.121803659395900092e-03
2.850514549270299989e-03
3.559696728654799906e-03
4.260591209683899788e-03
4.956832468922800321e-03
5.657275236462600172e-03
6.337552568062200346e-03
7.031922669117200361e-03
7.709714983945299693e-03
8.353474737560500143e-03
9.004198006141800326e-03
9.655608655865500350e-03
1.028669995520020003e-02
1.092495099731070028e-02
1.155588254783299941e-02
1.218828638555909984e-02
1.280268091942570081e-02
1.343576477872590082e-02
1.399442565820909964e-02
1.459876295321189954e-02
1.517587939117059914e-02
1.574233927832510010e-02
1.632446333730570159e-02
1.689649517601389886e-02
1.746520231427610079e-02
1.805867629797600071e-02
1.860133230486350070e-02
1.914687628690599913e-02
1.971161491883690123e-02
2.024073638954109952e-02
2.075479581442319851e-02
2.126476538344219958e-02
2.176476445503660109e-02
2.227310268859309869e-02
2.276272903823610069e-02
2.326698362222109906e-02
2.376301623123670131e-02
2.422634544588329886e-02
2.470942612404590163e-02
2.515843684225280152e-02
2.563525998923889965e-02
2.613082432026739982e-02
2.657479343273359829e-02
2.700527580289860050e-02
2.744135235040940160e-02
2.785796114749970048e-02
2.826934804709830065e-02
2.868036476951939945e-02
2.907304172324860075e-02
2.945502936310760017e-02
2.983166135448030165e-02
3.020603056649519974e-02
3.053483201634180078e-02
3.083987757735880131e-02
3.113640446770590126e-02
3.145277326631539666e-02
3.179612070551020298e-02
3.216950269768990150e-02
3.252589166617150113e-02
3.282891755037339876e-02
3.313923982655189726e-02
3.346090142547480245e-02
3.380770064800010105e-02
3.410339306924330127e-02
3.439153352342599890e-02
3.466757809033169796e-02
3.493487961474889963e-02
3.519922171714220255e-02
3.548519946673889952e-02
3.575414875593929676e-02
3.598035320608829885e-02
3.624636221597989788e-02
3.648846699194999849e-02
3.671727214694930214e-02
3.689531315537430273e-02
3.707882429565430293e-02
3.727083919657490224e-02
3.747472102888239898e-02
3.770277382786520193e-02
3.790440421111850033e-02
3.808612544085920176e-02
3.825759479909320027e-02
3.843681995309310151e-02
3.861596431493100057e-02
3.876718436265819828e-02
3.889317802185800199e-02
3.899956504657409867e-02
3.908999634705549731e-02
3.917973681141909831e-02
3.925992104364309926e-02
3.933075663266970279e-02
3.941019571043199998e-02
3.947803664532430201e-02
3.954981824473979835e-02
3.961453495817120196e-02
3.967649875468579751e-02
3.973674300917989788e-02
3.979440379578119691e-02
3.984760176070090143e-02
3.988840002970529819e-02
3.992212684415059887e-02
3.995392717517740055e-02
3.998233802645480284e-02
3.999417750638310093e-02
3.999379645210270062e-02
3.999171501940999851e-02
3.997781363368940050e-02
3.997282062682479958e-02
3.996189460124689730e-02
3.995656398521280073e-02
3.993467107952260176e-02
3.991085172043049717e-02
3.988234118896080010e-02
3.985607523030530036e-02
3.982861767793439978e-02
3.980203784914960324e-02
3.976742572183149943e-02
3.973794619721750243e-02
3.970437062117120053e-02
3.967504571623590298e-02
3.963618685047590184e-02
3.960362075669299903e-02
3.956029475858589828e-02
3.951309638199519692e-02
3.946679697300310014e-02
3.941123917211199895e-02
3.934743126278000130e-02
3.927193860680380094e-02
3.919811854589159983e-02
3.912012011591559785e-02
3.903732212978419658e-02
3.895635960202940146e-02
3.886906610913080234e-02
3.877401969626440015e-02
3.866394815615249725e-02
3.855558169994299789e-02
3.844948100957160109e-02
3.834438535913029661e-02
3.823056057884609976e-02
3.811052368009640312e-02
3.799693824874100095e-02
3.788788677125429910e-02
3.778432874635190286e-02
3.767709109794860345e-02
3.757412281059570314e-02
3.746640630651019988e-02
3.735991930751399875e-02
3.725747744881639789e-02
3.715792468911099933e-02
3.703438968374150181e-02
3.690022472584419955e-02
3.678008594206679666e-02
3.664092855098210338e-02
3.650011994804119864e-02
3.634450853913349933e-02
3.619693560378450109e-02
3.603463711687789756e-02
3.587864181431799776e-02
3.571507576804849871e-02
3.555169541787220333e-02
3.537100397225020204e-02
3.520745369102749878e-02
3.502777889996770005e-02
3.485751532105040018e-02
3.468510583837709771e-02
3.451573992018310000e-02
3.434221349075110286e-02
3.416850179935120024e-02
3.399575276039080302e-02
3.382196985752759788e-02
3.364341094267379872e-02
3.346835390485339984e-02
3.329102910297319917e-02
3.310068327618410217e-02
3.292135717753460339e-02
3.272160845873590268e-02
3.252084289883969831e-02
3.234390791946040178e-02
3.213810140382689778e-02
3.194250639538490089e-02
3.173582872576129893e-02
3.154072285255810071e-02
3.134318774569679750e-02
3.114548724496339974e-02
3.094801248015400033e-02
3.074168300732369949e-02
3.055411108172620058e-02
3.035905646876930000e-02
3.016071966012159877e-02
2.996682347647490127e-02
2.977932581415300081e-02
2.958430018047489979e-02
2.939192994111449950e-02
2.919650537733759973e-02
2.900016280716100070e-02
2.881032305676940047e-02
2.861757618507700107e-02
2.842068887923630133e-02
2.822660396653620118e-02
2.803997340836469898e-02
2.784869313056720017e-02
2.766651402684679878e-02
2.748326871876079908e-02
2.729590156866409933e-02
2.710889855153320038e-02
2.692637712148529885e-02
2.674851024170789987e-02
2.657594070752230045e-02
2.640019563621880117e-02
2.622448803546559987e-02
2.605959157740969992e-02
2.589039679793829832e-02
2.572448080047829919e-02
2.556709493490049931e-02
2.540482312965579997e-02
2.525047416073369910e-02
2.508616657796190058e-02
2.494416603410630137e-02
2.479073032644970101e-02
2.464220591650910161e-02
2.449387933178260104e-02
2.435080510326180156e-02
2.421018607702739994e-02
2.407073819150570143e-02
2.393265568573050076e-02
2.379538311588539831e-02
2.366447116953800112e-02
2.352984771798720051e-02
2.339680415762369903e-02
2.327768942970289898e-02
2.315540246592349971e-02
2.302721809872090158e-02
2.291233207010159867e-02
2.279492006663089848e-02
2.267643913592400085e-02
2.256619417587130139e-02
2.245504235491080011e-02
2.234767872917519868e-02
2.224012028238149877e-02
2.212629402843679927e-02
2.203663462404949897e-02
2.193841706946650025e-02
2.183432972701110017e-02
2.175215954266429899e-02
2.166175244722089860e-02
2.157265423706360152e-02
2.149151622419359989e-02
2.139545470609939895e-02
2.133336489044190126e-02
2.126166223073660058e-02
2.118818946046109944e-02
2.111351262946219859e-02
2.105306058798109975e-02
2.098898146037329882e-02
2.092959560839379937e-02
2.087118895386259887e-02
2.082086286685869841e-02
2.077157247103950111e-02
2.070677891068409965e-02
2.067093579796749903e-02
2.061758318060380110e-02
2.057775776068939896e-02
2.054748093910420056e-02
2.051047092361869828e-02
2.047843366171080148e-02
2.044212780962479867e-02
2.039873768696729914e-02
2.037969376531609950e-02
2.036414991169099853e-02
2.034291046119809931e-02
2.032659753591289920e-02
2.030293048958310004e-02
2.029444504867089841e-02
2.028436987371060041e-02
2.028064400228580047e-02
2.027578510176309898e-02
2.027676248516379828e-02
2.026687284569059916e-02
2.028206308002850067e-02
2.027889864442329951e-02
2.028910386004429897e-02
2.029432667724830053e-02
2.029956525919060159e-02
2.033368404770170140e-02
2.035152041119429878e-02
2.037306748321019920e-02
2.039517473355079852e-02
2.042422899890949939e-02
2.045349565372939910e-02
2.048624524505249928e-02
2.051002641892199843e-02
2.055356234094320167e-02
2.060398931635009853e-02
2.063282619406070148e-02
2.068099745621829882e-02
2.073520147675749978e-02
2.078179919804539963e-02
2.083830326082400028e-02
2.088985705640769922e-02
2.094673355444130053e-02
2.100406420535460075e-02
2.106048608896830127e-02
2.112788189832719848e-02
2.119402237650129875e-02
2.125446822771799929e-02
2.133051773644569979e-02
2.138665502856380157e-02
2.146640286638129905e-02
2.153783243069910119e-02
2.160834546738929843e-02
2.169448241929719870e-02
2.177055150723429880e-02
2.184239354985819878e-02
2.192331733473450173e-02
2.201411190053359848e-02
2.209340965366049861e-02
2.217774501588149969e-02
2.225608947219310033e-02
2.234842043457370073e-02
2.242365853361969960e-02
2.252374664116649911e-02
2.260408195446959867e-02
2.269806727944519847e-02
2.278065261232129976e-02
2.288250468984990085e-02
2.297539889965119833e-02
2.306363848300749947e-02
2.315817735501099831e-02
2.324819583164849934e-02
2.334282315406379857e-02
2.343874061784639862e-02
2.352772863899380007e-02
2.362630065117040171e-02
2.372165487576390064e-02
2.381409037093900130e-02
2.390856124593379942e-02
2.400383881293939939e-02
2.409194072968630015e-02
2.419408757105840149e-02
2.428832004684279913e-02
2.438406528336310025e-02
2.448001439058170026e-02
2.457234789326809971e-02
2.465684275121849886e-02
2.475929300161820029e-02
2.485674566938349955e-02
2.494802537094820138e-02
2.503954680748459935e-02
2.513702835665680008e-02
2.522691197468079904e-02
2.531899014747330048e-02
2.540989453685469843e-02
2.550072633616900022e-02
2.558877057196429911e-02
2.567668714149089898e-02
2.575882762511570029e-02
2.585318797227340037e-02
2.594059570106310025e-02
2.603225091281100023e-02
2.612113913500320114e-02
2.620712557680340143e-02
2.629036327092049846e-02
2.637054335156039861e-02
2.645322600163680163e-02
2.653677444109120084e-02
2.662035070241959914e-02
2.670378251230420136e-02
2.678343408945299889e-02
2.686256170584630162e-02
2.693952488885810112e-02
2.701911003852930024e-02
2.709864986017970073e-02
2.717479087096969989e-02
2.724244158722840051e-02
2.732219871976960049e-02
2.739507264979880105e-02
2.746572997864109994e-02
2.753596371769189907e-02
2.760186463685300115e-02
2.767642305257399932e-02
2.774089062995040156e-02
2.780676855394089916e-02
2.786870993340019934e-02
2.793004683134180099e-02
2.799466975183649911e-02
2.805911853164070116e-02
2.811878517830300114e-02
2.818655680259030127e-02
2.824825606646400034e-02
2.830855694573980105e-02
2.837074381047510058e-02
2.843264020348069965e-02
2.848515063312660051e-02
2.854646047181930157e-02
2.860016357580070015e-02
2.865239941408720056e-02
2.870085655877750025e-02
2.874637982075979939e-02
2.879357768164880066e-02
2.883919633534959975e-02
2.888417135645739847e-02
2.892525532929370036e-02
2.896472202569269974e-02
2.900907839136149940e-02
2.905255704475990033e-02
2.909156309327099940e-02
2.913778788239180031e-02
2.918550288950669952e-02
2.922703104831940110e-02
2.927939778523529907e-02
2.932968134404830007e-02
2.937613380541079927e-02
2.942758392917960153e-02
2.947457610822000126e-02
2.952588021026699913e-02
2.957634014714620105e-02
2.960020328488819838e-02
2.963604555779819974e-02
2.966485867270770085e-02
2.973118398889940117e-02
2.970182358975239842e-02
2.971560576100320053e-02
2.972093980023310031e-02
2.971392818596809912e-02
2.970653020952099960e-02
2.969652569906849893e-02
2.968171683889439874e-02
2.966768486752740033e-02
2.964421998650629969e-02
2.962110545025720132e-02
2.959225200735210101e-02
2.956968014731969907e-02
2.953649942928500069e-02
2.950481900570330052e-02
2.947478765574990112e-02
2.943815222607660056e-02
2.939784896450699930e-02
2.936007823414010093e-02
2.931494057201049913e-02
2.927428597396510013e-02
2.922855910436189877e-02
2.917893127135899947e-02
2.912857338191380055e-02
2.907443357843950138e-02
2.901804775506550138e-02
2.895824800078959996e-02
2.890598597210930140e-02
2.884263255935929846e-02
2.877715139825980095e-02
2.871654902692799896e-02
2.864705809754669943e-02
2.858335898506459902e-02
2.851720680202540076e-02
2.845011673521600018e-02
2.837723911907880092e-02
2.830021455498590160e-02
2.823460877920599965e-02
2.815677087430399836e-02
2.807872955272390156e-02
2.800187493342019829e-02
2.791844770537800155e-02
2.784578231108119847e-02
2.776319071994680018e-02
2.768396998213909846e-02
2.759768469006070035e-02
2.751048735936070105e-02
2.742614341846569964e-02
2.734455763088250099e-02
2.726098491346910097e-02
2.717351375634139907e-02
2.708521077565069837e-02
2.699799491610519950e-02
2.690616084715259995e-02
2.682448944318930120e-02
2.673695432448660106e-02
2.664710302952860016e-02
2.656417844060479996e-02
2.647566309811109908e-02
2.638664859060340165e-02
2.629631080919140121e-02
2.621304173615709998e-02
2.612266656095079895e-02
2.603929262101909933e-02
2.595216125211529876e-02
2.586661824135130100e-02
2.578340572334830022e-02
2.569846992918509848e-02
2.561785708470340137e-02
2.553352934034220159e-02
2.545333338150590138e-02
2.537499084596760157e-02
2.529830617412389890e-02
2.521495678084039946e-02
2.513950289911760089e-02
2.506106945677739894e-02
2.498346965830839858e-02
2.490953452840409879e-02
2.483602254538850099e-02
2.476149274212560009e-02
2.468773325338790084e-02
2.461517669000949995e-02
2.454520744062770043e-02
2.446635941470899980e-02
2.441227800108020096e-02
2.434189711588869917e-02
2.427934284882739963e-02
2.421477493599370062e-02
2.415128716127079925e-02
2.408612228097320104e-02
2.402729591707369883e-02
2.397067907349249849e-02
2.390840542251810100e-02
2.385385662725500108e-02
2.379671581768099883e-02
2.374361024391529948e-02
2.369551735830549913e-02
2.364473767181200087e-02
2.359372313692350079e-02
2.354855866507990156e-02
2.349921922297619828e-02
2.345248913200170121e-02
2.341103544109880003e-02
2.337441345935190040e-02
2.333060874779679938e-02
2.329695609405100024e-02
2.324989455192920038e-02
2.322055145384399957e-02
2.318920605145180155e-02
2.315656083509060048e-02
2.312465386374540008e-02
2.310000352788800157e-02
2.307503829455560124e-02
2.305131712420519993e-02
2.302851424840770059e-02
2.300519544086180104e-02
2.298873776861280055e-02
2.297248078824749851e-02
2.296154622384879995e-02
2.294812123696849879e-02
2.293611762374489840e-02
2.292694317668909909e-02
2.291890758735460124e-02
2.291699440309129948e-02
2.291565363517890017e-02
2.291599723868549890e-02
2.291519316886219890e-02
2.291792385489569914e-02
2.292258443866690074e-02
2.292931534578850072e-02
2.293520250354470075e-02
2.294621604113900037e-02
2.296250783029230025e-02
2.297530695424910077e-02
2.298800144508160101e-02
2.300359000539119875e-02
2.302227299509580077e-02
2.304450220983380107e-02
2.306603205410049859e-02
2.308934402782699888e-02
2.311465505453199829e-02
2.313994339883290036e-02
2.316928087653009893e-02
2.319870622653990092e-02
2.322512344092500167e-02
2.325871856718059877e-02
2.329326429373010029e-02
2.332944635781280043e-02
2.335964571177760046e-02
2.339662572242020080e-02
2.343165731921669978e-02
2.346864654797019972e-02
2.351479039269099847e-02
2.355341529280340074e-02
2.359622708615069855e-02
2.363765710719619925e-02
2.367959308812190092e-02
2.372592679720289879e-02
2.377201440295440005e-02
2.381977114807099991e-02
2.386848704352469847e-02
2.391207275110029951e-02
2.396651912020589942e-02
2.401618348902780087e-02
2.406794192784179887e-02
2.411642395341660056e-02
2.417254693753320000e-02
2.422616525484529854e-02
2.427926330096700017e-02
2.433471990857330111e-02
2.438707793149389944e-02
2.444528933207399876e-02
2.450596345680779858e-02
2.456106076335560010e-02
2.461794847212920093e-02
2.467877107897580025e-02
2.473893525685959965e-02
2.479717919623949940e-02
2.486341499471469985e-02
2.492780962535599831e-02
2.498344509220469870e-02
2.504986762885570012e-02
2.511008938161729889e-02
2.517458922371669863e-02
2.523402746479199918e-02
2.530137547463959941e-02
2.536505628727810102e-02
2.542731126880160009e-02
2.549971950028650028e-02
2.555760445940519904e-02
2.562602406380950007e-02
2.569171019279930038e-02
2.575296252855300075e-02
2.582387773813750106e-02
2.589019439242029944e-02
2.595262525257899938e-02
2.602468045553889969e-02
2.609358530295589895e-02
2.615976247812720062e-02
2.622522795984190067e-02
2.629322916277530148e-02
2.635915467384319921e-02
2.642509656622810121e-02
2.649145691663970167e-02
2.655374158856809927e-02
2.662540864399549900e-02
2.669313015494060096e-02
2.676030920617719980e-02
2.682684618099830109e-02
2.689148615117760086e-02
2.696263501662750015e-02
2.703243880667589860e-02
2.710334721367450156e-02
2.716832025968179964e-02
2.724334651940489918e-02
2.731081816408250165e-02
2.738345782314970112e-02
2.745323401546089989e-02
2.752103681074359945e-02
2.759271627553890049e-02
2.766111626412300073e-02
2.772443395448569853e-02
2.779520012638420079e-02
2.776699163579560148e-02
2.777595025102089915e-02
2.807658628014459909e-02
2.744345859623250131e-02
2.815547615581439830e-02
2.832842030020510035e-02
2.833559737950660032e-02
2.841647672506780048e-02
2.846881439837729844e-02
2.858565389467879886e-02
2.866497073855259897e-02
2.873320007970099968e-02
2.882890637628890071e-02
2.890971726470770164e-02
2.902992677163850066e-02
2.910726325050000049e-02
2.926586023233769887e-02
2.935850731638579847e-02
2.944338266046930136e-02
2.952260916715520114e-02
2.959124004838889835e-02
2.965032685274560098e-02
2.969576860423649850e-02
2.972920760300079915e-02
2.975224230879890130e-02
2.976664066019730007e-02
2.977237291641670128e-02
2.977219688328409941e-02
2.976980207850169965e-02
2.976350879500199928e-02
2.976400392098960124e-02
2.975871968731779935e-02
2.975312475702610038e-02
2.974037092506580035e-02
2.972831596194960152e-02
2.971244370502729854e-02
2.969397151691599915e-02
2.967858067255620125e-02
2.966522824791439916e-02
2.965699901899949975e-02
2.964184836771240061e-02
2.963242999504199851e-02
2.961269203820589974e-02
2.960097405295580159e-02
2.958764428703700156e-02
2.957458849500830059e-02
2.955797323491880096e-02
2.953781232787469971e-02
2.952334604248610037e-02
2.950450625431530124e-02
2.948454536031459849e-02
2.946942001724050034e-02
2.945210630754179978e-02
2.943529298084230153e-02
2.941597925022640045e-02
2.939998318894709861e-02
2.938281972693899957e-02
2.936583776239089921e-02
2.934771879486839860e-02
2.932947032464229900e-02
2.931241224963839972e-02
2.930148993052069870e-02
2.928630149511720140e-02
2.927099138484300089e-02
2.926199007986380121e-02
2.924754977771009887e-02
2.923306439698280038e-02
2.922278160919000028e-02
2.921028700583000112e-02
2.919853825743300157e-02
2.918211922297420102e-02
2.916945501115380049e-02
2.915361399727350172e-02
2.913672644648000049e-02
2.912024039114139914e-02
2.910890516797839944e-02
2.909506272909950092e-02
2.907578062866880003e-02
2.906045726896770015e-02
2.903981194538540062e-02
2.901890511850499857e-02
2.900041982788889930e-02
2.897503218841280051e-02
2.894722315981229990e-02
2.891947291446349960e-02
2.889179462016139982e-02
2.885930975311620100e-02
2.882836739209480165e-02
2.879545296248989944e-02
2.875898562475140072e-02
2.872499755065750088e-02
2.869304625098099970e-02
2.864749521874389998e-02
2.861294576159729985e-02
2.856994049499959887e-02
2.852905288044629839e-02
2.849186982057230061e-02
2.844912827942660052e-02
2.840119791395909893e-02
2.835864852054130122e-02
2.831396808245989841e-02
2.826928752042679946e-02
2.822606779367859905e-02
2.818405443666020110e-02
2.813024321990700155e-02
2.808415079825229976e-02
2.803158057211409954e-02
2.798967088298200123e-02
2.794102888340270138e-02
2.789641514661519994e-02
2.784062626493600048e-02
2.779352325124210057e-02
2.773897122464559842e-02
2.769219977108799968e-02
2.763914488680980011e-02
2.759500724853269915e-02
2.753739139461870017e-02
2.748452687682410162e-02
2.742987685193660000e-02
2.738316190536040085e-02
2.732825142645320046e-02
2.727940019584410014e-02
2.722643356313129981e-02
2.717377826231920021e-02
2.711995237456980151e-02
2.706677571410069996e-02
2.701589383665390157e-02
2.696322160599479850e-02
2.691285067799289998e-02
2.686164410281309881e-02
2.681223223591229846e-02
2.675497237873879913e-02
2.670662546539590010e-02
2.664957184915000069e-02
2.659574948054179919e-02
2.654569757237509875e-02
2.649520470487630106e-02
2.644421396067920052e-02
2.639685523462220046e-02
2.634537662745189968e-02
2.628798421400830101e-02
2.623857429720620124e-02
2.618996268557149953e-02
2.614277357577169877e-02
2.609394213801050078e-02
2.604945221493200000e-02
2.600142551335530086e-02
2.595169615349289874e-02
2.590634359889370034e-02
2.586142174083539899e-02
2.581256155577330014e-02
2.577097521779320166e-02
2.572935387314029959e-02
2.567808709889519980e-02
2.564161275521580075e-02
2.559996950521519973e-02
2.555899225901930166e-02
2.552010270610149956e-02
2.548096033404709942e-02
2.544557353944210121e-02
2.540547286320090151e-02
2.536965623583150101e-02
2.533611389512279918e-02
2.529891550399359854e-02
2.526096745158069867e-02
2.522634570895690084e-02
2.519490646661750113e-02
2.516325875474970108e-02
2.513180732175330015e-02
2.510056143837699830e-02
2.507123986653660153e-02
2.504603953644279901e-02
2.501491813533100045e-02
2.498855703852160062e-02
2.496004750013650075e-02
2.493684613162529956e-02
2.490941528324730134e-02
2.488957183532549897e-02
2.486502486016529956e-02
2.484074324967289887e-02
2.482033079132359848e-02
2.480015667351620143e-02
2.476790747627019909e-02
2.475922576031749922e-02
2.473881413297379997e-02
2.472341448094770092e-02
2.470779225463039935e-02
2.468843429451969898e-02
2.467257826351830149e-02
2.465585367746740003e-02
2.464398365240070068e-02
2.463383694857339962e-02
2.461709731086040090e-02
2.460131248105480034e-02
2.458233639399460060e-02
2.457793221345350165e-02
2.456768649728790013e-02
2.455645709777999966e-02
2.454759209144280127e-02
2.453795652913339995e-02
2.452943260535010023e-02
2.451510238673849928e-02
2.450651883455889912e-02
2.448908589085169868e-02
2.448189236330379839e-02
2.448099914347870096e-02
2.447422077006540173e-02
2.446709683593410040e-02
2.445889929482270020e-02
2.444729970047439943e-02
2.444326972117780161e-02
2.443401844758739949e-02
2.442178558551020076e-02
2.442138162632770046e-02
2.441111142486960053e-02
2.440816772840759957e-02
2.439802906659820081e-02
2.439100666237669843e-02
2.438649219856429962e-02
2.437753584743010057e-02
2.437099012840110088e-02
2.436266484324270051e-02
2.435575418134760042e-02
2.434832341035389827e-02
2.433835514734410121e-02
2.433488467981450090e-02
2.432668168803209935e-02
2.431983193751499975e-02
2.431341840042300015e-02
2.430268134275450145e-02
2.429601212953259870e-02
2.428755371003049959e-02
2.428160674365659882e-02
2.427086914856680169e-02
2.426747119582349857e-02
2.425809953210890033e-02
2.424707331813830136e-02
2.424227690474990010e-02
2.423287208296760059e-02
2.422236549217789831e-02
2.421833458557389948e-02
2.421190898385289919e-02
2.420148709705960063e-02
2.419389613187829940e-02
2.418842996229390169e-02
2.418107217004989914e-02
2.417046037163660122e-02
2.416365683993920016e-02
2.415943268320170159e-02
2.415034152276039972e-02
2.414163581760959965e-02
2.413297025565220091e-02
2.412378998816390105e-02
2.412030827722669996e-02
2.411068195998700148e-02
2.410880134415679943e-02
2.409246275406479870e-02
2.409200275480050113e-02
2.408886936953540114e-02
2.408318299395139847e-02
2.407019726487880096e-02
2.406352847411930007e-02
2.407004041660100110e-02
2.406384012064089958e-02
2.405797821574260156e-02
2.405194423898179834e-02
2.405441073522709972e-02
2.405040291927710086e-02
2.404198272193270106e-02
2.405211221889049997e-02
2.405168387673330133e-02
2.405082375139199966e-02
2.405168387673330133e-02
2.405388938664250117e-02
2.404495360317919841e-02
2.405419566045690141e-02
2.405503433150259912e-02
2.405988908357269834e-02
2.406358631654989880e-02
2.406652407874190075e-02
2.407235529871459834e-02
2.407837323955110131e-02
2.408912095945900042e-02
2.409433614989730035e-02
2.410028721496080065e-02
2.410947772202080147e-02
2.411416610368680158e-02
2.412385998896179884e-02
2.413567479096380072e-02
2.414648566333400109e-02
2.416292141210539882e-02
2.417162003864059897e-02
2.418310800769740004e-02
2.419622339319359855e-02
2.420790847730710030e-02
2.422336968843670155e-02
2.423808378948499875e-02
2.425378605731930148e-02
2.426231353353229883e-02
2.427965379217230171e-02
2.430008593867959837e-02
2.431194258483889911e-02
2.432911096104420010e-02
2.434840092885710156e-02
2.436593480675059917e-02
2.438787052464790051e-02
2.440149935294329969e-02
2.441813109428650139e-02
2.443830614357880154e-02
2.445845908295729912e-02
2.447728932668940052e-02
2.450205489415690011e-02
2.451604271093970125e-02
2.453855074918529985e-02
2.456096872373480025e-02
2.458064754854250022e-02
2.460397600098860119e-02
2.462510928654580017e-02
2.464819410532210001e-02
2.467383228551699864e-02
2.469612200622970169e-02
2.471535234564979991e-02
2.474463966581570001e-02
2.476900225487730159e-02
2.479123069176989921e-02
2.481936725651969974e-02
2.484262611003030044e-02
2.486900902357220070e-02
2.489632205835960038e-02
2.492360004879640156e-02
2.494902554240920056e-02
2.497696434465870169e-02
2.500627635512640140e-02
2.503274946114390082e-02
2.506814885585000041e-02
2.509674966995030163e-02
2.512931756067079969e-02
2.515942328967420150e-02
2.519246358754809872e-02
2.522712493182880170e-02
2.526192390345290140e-02
2.529436273607929900e-02
2.532931169696800086e-02
2.536227625903820018e-02
2.539964365119520145e-02
2.543778200584510124e-02
2.547672125744879917e-02
2.551118675572559835e-02
2.555217038244749980e-02
2.558733973307910151e-02
2.563220146083789938e-02
2.566922947716950010e-02
2.571512721322529935e-02
2.575574307431759830e-02
2.580256874143760024e-02
2.584300554679010153e-02
2.588624914851590103e-02
2.592987197074270167e-02
2.597858315439750126e-02
2.602188868740139965e-02
2.607094000171579842e-02
2.611854616353670097e-02
2.615778531341760027e-02
2.621546646197309843e-02
2.626685033709590111e-02
2.631104260827520080e-02
2.636232803432300015e-02
2.641214344331810002e-02
2.646133713676149940e-02
2.651033833273280099e-02
2.655077391749920135e-02
2.660565891409090097e-02
2.654778803022530068e-02
2.640338949428880019e-02
2.676216813138329945e-02
2.681624728779799863e-02
2.686244265041640156e-02
2.628125217475400094e-02
2.635987485621290108e-02
2.652921513896629863e-02
2.682721193883350064e-02
2.719718705765630101e-02
2.535420783896909919e-02
2.630481967892630071e-02
2.614450684279810005e-02
2.752222024627800148e-02
2.688382286913930039e-02
2.742818759783989882e-02
2.763082076812720111e-02
2.769313946975639901e-02
2.776444255947390152e-02
2.784385423526839973e-02
2.791813406986259904e-02
2.799830784624320057e-02
2.807276063065209867e-02
2.814393790187559932e-02
2.820428500475349876e-02
2.826041606289919975e-02
2.831488263915039882e-02
2.836099114921670009e-02
2.839401534547170147e-02
2.842008427269160017e-02
2.843313235079079904e-02
2.843780872117960060e-02
2.844388687525030088e-02
2.844566754877449893e-02
2.844678489339389979e-02
2.844560156898159886e-02
2.844825850739370054e-02
2.844453553632210127e-02
2.844585576259759871e-02
2.844511421308160148e-02
2.844261005885179855e-02
2.843830484978270012e-02
2.843169481492789988e-02
2.842900947968679884e-02
2.842800441398650110e-02
2.842352772271980119e-02
2.842229255560359963e-02
2.841911180095939987e-02
2.841492910168149852e-02
2.841272610967309972e-02
2.841090882354619859e-02
2.840310582625479863e-02
2.839607908198070116e-02
2.838896276253790110e-02
2.838832899370830054e-02
2.838593050919420088e-02
2.837893610799499880e-02
2.837613291255320150e-02
2.837287796592479969e-02
2.836656657561400022e-02
2.836392080976250091e-02
2.835893504312949828e-02
2.836262065802879970e-02
2.836096676307029926e-02
2.836262065802879970e-02
2.836166929686800148e-02
2.836288644810579934e-02
2.835893504312949828e-02
2.836233610716680162e-02
2.836262065802879970e-02
2.836182249331530014e-02
2.836182249331530014e-02
2.835826522065320113e-02
2.835717436636649852e-02
2.835464760668680168e-02
2.835151775657139897e-02
2.834984185268559984e-02
2.834684503565499877e-02
2.834210875013749853e-02
2.833579932461829931e-02
2.832408196902759870e-02
2.831860806998569985e-02
2.831068338182470001e-02
2.829558801953700048e-02
2.828794054774120062e-02
2.827042513861000028e-02
2.825332839044050054e-02
2.823949550450439994e-02
2.821988885465830099e-02
2.820316544827570007e-02
2.818783185944239919e-02
2.816945418949479835e-02
2.814554413418619838e-02
2.813091990794940045e-02
2.811258107184850044e-02
2.809463172656369995e-02
2.807635505024949976e-02
2.806190633885709967e-02
2.804220968606519968e-02
2.802543312995110086e-02
2.800580085640340042e-02
2.798788363352220157e-02
2.796751709944830105e-02
2.795074551208870037e-02
2.793074703679580134e-02
2.791232263931529844e-02
2.789589496019440062e-02
2.787393327877029855e-02
2.785024714039520052e-02
2.783298595174450024e-02
2.781696381449539832e-02
2.779450284303739901e-02
2.777340839183619833e-02
2.775274945492630166e-02
2.772850460570040060e-02
2.770670218660320136e-02
2.769054245789959873e-02
2.766890971583770009e-02
2.764670642326719913e-02
2.762165983059229959e-02
2.760355269472750117e-02
2.757690390282839868e-02
2.755539035820259858e-02
2.753432581987690086e-02
2.751844068552130110e-02
2.748730449815089960e-02
2.746287429486920020e-02
2.743792111236999925e-02
2.741629078049550097e-02
2.739577078252029840e-02
2.737056062847110019e-02
2.734964593019800078e-02
2.732182316182230064e-02
2.729899552439489854e-02
2.727378994693389902e-02
2.724676867589649956e-02
2.722018101772299969e-02
2.719853244873930015e-02
2.716964937159540086e-02
2.714585863311680045e-02
2.711711544411480115e-02
2.709622821916519986e-02
2.706582171820200167e-02
2.704267390959159967e-02
2.701668194435069906e-02
2.698826183846339891e-02
2.696361844572589886e-02
2.693479307062320027e-02
2.690664158867630065e-02
2.687754578539749972e-02
2.684961623275049919e-02
2.682726470560339860e-02
2.679654210776270112e-02
2.677427574701339921e-02
2.674113035598630131e-02
2.671102027191930156e-02
2.668341196088799827e-02
2.666066157349400098e-02
2.663254670545750144e-02
2.660517451267399927e-02
2.657658829278930143e-02
2.654653854193739920e-02
2.651725205603330110e-02
2.649024448385400160e-02
2.646454271921450108e-02
2.643921843772209859e-02
2.640963073138330106e-02
2.638589736281320153e-02
2.635661481650350066e-02
2.633399972505980069e-02
2.630438852704520061e-02
2.627826435636520033e-02
2.625495266131639902e-02
2.622564199551479999e-02
2.619826342551119860e-02
2.617347876201589832e-02
2.614518097425759871e-02
2.612098514501789981e-02
2.610076641217149926e-02
2.607693713179580139e-02
2.605222553218400003e-02
2.603255856990209852e-02
2.601010710046449889e-02
2.598957798171150010e-02
2.596138225116079862e-02
2.594597236471540141e-02
2.592712295576449916e-02
2.590605531638049894e-02
2.588789214748559928e-02
2.586851019660139916e-02
2.584929947421769902e-02
2.583650688489910058e-02
2.582041864195759942e-02
2.580703204298339867e-02
2.578903864557939921e-02
2.577597684179349855e-02
2.576390423045530134e-02
2.574944449559540133e-02
2.573950441998710051e-02
2.572383491911790082e-02
2.571398720475810001e-02
2.570403401490189976e-02
2.569701564768850019e-02
2.568489149613690029e-02
2.567837743018179866e-02
2.567175549651520144e-02
2.566573320951549830e-02
2.565846550224280126e-02
2.565083971997900170e-02
2.564034092413990107e-02
2.563535361313579869e-02
2.563141687564799917e-02
2.562727844547299863e-02
2.562189671269430105e-02
2.561597941175990101e-02
2.561356772926240075e-02
2.560953218133149925e-02
2.560558328813759832e-02
2.560511310379679981e-02
2.559935265635579840e-02
2.559561990209729965e-02
2.559351604562500049e-02
2.559169443684509992e-02
2.558717999412370159e-02
2.558597115004039926e-02
2.558545150058999865e-02
2.558213818436790021e-02
2.557734141118049934e-02
2.557942898150220024e-02
2.557362756555400102e-02
2.557128821579069886e-02
2.556908637888229835e-02
2.556599702503569924e-02
2.556892436685639924e-02
2.556422118781019950e-02
2.556318772539099837e-02
2.555767414768370105e-02
2.555479525442829955e-02
2.555113865655849956e-02
2.555155332885060068e-02
2.554752459941269857e-02
2.554724730725619827e-02
2.553962713471260096e-02
2.553537614474070058e-02
2.553268916049369897e-02
2.552888571231340040e-02
2.553062383986939854e-02
2.552676346169860042e-02
2.551933889578069867e-02
2.551539004696659965e-02
2.551497792967519912e-02
2.550829620214959889e-02
2.550108463076879856e-02
2.550127570147159989e-02
2.549640457253180004e-02
2.549085747122040169e-02
2.548696975571650147e-02
2.548148131488270005e-02
2.547731592849960050e-02
2.547213277185940081e-02
2.546899055016720037e-02
2.546623131100130000e-02
2.546421721139230029e-02
2.545735339085379925e-02
2.545084741971989986e-02
2.544718297574749891e-02
2.544358944317140145e-02
2.544258742984779886e-02
2.543789967200139890e-02
2.543190486767010067e-02
2.542639658778250017e-02
2.542393574726040106e-02
2.542013919173270048e-02
2.541827708047419976e-02
2.541293245414959906e-02
2.541631073008050051e-02
2.541155997249760004e-02
2.540482260796370073e-02
2.540364507671459895e-02
2.539959249168510097e-02
2.539440168262090125e-02
2.539419109003610009e-02
2.539260376057739937e-02
2.539480617315759831e-02
2.538953588873929870e-02
2.538651762122930144e-02
2.538796383058379916e-02
2.538747111555739872e-02
2.538839914475009979e-02
2.538708211327930092e-02
2.538873903530480119e-02
2.538408450969410063e-02
2.538377844014769874e-02
2.538488976829509844e-02
2.538801092662390166e-02
2.538669868689179959e-02
2.539225082609860087e-02
2.538914474141280159e-02
2.539393340602829827e-02
2.539481847798739922e-02
2.539847926967159913e-02
2.540446150085240093e-02
2.540644645598420098e-02
2.540996761051179942e-02
2.541893400966219879e-02
2.542001117750729983e-02
2.542717230946280049e-02
2.543219351079080079e-02
2.544347888422289830e-02
2.545113121575430168e-02
2.546180531239839936e-02
2.546805058398370070e-02
2.547695060190290073e-02
2.548693619487970088e-02
2.549852814197110101e-02
2.550709447949730049e-02
2.551752915171860009e-02
2.553095578607370020e-02
2.553815427393560031e-02
2.555361080710799940e-02
2.556349797626709941e-02
2.557728632725099829e-02
2.559119024589069993e-02
2.560695577908389878e-02
2.562290205950340169e-02
2.563664816264860091e-02
2.564784972967990018e-02
2.566324106997959834e-02
2.567697986064169935e-02
2.569357174605850155e-02
2.570240133772039998e-02
2.572714344742340134e-02
2.573884896058559885e-02
2.575535693765889853e-02
2.577072306461889936e-02
2.578740676378099908e-02
2.580098362308340040e-02
2.582118371385299857e-02
2.583596857784380141e-02
2.584997027600340058e-02
2.586529904438520169e-02
2.587723957910170042e-02
2.589237846459909939e-02
2.591175951643700029e-02
2.592514480334629987e-02
2.593967406239600093e-02
2.595345623256229903e-02
2.596796579056670148e-02
2.598070391451959976e-02
2.599118021719799831e-02
2.600452865275919984e-02
2.601714548858639897e-02
2.602815324506830078e-02
2.604181391853389871e-02
2.604878404585760088e-02
2.606166149013780173e-02
2.607603439507660131e-02
2.607316179189399924e-02
2.609395018103890032e-02
2.609888200430229843e-02
2.610904543308719891e-02
2.611119338366589895e-02
2.612351035661800158e-02
2.612722511083459889e-02
2.613850358197120083e-02
2.614238714395110061e-02
2.614938504343740019e-02
2.615497120339759993e-02
2.615698590405820048e-02
2.616811859527680070e-02
2.617456463326359867e-02
2.617601515032259851e-02
2.620170552040360090e-02
2.618623921086240050e-02
2.618197624009760069e-02
2.618713141103659950e-02
2.618868340475830059e-02
2.619453248367119985e-02
2.619704890345250087e-02
2.623264796244840005e-02
2.619360961968309962e-02
2.623412175890220063e-02
2.619554002962249870e-02
2.619780892085559962e-02
2.619240914121809954e-02
2.619396718782280101e-02
2.618891513908689836e-02
2.618828334540470107e-02
2.617979521413160010e-02
2.617768111344589976e-02
2.617536510820590162e-02
2.617300894795060104e-02
2.616517952056909846e-02
2.615856963445059927e-02
2.614623105038290166e-02
2.614100735748639895e-02
2.613168882632129972e-02
2.612481359305299927e-02
2.611757673822559869e-02
2.610891323309820142e-02
2.610074344545229921e-02
2.608999170058549921e-02
2.608085160807870062e-02
2.606986930647639880e-02
2.605680423605459886e-02
2.605138840047530047e-02
2.603845878442919912e-02
2.602709259911240025e-02
2.601149667055690021e-02
2.600218514671140055e-02
2.599150112270350033e-02
2.597325346711050129e-02
2.597179380656300038e-02
2.595819002109139850e-02
2.595027230221400028e-02
2.593894223318329861e-02
2.593135875291310150e-02
2.592323956306529995e-02
2.591376592057699838e-02
2.589056961731889955e-02
2.588603669632339940e-02
2.588703792985910107e-02
2.587548866209070028e-02
2.587237568979459945e-02
2.586835415423470105e-02
2.586328626560959951e-02
2.586264964590050119e-02
2.585764963526910112e-02
2.585543746159599948e-02
2.584984067570969893e-02
2.585058659645780160e-02
2.584708842235719853e-02
2.585042034123409896e-02
2.585177129092949833e-02
2.585691166574979882e-02
2.585188260462300061e-02
2.585699681249760060e-02
2.586496723953629964e-02
2.586717885709670026e-02
2.587357767300989958e-02
2.588711156621259848e-02
2.589208960610920110e-02
2.589800496796179977e-02
2.591214701282760005e-02
2.592073905164690023e-02
2.593538275435210150e-02
2.594973131717409967e-02
2.596055857939779873e-02
2.597597857972079941e-02
2.599337278622829844e-02
2.601306110467530019e-02
2.602940411092879991e-02
2.604680071957750018e-02
2.607036051152620063e-02
2.608351433063950051e-02
2.611266639757209990e-02
2.613191023370519880e-02
2.615556958155660153e-02
2.617662543224360053e-02
2.620013660256850091e-02
2.622810320327740100e-02
2.625440219214639909e-02
2.628584720851909889e-02
2.631205680619060072e-02
2.634145027236139969e-02
2.636959278285659972e-02
2.640041361862729974e-02
2.643682514700690031e-02
2.646378690534790037e-02
2.649396332787819913e-02
2.652011695417920076e-02
2.655366674559930112e-02
2.658775485708569919e-02
2.661933837289119989e-02
2.665413924228210094e-02
2.668819601722099977e-02
2.672138848494460053e-02
2.674899447268680105e-02
2.678266447433360134e-02
2.681745090965829970e-02
2.684964329448639997e-02
2.688244979031670021e-02
2.692298770461759930e-02
2.694773127353810097e-02
2.698380038148640025e-02
2.701428540732300071e-02
2.705190761965090007e-02
2.709110203532660160e-02
2.713356990446980088e-02
2.717410175396330063e-02
2.721066212939200063e-02
2.724869537993450039e-02
2.728199708006119953e-02
2.731771779165749828e-02
2.735125414278720066e-02
2.738792858360209956e-02
2.740783947148840022e-02
2.743072920470390058e-02
2.745688932163059884e-02
2.748128255589549901e-02
2.750104793891859981e-02
2.752670604022559864e-02
2.754384674740920080e-02
2.756241107809030005e-02
2.757764066649640022e-02
2.759677563895309924e-02
2.761481218090380135e-02
2.763383319145780101e-02
2.764420864610959983e-02
2.766156438583949884e-02
2.767463783333340074e-02
2.768681757040659941e-02
2.769620528851019989e-02
2.770382626236109896e-02
2.770913460201759881e-02
2.771171748685349878e-02
2.771304110651020072e-02
2.771249186072479928e-02
2.771417198812079971e-02
2.771149978588580143e-02
2.771332301281419913e-02
2.771181001371720090e-02
2.770908209075099993e-02
2.770301496896489940e-02
2.770106819184960101e-02
2.769629264090659945e-02
2.769470148386439859e-02
2.769017011723939881e-02
2.768670099378809854e-02
2.767801270465339997e-02
2.767327561836710123e-02
2.766900212252550173e-02
2.766102508074530161e-02
2.765629973636609881e-02
2.764923155287760115e-02
2.764542120379789858e-02
2.763913855013529902e-02
2.762773541254049878e-02
2.762288933733679855e-02
2.762164118210369904e-02
2.761937781930259850e-02
2.761183193818399911e-02
2.760270149508649989e-02
2.759646531885550161e-02
2.758471880598459963e-02
2.757546081368770011e-02
2.756906757654619886e-02
2.756150345602139881e-02
2.755387821845220117e-02
2.754312778135159859e-02
2.753141987050599857e-02
2.751943587793840088e-02
2.750152502711199903e-02
2.748652705376000011e-02
2.746879567547340015e-02
2.745694578848980119e-02
2.744298742401770144e-02
2.742226018428289835e-02
2.740818084095510143e-02
2.738990905953509955e-02
2.737295632708090093e-02
2.735679324797449935e-02
2.734345453542219931e-02
2.732697828237649895e-02
2.730722286991740105e-02
2.728802048800450103e-02
2.726757182604529900e-02
2.725148078211140149e-02
2.723611711213649866e-02
2.721440827913300040e-02
2.719721140076359830e-02
2.718218640645660156e-02
2.716022052322900060e-02
2.714378382664529854e-02
2.712676032019930086e-02
2.710546066302550045e-02
2.708917085328649971e-02
2.706794363770309922e-02
2.704736248077760016e-02
2.702783529731700093e-02
2.700900283931099988e-02
2.698626876779040146e-02
2.696680796109430026e-02
2.694396644362660048e-02
2.692590334383980141e-02
2.690213341644279860e-02
2.688361193842889879e-02
2.686063473006290031e-02
2.683562668495259942e-02
2.681966423567659977e-02
2.679444049281999932e-02
2.677287949135490064e-02
2.674916744220200149e-02
2.672554136233830022e-02
2.670028291819660088e-02
2.667292041321800075e-02
2.665280249027110124e-02
2.662208205572980102e-02
2.659478050410329919e-02
2.657094516530850159e-02
2.654317030843940037e-02
2.651615969346189997e-02
2.648760133126280142e-02
2.646606741416209982e-02
2.643851349290150116e-02
2.640987623954239860e-02
2.638158707116569981e-02
2.635201865465590029e-02
2.632781976524820045e-02
2.630674449734509909e-02
2.627226369740169945e-02
2.624737886188829861e-02
2.621981068643779861e-02
2.619665930310209959e-02
2.616845731606949957e-02
2.614502456770869884e-02
2.612071138242470086e-02
2.609353813324699969e-02
2.607304667158059919e-02
2.605073886167169964e-02
2.602795098159340140e-02
2.600551719318729832e-02
2.598677262013560085e-02
2.596649301443130012e-02
2.594631330234760044e-02
2.592824816516780054e-02
2.591119950447570014e-02
2.589394471997810004e-02
2.587478439827780100e-02
2.585860880130970083e-02
2.584252196683450159e-02
2.582527558079280097e-02
2.581353527865350161e-02
2.579910665975329934e-02
2.578379253497349935e-02
2.577170253024780103e-02
2.576343593176800076e-02
2.574919882492220091e-02
2.574477830459169850e-02
2.573182232895439986e-02
2.572096328502829904e-02
2.571225423624450002e-02
2.570672584126820065e-02
2.569632752552790042e-02
2.568997760384479981e-02
2.568392067931339964e-02
2.567755780275260066e-02
2.567266638082970134e-02
2.567203405176820066e-02
2.566896122776880090e-02
2.566455233050059931e-02
2.566309655979159832e-02
2.566379575723620049e-02
2.566211880239289977e-02
2.566139135981429856e-02
2.566109022049349944e-02
2.566059868659820165e-02
2.566085080755969861e-02
2.566567482674720138e-02
2.567133298347129902e-02
2.567012250676210111e-02
2.567496775443829995e-02
2.567987509250710051e-02
2.568674453523180079e-02
2.569024703256099842e-02
2.569856176469120096e-02
2.570757874686020045e-02
2.571014658003200129e-02
2.571690096027010042e-02
2.572542792762400055e-02
2.573671614362340113e-02
2.574287612880049939e-02
2.575266992840880009e-02
2.576544834056089875e-02
2.577042100812329886e-02
2.578416677139960117e-02
2.579731247068620115e-02
2.580361790139129932e-02
2.581457714357560107e-02
2.582870442151040044e-02
2.583696384230179874e-02
2.584740200207550145e-02
2.586305523609330054e-02
2.587400622320960158e-02
2.588367919449499968e-02
2.589532021655779892e-02
2.590560211714909924e-02
2.591768477218180100e-02
2.592807216183050031e-02
2.594124212861549997e-02
2.594931711814840031e-02
2.596014632698270125e-02
2.597209538247999966e-02
2.598484955252260142e-02
2.599450008235150086e-02
2.599905017595549941e-02
2.601116125101299997e-02
2.602328950310570099e-02
2.602982956299470033e-02
2.603740286096339895e-02
2.604620263330340024e-02
2.605478886435860092e-02
2.606118603407860113e-02
2.606151063712260074e-02
2.607230836270369931e-02
2.607881072681359977e-02
2.608108608260460010e-02
2.608860493730770155e-02
2.609366160650889929e-02
2.609853075747000165e-02
2.610209160896239874e-02
2.610789281341030152e-02
2.611067862987019941e-02
2.611356509310239910e-02
2.611433306387269879e-02
2.611928509979689894e-02
2.612148534377110171e-02
2.612302729843899926e-02
2.612498583808349831e-02
2.612707074971100038e-02
2.612785936607680062e-02
2.612976523940430118e-02
2.613520691804439855e-02
2.613676591824570100e-02
2.613665195879459960e-02
2.614150782235619835e-02
2.613774709055469853e-02
2.614121022438320105e-02
2.614119136181180039e-02
2.613990977225130047e-02
2.614445506054860133e-02
2.614715635144729960e-02
2.614444987145009974e-02
2.614846025540869950e-02
2.614817693403770002e-02
2.615152013909819925e-02
2.615420156184819836e-02
2.615306893353400164e-02
2.615505454139329874e-02
2.615913165436449875e-02
2.615891008953059871e-02
2.616475932048080086e-02
2.616706693434429909e-02
2.616914115461030019e-02
2.617043155002990104e-02
2.617601553598510045e-02
2.618079703584410070e-02
2.617897193626909924e-02
2.618597401589500134e-02
2.618808870518209847e-02
2.619079458527559870e-02
2.619585445864619846e-02
2.619698575456839984e-02
2.619889011781139851e-02
2.620531524291630152e-02
2.620450305691359935e-02
2.620750768223999855e-02
2.620888756688629848e-02
2.621198763730760162e-02
2.621851445976640035e-02
2.621918184265710147e-02
2.622219624394250131e-02
2.622455466133770050e-02
2.622438873942349938e-02
2.622387614974110159e-02
2.622669711060639924e-02
2.622597336523380118e-02
2.622669711060639924e-02
2.622754357574339987e-02
2.622950861615170118e-02
2.622820135883719914e-02
2.622024529400840062e-02
2.621956666089109850e-02
2.621294656730159892e-02
2.621123074184380022e-02
2.620260884549039868e-02
2.620051535900180112e-02
2.619476781591039902e-02
2.619017268005499957e-02
2.618181348678760151e-02
2.617666498094170166e-02
2.617056638150010162e-02
2.615877875982420067e-02
2.615125150971729998e-02
2.614084398072320098e-02
2.612543111006029872e-02
2.611732649718749924e-02
2.611205882993949956e-02
2.610153365328920019e-02
2.608694409478189841e-02
2.607881072681359977e-02
2.606677649628190083e-02
2.605755569689939891e-02
2.604510969474490081e-02
2.603231445048749884e-02
2.602106224661649911e-02
2.600767846641900000e-02
2.599956095087880073e-02
2.598746046171910087e-02
2.597452200224130078e-02
2.596621312737160125e-02
2.596016863249690082e-02
2.594447945357489932e-02
2.593313202401379899e-02
2.592593996333960107e-02
2.591652709003739938e-02
2.590966389065510120e-02
2.589964446330560166e-02
2.589509487966330098e-02
2.588411163770519899e-02
2.587404743821530156e-02
2.586890576210710072e-02
2.586133912409109906e-02
2.585433767149029893e-02
2.585047071453500100e-02
2.584154617975669907e-02
2.583943865245509966e-02
2.583121022473270148e-02
2.582475534409869877e-02
2.582095897379759961e-02
2.581688887115799955e-02
2.581190851801440020e-02
2.581218067503560087e-02
2.580695781935870084e-02
2.580657377657809975e-02
2.579890194802169842e-02
2.579959301119760101e-02
2.579734618416480024e-02
2.579856030469960051e-02
2.579802007544070019e-02
2.579465053047470119e-02
2.579033367931439849e-02
2.579443946453910050e-02
2.579244783044479933e-02
2.579391805847459918e-02
2.579638201661740154e-02
2.579628920890160090e-02
2.579687953302969849e-02
2.580007927859069919e-02
2.580475809283989952e-02
2.580635191957100089e-02
2.580850619836929857e-02
2.581416417921540002e-02
2.581489672774960054e-02
2.581911990261440137e-02
2.582328471803119890e-02
2.582937321180499984e-02
2.583271089193049999e-02
2.583892431808909942e-02
2.584700633444710072e-02
2.585126712993119844e-02
2.585772200352410080e-02
2.586191835696330030e-02
2.586916805062650093e-02
2.587603397336070074e-02
2.588468618716049940e-02
2.588951538406170094e-02
2.589565924166210148e-02
2.590794083510110021e-02
2.591479509437780160e-02
2.592289865982309871e-02
2.593082809725250071e-02
2.594124945236439897e-02
2.595310390897819994e-02
2.596101350391559828e-02
2.597027560844379981e-02
2.597955298084300008e-02
2.598901993528560106e-02
2.599424319481150047e-02
2.600788395834910047e-02
2.601712135760810007e-02
2.602759843894409883e-02
2.604025657592620030e-02
2.604683149995450087e-02
2.605400470847659897e-02
2.607100469760259900e-02
2.607966162328450091e-02
2.608640820980480043e-02
2.610000045434050092e-02
2.610941966479779844e-02
2.612354280049329971e-02
2.613213213152679876e-02
2.614374188451170158e-02
2.616249817971200153e-02
2.617189092977060053e-02
2.618233582496039963e-02
2.619146239160689837e-02
2.620393519821639927e-02
2.621991060388869851e-02
2.623348720256109962e-02
2.624602560942590132e-02
2.625280925044939928e-02
2.627011375781839950e-02
2.628378267485429950e-02
2.629893216390469940e-02
2.631077059937600091e-02
2.632724133026340119e-02
2.634515484830689952e-02
2.635800853256739865e-02
2.637408369305260097e-02
2.638955124544590039e-02
2.640694201280319869e-02
2.642231264407140026e-02
2.643955467711589860e-02
2.645855187247909968e-02
2.647748129691769939e-02
2.649595817643700044e-02
2.651018008361250011e-02
2.653308182909569837e-02
2.655178895393780006e-02
2.657101486828209944e-02
2.658394829975540066e-02
2.660452601998570046e-02
2.662567909122099882e-02
2.664868681298949993e-02
2.666761324931370136e-02
2.668608010861570068e-02
2.670689977224099954e-02
2.672810627433409858e-02
2.675081711586900154e-02
2.677285656193980137e-02
2.678866944533080108e-02
2.681252978652760161e-02
2.683286564793689946e-02
2.685484997667699977e-02
2.687502594902730149e-02
2.689426053877709902e-02
2.691206465598219855e-02
2.693410045886010171e-02
2.695665537432220121e-02
2.697564455593570026e-02
2.699139068426769858e-02
2.701281970485679834e-02
2.702996914330809894e-02
2.704603520769970071e-02
2.706528303759530088e-02
2.708188845385479937e-02
2.709969634955750051e-02
2.711861563422819990e-02
2.713383780684399879e-02
2.715755683987860006e-02
2.717624266384850024e-02
2.719343292808359958e-02
2.721694810157760172e-02
2.723579299642099952e-02
2.725109325777680044e-02
2.726962236522379943e-02
2.728669981093809899e-02
2.730067902020250070e-02
2.731374093101879980e-02
2.733025427342240105e-02
2.734295946758820081e-02
2.735894246416520001e-02
2.737041384408170006e-02
2.737973003003809844e-02
2.739651798459660087e-02
2.740221757295690022e-02
2.741555970694399894e-02
2.742690326962590047e-02
2.743570366824630083e-02
2.743899243541899832e-02
2.744713823315919968e-02
2.745329907191070007e-02
2.745690715989590122e-02
2.746188352442999886e-02
2.746520151174080063e-02
2.746729636638660030e-02
2.746579326742819988e-02
2.746827242106979899e-02
2.747331018824160018e-02
2.747293364249209918e-02
2.747404522877100116e-02
2.747430121616640034e-02
2.747155725432030154e-02
2.746789562280090025e-02
2.746511013899230122e-02
2.746053279236990163e-02
2.745435208262210144e-02
2.745310969164189985e-02
2.744658354709759995e-02
2.744218625478849968e-02
2.743434604467969926e-02
2.742982436464410159e-02
2.742080182362130122e-02
2.741658615910719937e-02
nan
