1.258909306459516930e-01
1.153413123058251999e-01
1.171011913661855058e-01
1.109506728453373975e-01
9.292260902402660339e-02
9.719487975231119736e-02
1.059605899650860050e-01
1.130375675566542004e-01
9.681557036743669575e-02
1.021946165956570951e-01
1.065019624951125954e-01
1.116491798671563063e-01
1.078962186833376941e-01
1.102156624324878015e-01
1.168740777979545009e-01
1.093892314805210986e-01
1.122056500261422035e-01
9.395253852374739478e-02
1.188609967963725061e-01
1.168063745340145038e-01
7.684742091565829880e-02
1.252458818225763992e-01
1.041745506895048051e-01
1.143938456064591963e-01
1.378482455869481926e-01
1.109739370435209038e-01
1.103147950024036955e-01
1.078261021273553971e-01
9.994614927449939346e-02
1.096138123431026068e-01
7.499250425337919412e-02
1.092270897942800995e-01
1.145193239672031987e-01
6.515748026964300610e-02
1.103516856044158972e-01
9.415931492432909333e-02
8.249221640633069841e-02
1.001738638923772018e-01
1.145445647340908035e-01
1.094344078267335957e-01
8.110957878330329884e-02
6.495247267605719355e-02
9.180240209637340054e-02
1.147773663163726976e-01
9.184161562647920329e-02
6.159372278594350131e-02
8.882445745894540501e-02
4.975659744563429993e-02
5.896200947057959885e-02
4.761748691927700228e-02
7.907309652550929824e-02
7.952826335606300034e-02
8.494460722798269359e-02
9.068878271330829688e-02
8.489388872603299829e-02
7.337891633155679827e-02
1.394509852507513081e-01
1.088081774277141062e-01
9.315617367693650175e-02
7.666023564196600137e-02
8.365784393805170138e-02
1.076821676573873066e-01
1.014719958846460046e-01
8.507289899002169753e-02
7.379126520858249327e-02
6.413255337950769797e-02
1.024622046477183940e-01
1.081214955690587010e-01
8.877106356739769555e-02
8.091853811397489715e-02
1.013353738081673033e-01
1.344280286460821927e-01
7.901383867133610073e-02
1.129506435406616022e-01
9.264625509965250527e-02
1.002105601478054941e-01
1.107561333588397978e-01
7.484437828060880316e-02
8.241746676653649573e-02
7.165737272225429499e-02
1.111559714518643022e-01
7.286938619756290481e-02
1.319583297074513051e-01
1.052917683597086040e-01
6.829017415013639847e-02
1.040975787876725067e-01
7.179127866307190298e-02
6.585825695465929996e-02
8.588214396873940226e-02
1.143533388742381945e-01
9.911957610558140563e-02
1.259936001057561095e-01
1.020612768690069005e-01
7.233854856695609570e-02
7.809926833926369993e-02
7.855545278913410312e-02
6.455054848562269409e-02
7.831900901501970269e-02
5.886270943621509794e-02
1.028640366781749943e-01
9.931958752216779596e-02
1.124737425893769932e-01
9.114634622817950615e-02
9.157250658042570546e-02
9.541790116142780109e-02
8.532106712517040226e-02
6.581490820290020194e-02
1.227250251957135024e-01
8.622762404478259701e-02
8.612879721418900680e-02
6.851483529415930418e-02
6.218660103582750176e-02
8.713148516205369842e-02
5.658446999577990133e-02
7.761740381135059930e-02
9.663641011751759879e-02
6.810578309839930566e-02
5.803690593135529818e-02
9.230417096728470161e-02
8.447493435094689807e-02
5.862479535361229954e-02
7.333356590768899674e-02
6.270693170217879475e-02
5.541274084206659900e-02
5.648497286496270003e-02
4.756709340536099950e-02
7.705605109036769984e-02
4.002437795282309807e-02
6.481551999752389881e-02
3.937022304530320149e-02
3.592011275188009695e-02
3.763244178150029762e-02
3.705479122805539760e-02
2.518450296181450054e-02
2.426330679529509898e-02
3.154662511879160330e-02
2.671097642236229877e-02
2.636018440286630113e-02
4.440018379806760090e-02
2.517683046498640081e-02
2.907105323806479999e-02
2.736121253096680112e-02
2.629487877749300123e-02
3.191093632048019879e-02
2.786345280783019893e-02
2.771337480232040004e-02
2.683589491602900168e-02
3.350215586770170090e-02
2.626480026878769830e-02
2.591588619777719996e-02
3.606612688015709695e-02
3.639707397217890189e-02
2.634945694887920117e-02
2.272689207287800078e-02
2.879227157676770080e-02
2.826134411540289978e-02
2.114653759201999897e-02
1.986295377191089895e-02
2.049931745642859932e-02
2.640222761684930114e-02
2.209534882710479861e-02
2.349199676261180120e-02
1.872446742229810085e-02
2.006444095037680092e-02
1.987878664656289943e-02
2.680621529015090113e-02
2.226722017827839975e-02
2.415052695192250118e-02
2.429700842398030067e-02
2.277394380792800016e-02
2.040804351615090051e-02
2.354200011579520024e-02
1.826488231279009902e-02
2.084504860677099947e-02
2.748853593653160024e-02
2.140104731738300126e-02
2.086030400476319990e-02
3.237488096310549984e-02
1.802477357633200036e-02
2.049483367409190085e-02
1.895066323074509965e-02
2.214891963996220084e-02
2.075506230112349887e-02
2.342164343304890123e-02
1.759424851770019851e-02
1.866881003805040060e-02
2.106725602430640013e-02
1.767736942952939996e-02
2.181827698636210067e-02
2.024587509702530097e-02
1.995080076988069856e-02
1.935837110119889917e-02
1.906216749390780146e-02
1.974040077246609973e-02
2.057035854979229889e-02
2.233823353615380092e-02
2.180209973934989914e-02
1.785034398521459856e-02
1.904344661125750154e-02
2.119115148154429931e-02
1.721346198334360034e-02
1.943515203278139980e-02
1.811823122002000075e-02
1.907284263528119875e-02
1.977617153489909935e-02
1.369834401079800083e-02
2.054213946335689892e-02
2.021975513519999948e-02
1.993459690475459997e-02
1.795597062295449867e-02
1.904621479444660107e-02
1.997777185073109849e-02
2.155914685049109894e-02
2.006714838543520105e-02
2.065716711764839855e-02
1.818668045498919930e-02
1.809122646437349990e-02
2.412845252493810155e-02
1.738437666235769993e-02
2.157686940245239979e-02
1.377642218336519973e-02
1.927483669342979974e-02
1.773049806993800062e-02
1.869758439537259898e-02
1.653248103051610171e-02
2.003368393702599851e-02
1.859763290108569847e-02
1.737475996340579962e-02
1.741495540910530104e-02
2.407567210015500170e-02
1.865964423493050167e-02
1.710607767141100050e-02
2.079289324445859899e-02
1.896723365418469948e-02
1.993409987473139869e-02
1.806615781127569875e-02
1.989380292940829895e-02
2.073721705864199974e-02
1.993506203051730041e-02
2.024870267272720070e-02
2.792217681957330153e-02
2.009369080863180126e-02
1.922901244214430053e-02
2.857968259725699942e-02
1.937344354332489957e-02
2.022496003201229922e-02
2.128789102635569863e-02
1.861207830025179977e-02
3.223244938034870027e-02
1.993582189555809930e-02
2.040504622080549849e-02
1.927242606869790029e-02
2.440316484910860090e-02
1.853302207285120046e-02
1.944791256957080147e-02
2.260616792121330001e-02
1.925489303437930011e-02
2.025004405244749950e-02
1.870889509540340015e-02
2.689814919663709863e-02
1.933846661557030167e-02
2.635398000662569906e-02
2.738584946229000172e-02
2.188589361944580022e-02
2.229729111396479974e-02
1.851490773915950155e-02
2.442026517318139980e-02
4.305355988744390128e-02
2.494857534033989924e-02
2.007605074648299848e-02
2.199366493269689846e-02
2.032905075547309856e-02
2.495521592748550094e-02
2.030786486017209860e-02
2.071673787718840073e-02
2.125493947695800134e-02
2.228721084590960105e-02
1.692945622048599996e-02
2.763713871321120050e-02
2.268329131857739836e-02
2.822170017579149828e-02
2.136285645642679865e-02
2.603643132890559944e-02
3.387714766450979770e-02
2.261257806533300066e-02
2.391897174971260170e-02
2.142638392206620140e-02
2.164469923298549883e-02
2.282653362227720154e-02
2.279272337433079984e-02
2.049511600649340029e-02
2.994259826959649873e-02
3.168790277647350051e-02
1.939260454971580144e-02
2.549776083377859950e-02
2.728585027198600008e-02
2.238424717742759987e-02
2.178996162734070027e-02
2.243513890912710029e-02
2.128626450648389914e-02
2.091185325675809850e-02
2.389424143801250136e-02
2.477487023903699945e-02
2.308448624257479834e-02
2.071521719233489905e-02
3.009535247249230105e-02
2.208695012396880153e-02
3.490153737352350016e-02
2.446777140609919868e-02
2.353134108962860044e-02
2.944957151928419975e-02
1.919182670146570013e-02
2.253216045880620036e-02
3.179423135640919995e-02
2.879919948209960084e-02
2.091641658651719957e-02
2.238356360773860118e-02
2.272877534092580115e-02
3.057549574338670056e-02
2.940078744912590081e-02
3.136645777233190019e-02
2.351368448973990138e-02
2.603615765516640104e-02
2.919878226309060090e-02
3.287577327706950325e-02
2.380118362934170034e-02
2.019593997034619878e-02
2.008481736076410049e-02
2.315635793327650016e-02
2.235499838864190084e-02
2.122847831486019896e-02
2.149418722478639923e-02
2.130034681769669980e-02
2.269474099939030112e-02
1.961075985461779858e-02
2.214846929256299862e-02
2.479708855154600169e-02
2.106094564446149911e-02
2.566048801340040098e-02
2.413702751485170134e-02
2.526329187727389958e-02
2.271661036998729941e-02
2.095098556991770167e-02
2.182032128478529967e-02
2.830618909114719986e-02
2.031899359476219830e-02
2.243412505251210151e-02
2.160828275935770121e-02
2.319967203893069999e-02
2.239596437579840019e-02
2.137485250631120104e-02
2.009417877207739928e-02
2.234308406990529947e-02
2.198129813680469932e-02
2.656495688610959957e-02
2.286312195784069926e-02
3.207884641714949664e-02
1.994805362011339844e-02
2.139448415501439896e-02
2.366712861911399873e-02
2.213751240570130049e-02
2.032637344714790031e-02
2.150650582186310056e-02
1.912917194241160052e-02
2.219831914739850073e-02
2.181248818501979950e-02
2.164193020867730133e-02
2.360711303626149976e-02
1.823733966239710069e-02
2.248240833660300128e-02
2.129281953354479964e-02
1.858938290877459876e-02
2.362300073863449895e-02
1.892752137136539947e-02
2.790527325000270037e-02
2.025005454125719875e-02
2.215451986396009890e-02
1.808989284602130140e-02
2.213361499478740113e-02
2.096318951547939888e-02
2.065440876998370090e-02
2.065309809250459941e-02
2.366167510300010157e-02
2.262644430385760130e-02
2.393506593946249927e-02
2.281573608876339906e-02
2.145997556565280157e-02
2.534661272256859971e-02
2.401619697173339868e-02
2.337500722456619870e-02
2.142611322070199845e-02
2.224163803644770010e-02
2.349708700742670145e-02
2.309038987083939995e-02
2.299901747581430123e-02
3.090388658062799901e-02
2.355799715230700100e-02
2.387059663965379955e-02
2.880942456941560162e-02
2.477408595057239982e-02
2.980301374979019841e-02
2.255151296566930072e-02
2.471754385787909916e-02
2.256874938992079957e-02
2.378437105243290037e-02
2.211856034779039956e-02
3.049721807620350139e-02
2.580927976610190161e-02
2.827949833592860104e-02
3.172878107537369791e-02
2.555454172600039875e-02
2.488735378471099852e-02
2.818668869454910020e-02
2.707897056906819963e-02
3.074844651778989996e-02
2.459623528462569902e-02
2.368284749628779898e-02
3.211668129377560216e-02
2.613507034026819886e-02
3.826007213761310061e-02
1.243189037064480057e-02
4.077298776072500047e-02
3.905795107589159904e-02
3.364714090043369882e-02
3.381463425192100108e-02
3.310564721212670009e-02
3.668179224622279688e-02
3.046242987329279839e-02
3.146047817448890255e-02
3.039064966971759957e-02
3.340935196426719767e-02
4.225304012708400170e-02
3.009784443831479972e-02
2.852763507369249912e-02
3.772610113952319655e-02
2.623388698217010012e-02
2.664601569496469896e-02
3.450600180258110022e-02
2.992195828289600026e-02
3.025542196872550021e-02
2.902809812368250045e-02
2.237578899469179830e-02
2.649285938836330040e-02
2.590845968992600001e-02
2.274870742550860053e-02
2.142286354234739995e-02
2.478985825617939856e-02
1.858529286467720115e-02
2.425382118871620071e-02
2.455523256976459984e-02
2.577968848162830173e-02
2.533325897244639857e-02
2.087707191027260087e-02
2.262348094942780163e-02
1.915628025510179855e-02
2.175942629201799844e-02
2.096561025982260004e-02
2.157136882048829932e-02
2.011897276962260062e-02
2.257127462601449946e-02
2.060630218458170057e-02
2.157947474453720052e-02
2.196951139742609957e-02
2.208387704060769952e-02
2.162588026134450170e-02
1.952244548609390062e-02
2.153521486571450053e-02
2.039799020400650045e-02
2.025152987474209895e-02
2.043219558541799902e-02
1.859971722253789955e-02
2.139074837883049932e-02
1.969272233711210143e-02
2.189886508197779955e-02
2.280842870502140102e-02
1.906177269674099936e-02
2.272861594692989970e-02
1.751603629425380060e-02
1.956779754760639908e-02
1.824299376912329879e-02
1.783924637715450165e-02
1.874519100158610063e-02
2.122572761465869873e-02
2.020563409760400136e-02
1.953256269754670080e-02
1.982062600155539908e-02
1.757861369106019853e-02
1.934505203168130141e-02
2.038835319376260113e-02
2.129900979735750016e-02
2.094253131473559904e-02
1.981195220117900127e-02
1.780052987934930067e-02
1.898726051125260161e-02
1.800763398735080040e-02
1.802338807396559883e-02
2.020159676929799905e-02
1.740528357286769828e-02
2.031131868541879992e-02
1.780655759190569870e-02
1.813637140867990077e-02
1.901622614004819939e-02
2.105138297313910098e-02
2.826005583850390093e-02
1.942350881454470157e-02
2.026012881509910157e-02
1.937831106982140089e-02
1.812601703210120138e-02
1.797710323525699913e-02
1.846611075618280126e-02
1.822902904258789925e-02
2.096035996670700050e-02
2.005579979942670107e-02
1.922327419990510142e-02
1.750080552061079875e-02
1.664231119195249894e-02
2.040880220261689915e-02
1.928968540988320116e-02
1.699417965086930105e-02
2.018416005669370142e-02
1.878184344642890025e-02
1.937356396997379909e-02
2.130481319605929957e-02
1.916773773522020136e-02
1.829414495532009910e-02
2.254998685343340137e-02
2.314380611162299844e-02
2.103725253375859916e-02
2.192193300919010115e-02
2.024573118266429980e-02
2.065825497780359940e-02
1.658554653145409910e-02
1.945111066516750156e-02
2.083790762866869969e-02
1.853873704009989867e-02
2.226383886416790150e-02
2.026507499522500061e-02
1.944564111047570112e-02
2.068056904507360044e-02
2.098359507548529929e-02
2.105472133220780140e-02
2.174253457997439923e-02
2.030164081369889920e-02
2.079326812989610099e-02
2.113526811366769897e-02
1.833510767259149965e-02
2.123063764137590043e-02
1.903534414700229840e-02
2.209178230126539882e-02
2.174055409185550111e-02
2.360761482890659860e-02
2.239961270617049985e-02
2.033116552919119954e-02
2.260681412522659930e-02
2.111718769403679932e-02
2.257131823777320037e-02
2.179740754633680000e-02
1.912440864691070108e-02
1.913629794599710013e-02
2.421661538296129845e-02
2.036761485154259949e-02
2.286653390411980125e-02
2.371331266887100053e-02
2.313334547837590099e-02
2.102643415969690163e-02
2.283564686820190037e-02
2.081409977906180028e-02
2.346497291441140137e-02
1.872739355778830009e-02
2.358968298875080069e-02
2.041660231023530170e-02
2.395715218258809981e-02
2.155001891622420132e-02
2.338018728909950147e-02
2.191164350088019991e-02
2.176711091819890156e-02
1.942396482887550138e-02
2.168853740962380094e-02
2.350572182534369989e-02
2.259874407607919897e-02
2.112016852961860064e-02
2.202314890325249991e-02
2.035142617787440156e-02
2.030971346844760023e-02
2.363692027926650105e-02
2.451953096744719993e-02
2.317396911253759989e-02
2.121353407847649877e-02
2.356826038555360006e-02
1.839332914323719981e-02
2.082437419293720060e-02
2.249575778733730116e-02
2.273228025886889908e-02
2.208036296856119921e-02
2.435166628370469960e-02
2.070400790248410131e-02
2.138823560159789847e-02
2.213685581868370111e-02
2.015241656362359857e-02
1.951318332525350113e-02
2.077365789917219943e-02
1.893636485646359863e-02
2.136131580107170080e-02
2.172534000975399893e-02
2.597969823406800008e-02
2.266593364705559929e-02
2.026098743382519912e-02
2.286597355500390172e-02
2.155414627586919873e-02
2.254172314967289870e-02
2.483098436854740132e-02
2.120781960393729876e-02
2.223672378556799945e-02
2.318239081616589939e-02
2.416022037308209955e-02
2.185731180840269974e-02
2.074325735771660045e-02
1.989108410743490110e-02
2.282458493847710004e-02
2.139710305394720152e-02
2.197587335258580077e-02
2.297875562013360073e-02
2.031583752440440163e-02
2.146159366580789943e-02
2.146320147093769976e-02
1.868499478931420071e-02
2.114299617290510067e-02
2.179853566033159926e-02
2.452660271245310150e-02
2.393996533100950161e-02
2.240774164243510003e-02
2.311959544557240162e-02
2.679145647656239887e-02
2.461928438124430171e-02
2.681927184133239828e-02
2.229648931849429958e-02
2.591433166511019834e-02
2.439591630126910007e-02
2.961432638926619898e-02
2.968687976142640045e-02
3.512722120559449990e-02
3.351843945819470150e-02
2.802060616531540024e-02
1.632887126473671902e-01
1.700603065921227897e-01
1.804079918617669878e-02
1.770777472254171925e-01
2.532862724603910168e-02
1.238888911067920033e-02
3.531678703401450181e-02
2.864229915132550028e-02
6.719798023628660577e-02
5.732545511483649880e-02
9.862346071557490101e-02
1.464387231963474034e-01
1.439551226102752102e-01
1.318104952319416046e-01
1.492892912554779905e-01
1.516719480954036026e-01
3.744637075130560072e-02
4.510285573738449794e-02
3.775022989748799684e-02
4.225194647062600201e-02
7.354891193518370285e-02
7.790209893865429613e-02
7.243962780053239681e-02
8.450975906714909558e-02
5.054383750511549922e-02
8.074433669906269651e-02
7.382747893505919867e-02
4.809008598783989785e-02
7.305615888917339762e-02
1.012455094249647969e-01
6.452721006488500166e-02
6.651288973876909316e-02
5.837882880576140271e-02
4.973185386995149920e-02
5.081777798486070141e-02
6.498744941206910375e-02
6.576140155962950651e-02
7.811769386781219904e-02
8.542303765308570385e-02
4.521400068265289673e-02
7.530852021333379887e-02
4.661486335954379695e-02
4.512706005188819869e-02
5.008025788125940181e-02
5.554173193769289946e-02
5.996506749789769913e-02
5.325222170125799848e-02
4.128187945158180022e-02
4.812630012038009858e-02
3.816849755717530157e-02
5.115692355886609921e-02
5.210416774675989682e-02
3.658332682402790081e-02
4.349378480551679971e-02
4.485017255084620263e-02
3.952741435019289928e-02
4.820836621389409937e-02
3.965949540462040263e-02
5.154568925447269856e-02
4.434409894626559906e-02
4.193171296461489783e-02
3.872330221356259927e-02
3.787437130259459911e-02
3.643567452495830028e-02
5.446056400218370064e-02
2.918566883577030160e-02
4.250868682366430035e-02
3.161681776294460178e-02
5.396441117100379825e-02
3.132425463610929994e-02
3.320817201904009697e-02
3.086016825944599973e-02
3.476139614666509670e-02
4.487492551134310281e-02
3.668750011594840155e-02
3.799374633201819951e-02
3.462787041665889992e-02
2.923555624054489932e-02
4.636229373897220174e-02
2.718726000820749847e-02
3.221832507513110178e-02
2.541446480597340032e-02
2.765309439883920084e-02
3.050590753340850017e-02
3.417075806236029994e-02
2.571911444297049834e-02
2.833765742759329978e-02
2.428269094105900069e-02
2.455289166824540029e-02
2.568548692261399952e-02
2.813166082971529924e-02
2.138186678300319984e-02
2.394009245076959835e-02
2.544517561800270153e-02
2.370249230436299870e-02
2.446751780524089939e-02
2.421387613201969949e-02
2.436379869103810075e-02
2.544793595936890168e-02
2.804524406982340096e-02
2.373404288342869858e-02
2.380086481512350138e-02
2.140526496442530027e-02
2.053807410532159858e-02
1.961297846004749976e-02
2.161742288654320068e-02
2.154947839826809944e-02
2.069123810877599931e-02
2.271747089525669866e-02
2.122295671680940118e-02
1.989804588330969931e-02
1.981883588793340034e-02
2.400712317303450166e-02
2.067264863017560100e-02
1.845635556003959871e-02
2.092506268700999872e-02
1.968684603819850082e-02
1.950254744031069964e-02
2.595404208698949902e-02
2.154110019290869996e-02
1.881591996752100121e-02
2.008039329929110078e-02
1.883462178717169866e-02
2.204870727022939861e-02
1.941397759434379880e-02
1.967560729718860132e-02
2.536599057403390173e-02
2.551608822684539937e-02
2.037612520573149968e-02
1.875981296366990153e-02
1.912614050106210134e-02
2.245098188065240002e-02
1.989582530622880166e-02
1.941764271006969980e-02
2.007974989450540121e-02
2.061339590293280108e-02
1.836693158831299855e-02
1.881028668270710164e-02
2.121767109662400091e-02
1.901333927937429863e-02
2.049073969176019860e-02
2.368431985855610003e-02
2.342502770636289977e-02
2.219063830406270074e-02
2.374461039670119900e-02
1.804079601298400060e-02
1.955886234999150083e-02
2.231750093024139833e-02
1.879085573617689936e-02
2.329596243682080167e-02
2.317830322935059834e-02
1.891521782332369894e-02
1.976960088382759967e-02
2.915796882923819833e-02
2.182207689705059975e-02
2.343796846666579975e-02
1.982152189491849861e-02
2.046107202667789976e-02
2.197217971698989941e-02
1.978533765878039835e-02
2.127619359847380057e-02
1.768027183896650131e-02
1.996174965313009947e-02
1.871951438200829959e-02
2.126490710023479919e-02
2.048560898937670099e-02
1.987286235285620067e-02
1.929581105329400068e-02
1.973504472750859870e-02
2.136237331589940086e-02
2.239424316721790043e-02
2.078744537384200064e-02
2.176681740959370004e-02
2.003067154190479870e-02
2.174900114868250078e-02
1.943580630234039916e-02
2.088000075076569886e-02
2.120223243039490169e-02
2.054544097711019993e-02
2.491127822695710092e-02
1.892476182914459848e-02
2.318036233952030026e-02
2.855913612552770167e-02
1.906848691094800013e-02
2.044604983982930071e-02
2.147262892633920034e-02
2.013887626112359844e-02
2.150928298917290094e-02
2.118515180450199903e-02
2.361317439010299918e-02
1.898664208148709981e-02
1.880726035666659829e-02
2.017703027158709861e-02
2.069896539908479965e-02
2.630304121512780022e-02
1.965655967239749932e-02
2.021553415813619886e-02
1.951253824447660157e-02
2.273756415338850159e-02
2.231579000066900159e-02
2.255576710912780142e-02
2.157979553681280138e-02
1.952544066050230023e-02
2.635850633788849873e-02
2.873920405226449912e-02
2.290802630410760168e-02
1.912897851819839873e-02
2.116341082747930091e-02
2.147211400740529907e-02
2.250966653043609891e-02
2.025005887481690081e-02
2.351779212083040041e-02
3.069938881145430065e-02
2.001743009391390021e-02
2.190968934634390103e-02
2.010921341144390057e-02
2.055236841006539972e-02
2.145366704536310135e-02
2.088031427709379981e-02
1.899159901251919885e-02
1.940699226610730077e-02
1.910665256480810134e-02
2.117239088515809886e-02
2.078694337889809909e-02
1.933531857015819908e-02
1.975504912873650085e-02
2.132718514931800091e-02
2.329891451252159851e-02
2.121131396306930039e-02
1.919230502201819955e-02
2.279237787705599982e-02
2.148465658003890014e-02
2.024130112409859919e-02
2.273422538446469993e-02
1.919448000046889910e-02
1.986360236173769986e-02
2.400162351856240106e-02
1.930228490308590061e-02
2.038618431323729885e-02
2.427875806265180139e-02
2.395260689480870064e-02
2.200378442822279942e-02
2.261302384015720021e-02
1.974197823148590020e-02
2.416281298388560025e-02
2.104205751897220145e-02
2.085382549655179912e-02
2.144071165010710128e-02
2.376357766662319862e-02
1.894857138592759976e-02
2.079938944917940000e-02
2.140284958461259948e-02
2.198693474305640078e-02
2.240333269043240025e-02
1.861144698392830019e-02
2.312989824209400053e-02
3.624205058073560332e-02
2.161042801811160000e-02
2.017077188952750080e-02
1.970075674865030130e-02
3.059472638108099926e-02
2.563856391665409948e-02
2.197079980063049859e-02
2.127656667690369999e-02
2.303907039473999940e-02
2.137605580785700149e-02
2.191722748390129843e-02
2.162318854956449959e-02
2.641605845337829939e-02
2.005350970804100144e-02
1.965975526716899971e-02
2.022268388904939831e-02
1.965975526716899971e-02
2.040204106586099991e-02
2.490846782882250032e-02
1.936062201161699997e-02
2.091163840833670101e-02
2.592073122029010107e-02
2.238218030651669896e-02
1.980918090671309958e-02
2.270392757360499905e-02
2.246177572538509901e-02
2.119807022136899893e-02
2.323396414768240034e-02
2.240987977939369949e-02
2.386158403842900122e-02
2.238931006249550090e-02
2.483429629155819995e-02
2.313292372037499892e-02
2.600582889166039996e-02
2.474977710506269871e-02
1.977861383709739879e-02
1.999443139119149934e-02
2.435428635011609860e-02
2.295749282505290048e-02
2.446089620116689844e-02
2.184491107416480088e-02
2.414431078395670033e-02
2.377997542637309836e-02
2.336237898168500027e-02
2.256569636220990063e-02
2.386785115411670100e-02
2.240323208021879897e-02
2.176847415850469841e-02
1.900082893083780006e-02
1.965469926246750029e-02
1.927842455533149840e-02
2.270718112414810141e-02
2.429203408870300035e-02
2.356252516905920150e-02
2.227480349830799830e-02
2.441057042644100006e-02
2.208070080548970096e-02
2.551078157100340055e-02
1.963678072515239945e-02
2.367437232639890005e-02
2.281827171375819946e-02
2.311649296942840104e-02
1.895515320748950017e-02
1.901884647608560047e-02
2.138789389350599993e-02
2.155761648718090145e-02
2.231244174348569892e-02
2.113496307133979832e-02
2.166251240538239961e-02
1.957699390753339999e-02
2.024381832372870033e-02
2.356999442722719842e-02
2.402275868584069843e-02
2.298217896476000000e-02
2.176589112065399970e-02
2.180059083614700050e-02
2.400650985294359996e-02
2.735449776074699857e-02
2.208131716413039985e-02
2.014816337370550076e-02
2.154541689353910161e-02
2.177832917351209957e-02
2.240934786222070069e-02
1.989059895318009974e-02
1.873639344102799933e-02
2.105412186354670145e-02
2.289785016116629990e-02
2.007835334246840103e-02
2.303013630514710169e-02
2.143742716698780054e-02
2.161392267568679887e-02
1.930153602765100063e-02
2.312182951027300093e-02
2.010692123600929873e-02
2.166600270613210089e-02
2.402749121181320044e-02
2.121106181053800110e-02
2.200686123417229870e-02
2.257308950483050136e-02
2.027967646656059914e-02
2.757334535706279857e-02
2.256874150481650090e-02
2.404623758179229992e-02
2.698368644910089861e-02
2.000202980539229902e-02
2.445882098972200144e-02
3.142673876027900215e-02
2.566319113386720044e-02
2.214610270679320120e-02
2.842391734483680141e-02
2.608964203186099964e-02
2.695109500210080000e-02
2.944072364502139938e-02
2.895606495382650053e-02
4.887540093517570017e-02
3.544997897861910247e-02
1.705926920572385930e-01
1.768201250700789928e-01
3.639777531548180067e-02
3.476948988413550157e-02
3.596925122009689973e-02
1.778506891362972020e-01
1.778278877803972924e-01
1.773488707102671980e-01
1.704017717315287894e-01
1.371444784861789931e-02
1.790729957044293053e-01
1.776263469767677960e-01
1.784477421976758960e-01
4.806725432173799759e-03
1.726324984305726007e-01
1.571921156141362907e-01
2.577867905124419864e-02
2.632615878760369982e-02
2.722218438082750144e-02
3.395913132089249664e-02
4.661936059186459758e-02
3.776337198690340319e-02
7.803579377552150032e-02
7.328712764151569525e-02
7.383028418327340636e-02
7.992190028984630379e-02
8.333329362698280174e-02
5.121858020274319689e-02
1.007695654333388979e-01
6.067409816913230114e-02
9.204156677279830279e-02
5.188877589198399864e-02
1.003614189799204998e-01
8.890074030739029964e-02
7.749343626249190209e-02
5.355403874914090034e-02
9.884607964508189404e-02
7.997346243709660407e-02
5.768098126115699803e-02
6.433265099987260649e-02
6.935055377703530644e-02
7.202851397054049754e-02
6.727604849996890457e-02
7.717132230292629569e-02
4.422780764109689872e-02
4.503772606959820235e-02
5.188314952050410156e-02
5.711334040017929797e-02
5.539267876258380241e-02
7.370120169901940577e-02
8.237504471007059403e-02
6.315804524770940453e-02
5.815756153174549831e-02
8.350556036022960260e-02
8.157870238207509672e-02
6.815716850901740176e-02
6.424266165058979683e-02
8.206086833800869951e-02
4.692865477205680064e-02
6.367195430270200518e-02
5.444860217483869780e-02
6.171442138623980250e-02
4.616145183906440047e-02
7.330711944704730587e-02
4.616145183906440047e-02
6.894521541241960261e-02
6.304682740948830411e-02
6.171442138623980250e-02
6.578651074891769812e-02
4.616145183906440047e-02
7.122469433440530018e-02
7.122469433440530018e-02
8.388356556347789650e-02
6.739817807905999769e-02
6.777764713111969486e-02
5.282297755819719692e-02
7.383731899294050660e-02
6.727606155875029414e-02
8.332780603997530511e-02
6.833755026631170570e-02
4.484881471849740120e-02
4.774120235157670172e-02
7.115497791874959843e-02
5.894824962821439834e-02
6.450612560960730657e-02
4.677695483851680019e-02
4.789887774241820273e-02
6.672775172180360481e-02
4.964209744937179980e-02
4.190393419439519818e-02
3.520174234710739952e-02
5.441855027389529836e-02
4.952016830069119746e-02
4.384818108110549728e-02
3.294566728563169677e-02
3.441133979600650289e-02
4.532465085740260136e-02
4.271284803257330287e-02
3.920566591208950180e-02
3.614839951898909942e-02
4.112661756589180290e-02
3.634721116736799873e-02
3.323404632389519858e-02
3.556831950839459827e-02
3.736716437183559836e-02
3.817494850924969818e-02
3.747948419597330050e-02
3.444084477941970063e-02
3.591811085272270110e-02
3.181452169871309965e-02
3.264080552289379961e-02
3.051930438339039986e-02
3.125756600703989696e-02
2.843020773350810049e-02
2.927968897949500063e-02
3.008237268097849887e-02
2.848556628070710028e-02
2.690121816165290045e-02
2.907622927069000024e-02
2.475919425750600089e-02
2.569475026478119928e-02
2.834679212869899850e-02
2.315214864308870121e-02
2.571408071759579902e-02
2.268610221058189880e-02
2.449206844378460160e-02
2.385246156645259852e-02
2.100706663991730103e-02
2.375288313994190076e-02
1.895861821050190063e-02
2.207711250413730078e-02
2.615871579340800154e-02
2.106710869248330092e-02
2.196078971484900083e-02
2.933717041704300005e-02
2.145149071615599923e-02
2.705059120271530171e-02
2.310543548155200022e-02
2.450282789917910056e-02
2.069405868505450052e-02
2.484896837203810077e-02
2.069465005403409857e-02
2.033328908004099905e-02
1.920576708276040129e-02
2.583579806297769954e-02
2.128017730943209881e-02
2.067611306094490134e-02
2.087701738362809922e-02
2.150135947793600094e-02
2.225329782436760023e-02
2.449764892631110108e-02
1.932159764998839929e-02
2.060010418047570138e-02
2.219852283731369932e-02
2.333114869598299987e-02
2.187259189263749889e-02
2.261712069547930012e-02
2.078742079082560035e-02
2.353942685065829946e-02
2.118815818895860084e-02
1.949459873778490102e-02
1.723077617646949847e-02
1.899661660286839845e-02
1.974447044407690033e-02
2.253939410478009858e-02
1.947949449680759851e-02
1.798884806286570048e-02
2.224635325670529934e-02
2.012516117805649915e-02
2.004846980911290100e-02
2.093135701865899909e-02
2.262428550890909981e-02
1.867955222629969977e-02
2.033289807376089872e-02
2.047723896736770161e-02
2.191828479008919861e-02
2.026075637869440005e-02
2.052164849739290114e-02
2.218049446173740030e-02
1.903394965256869839e-02
1.959532072165399985e-02
1.943888209871279943e-02
1.901015557769999975e-02
2.036664747360429975e-02
2.230031270282410022e-02
2.021694350351380121e-02
1.984094217421149969e-02
2.400471440419549990e-02
2.150375149499650015e-02
2.188603392548749832e-02
1.887782061835410058e-02
2.026236629229610092e-02
2.071188530806010106e-02
2.197461910621640105e-02
2.047435292624660147e-02
2.001220117696329848e-02
2.218972550808420013e-02
1.893975097327519827e-02
2.145438892917779852e-02
2.143756380172360046e-02
2.149492587641569849e-02
2.085780501793390099e-02
2.365309989981809885e-02
1.977099700977200114e-02
2.190773787601730041e-02
1.959290054590119914e-02
2.002000336650380102e-02
2.385410350578030109e-02
2.106720076329310007e-02
2.518891771195929871e-02
2.163605274793040101e-02
2.231141239265650028e-02
1.880350866206609989e-02
2.259525578751080122e-02
2.426151383236969938e-02
1.788968637582040097e-02
2.119608620568130125e-02
2.178661550334029876e-02
1.976139153334700166e-02
2.114490823879279849e-02
2.301137902246989941e-02
2.118499733576819852e-02
2.113857922010009896e-02
2.295335663271669963e-02
2.145722131117399831e-02
2.305377931710289943e-02
2.035367312446510063e-02
2.052018744212729881e-02
1.884195922772139917e-02
2.088141459489880128e-02
2.222250385092190000e-02
2.232953885632439975e-02
1.977126810969739856e-02
2.308567312518899906e-02
2.024084043540419833e-02
2.007088194702999831e-02
2.060819845179409984e-02
2.499572904102840068e-02
1.989250030951019918e-02
2.135956888790150124e-02
2.548121700771020098e-02
2.282136332839690071e-02
1.858651600619610003e-02
2.243442753709639845e-02
2.175434933641959973e-02
2.043672040652400046e-02
1.925817190519180100e-02
2.084553647752240141e-02
2.082775354340010016e-02
2.259840993893540151e-02
2.449037130966379844e-02
2.101538583901440063e-02
2.144410818228130108e-02
2.002946952298560040e-02
1.979737760721030082e-02
2.307904122833449867e-02
2.104644089200979895e-02
2.268808059883809999e-02
2.373001370463790130e-02
2.155929805277660011e-02
2.572018523713379828e-02
2.195064546485319887e-02
2.239945546697140119e-02
2.190185878260629895e-02
1.971124350236949999e-02
2.158637432965719929e-02
2.209134939391059829e-02
2.314316968592999846e-02
2.104770488524910013e-02
2.039594526379380143e-02
2.184323030808079866e-02
2.145173347893939916e-02
2.046372698827380113e-02
2.076835119994860021e-02
2.228111939493280028e-02
2.167454500293899966e-02
2.378827732223669916e-02
2.138168602595779885e-02
2.303490495006639896e-02
2.050570943093429910e-02
2.093040998056249977e-02
1.869720607626370115e-02
1.854238322852819892e-02
1.978243565196979858e-02
1.990291968957590141e-02
2.234668807639689919e-02
2.189090370146209996e-02
1.963976687744220170e-02
2.200632298657840061e-02
2.342999133336999898e-02
2.229800529532070114e-02
2.339255365423910035e-02
2.075151222050539840e-02
2.406728079739620108e-02
2.251990115588610106e-02
2.071844631497130051e-02
2.239716258353929845e-02
2.067530051485910042e-02
2.224599580941739874e-02
2.174485378750979844e-02
2.259303070702979935e-02
2.160586494701199900e-02
2.140912576740739912e-02
2.186552698248010046e-02
2.084160965022630041e-02
2.235942454998069914e-02
1.861440463373989843e-02
2.324695267025550169e-02
2.476467330313150000e-02
2.476028073931699908e-02
2.213637893544940019e-02
2.165326901133820051e-02
2.103103637948059920e-02
2.474021580016400046e-02
2.158581888076609862e-02
2.195526184383799970e-02
2.509639702058380148e-02
2.238941158676789958e-02
2.121698049366960159e-02
2.215301029212990089e-02
2.391641491777159872e-02
2.299043388469410032e-02
2.161653456926619990e-02
2.019834544433240023e-02
2.243106885308539938e-02
2.233425265799179882e-02
1.978214878321999867e-02
2.144780062388300032e-02
1.956507984322149868e-02
2.533325730946929880e-02
2.909885212518130079e-02
2.214744684256890125e-02
2.242740299545339933e-02
2.393824825409320012e-02
2.126907399511309901e-02
1.989209106456999929e-02
2.774482193033760147e-02
2.395586919285290148e-02
2.844829586726799892e-02
2.708429949064740036e-02
2.383688612494050049e-02
2.735140511519289913e-02
2.324780169479600048e-02
2.434465428561599989e-02
2.869660293468880019e-02
3.074886888306480048e-02
2.742329687445620168e-02
2.562502354730939944e-02
2.527083700985479839e-02
3.020960688405530115e-02
2.485113310746790011e-02
3.366520686227519876e-02
2.998683915538419981e-02
3.171999004410189921e-02
3.280500868727100061e-02
3.625300564393280078e-02
2.892176815440609949e-02
4.691025634735020156e-02
2.624612682022060134e-02
3.166241705160369874e-02
2.839369741683860082e-02
3.283733520373489922e-02
3.113296877050440031e-02
3.191114773075810068e-02
3.348372463265430338e-02
2.939429294009299892e-02
3.048355641189089832e-02
3.375632229214779734e-02
3.050175196715119996e-02
3.197682597522869680e-02
3.392755739875540077e-02
3.798966115229220064e-02
1.866868288314089963e-02
2.928180974743500170e-02
3.036216157615490019e-02
3.100567047090160150e-02
2.781781061348150008e-02
3.131701694962069765e-02
2.946533962693950043e-02
1.457490375442069969e-02
3.166925823176539728e-02
1.382537150542850063e-02
4.142480054157410274e-02
2.922149629960199904e-02
3.897606421483949812e-02
3.360307687678019961e-02
2.809335470122130071e-02
2.704837715232530013e-02
3.105385035833320082e-02
2.894918242837300065e-02
2.737995235483400153e-02
3.519758996305710069e-02
3.173358085334489903e-02
2.500666436745749982e-02
2.635454012281869887e-02
2.936406309093569922e-02
3.217438935909280179e-02
2.721729825668029942e-02
2.973798622211179868e-02
2.960730314788440065e-02
2.612121494252049939e-02
2.921956723580619933e-02
2.439285719707310132e-02
2.618076223736339955e-02
2.730773014626640058e-02
2.843072020331759847e-02
2.862168466598979943e-02
2.520686986929280074e-02
3.049306789281100091e-02
2.776239417486060096e-02
2.441714124382119919e-02
3.889715484267530082e-02
3.016070395582930164e-02
2.269688612966800148e-02
2.620822998120130032e-02
2.781385987603480006e-02
2.646943819881160051e-02
2.463691898081789983e-02
2.518043131525820114e-02
4.064472507964349973e-02
4.042349815164190258e-02
2.471377795053409862e-02
2.337444493195060119e-02
2.219658941109809921e-02
2.667821426437870166e-02
2.537814518464310068e-02
2.556983791321200059e-02
2.639224738747709964e-02
2.302784455955140044e-02
2.276695127295549903e-02
2.044403311894099975e-02
2.635954617340300135e-02
2.717160570705800041e-02
2.577418308428409965e-02
2.292547204356589971e-02
2.628311055730700105e-02
2.739286718083620148e-02
2.661368616091009873e-02
2.352401871344650050e-02
2.845036015362190085e-02
2.389944334555670069e-02
2.496631318840180150e-02
2.891748965625850001e-02
2.934595490130690112e-02
3.498368082636019866e-02
2.629079945370450117e-02
3.003160481739899912e-02
2.544370592148139862e-02
3.137714299087029923e-02
2.495127668002149884e-02
2.470973521366940165e-02
2.762063192597720082e-02
2.545090914004440041e-02
2.587131996425849970e-02
3.606224405380349662e-02
3.369299022371950031e-02
2.813898973469430159e-02
3.285776346098889800e-02
3.419786716104419866e-02
4.067951860553350313e-02
3.028325592608099859e-02
3.254743218917210273e-02
2.754073064155700135e-02
3.564389294833009841e-02
4.339411780163920235e-02
3.178730093438530274e-02
3.100792596340699869e-02
5.033875063949670020e-02
4.056453749715210194e-02
3.361823017702819660e-02
5.656580519712699900e-02
4.363171675727339771e-02
4.596823846175720346e-02
4.759066442813320030e-02
4.595251491345549860e-02
6.398343890581190130e-02
4.808968522848310057e-02
5.193811480522980001e-02
7.700608920524459888e-02
6.835364799513010681e-02
6.955983901742270048e-02
4.469770572093269972e-02
5.993260999984940246e-02
7.943920145958599521e-02
9.489212805461709477e-02
6.346134718974659472e-02
5.828405368958029797e-02
9.400825608727990390e-02
7.968413219635370193e-02
9.083529345301430413e-02
8.296233014484649670e-02
8.202993397664440356e-02
8.945049935491189430e-02
6.694212249385489422e-02
6.485320729047809596e-02
9.072954995971589665e-02
6.467586343663929427e-02
7.504985797912110124e-02
6.200725205111939919e-02
9.401642338458519876e-02
8.360056354151319813e-02
5.885343179842560113e-02
6.694865449932710377e-02
8.068881519656710688e-02
6.887381590130070563e-02
1.029493471432897933e-01
8.597912317038959584e-02
7.928702142889020033e-02
6.016014885071090113e-02
6.741728331596319457e-02
8.258297007414719393e-02
7.167797462269999420e-02
9.222160853731070640e-02
6.185332400052680202e-02
5.939780907132600346e-02
6.624977754477219538e-02
7.488114306340680482e-02
5.924397502666040038e-02
6.267631433491349657e-02
8.903373039714740367e-02
8.766092521202149823e-02
8.164260625714689357e-02
8.470847667218990573e-02
6.963861403124030347e-02
7.506962614292450597e-02
7.545102570948550302e-02
8.608541608990689931e-02
5.674054395475019996e-02
6.452493387297070226e-02
6.424145017355910314e-02
6.980626947355079992e-02
6.855095348727739679e-02
6.443112520646640529e-02
5.726479445966210086e-02
5.977678341459839728e-02
5.302630402374670232e-02
4.734892136200929968e-02
4.274444817358000193e-02
5.925661034162339746e-02
5.760304089221320034e-02
7.558366254575160648e-02
6.462783945435029986e-02
4.517068641710419996e-02
5.943366199249980331e-02
4.946320752590079722e-02
7.560604705892830235e-02
4.648042877057390054e-02
4.838114380487840149e-02
5.819986807933619916e-02
5.787810497802969856e-02
5.310222905806830096e-02
7.530799475249670694e-02
5.642980367284219922e-02
5.367641993587379812e-02
5.997539420715009700e-02
5.719048596885709795e-02
5.247076526836100263e-02
5.095370659366690175e-02
4.789022168915099686e-02
5.088724872842349811e-02
4.176257867964049825e-02
3.414713021177959856e-02
3.764544283868279800e-02
3.981600814875529970e-02
4.234315750858950317e-02
4.274304118064090052e-02
4.035479418360080062e-02
3.772873338000049676e-02
4.202014060557610065e-02
4.008046332113610055e-02
2.936984059370400038e-02
3.028859037596140155e-02
3.409620297159410285e-02
3.206351003297529950e-02
3.413555451703029903e-02
2.951946692721539936e-02
3.071315000393389991e-02
3.056157664189480122e-02
2.892074785651710042e-02
2.921360256507269867e-02
2.697644357694459899e-02
2.863272686226580113e-02
3.167674094659359701e-02
3.232472650930120345e-02
2.395887452362120001e-02
2.753412146658100121e-02
3.069243121256740037e-02
2.538549418661630031e-02
2.864536745774819843e-02
2.979695237636839980e-02
2.428708067508639906e-02
2.445332630853830000e-02
2.439689418817920022e-02
2.030801077230909996e-02
2.781729680663740101e-02
2.386920801242469956e-02
2.366250258461749870e-02
2.703264109791389883e-02
2.161718758894230069e-02
2.482492133029539846e-02
2.370964856164869961e-02
2.199785152861169837e-02
2.110032552806819992e-02
2.320878711769059841e-02
2.199936803892599962e-02
2.062648717108219940e-02
2.110298111743279942e-02
2.129653904623339880e-02
2.191814590368720145e-02
1.887349179724279874e-02
2.396706430361909834e-02
2.113958827439160054e-02
2.085549482584839881e-02
2.362088520692880167e-02
2.032202664280259932e-02
1.934233066427260006e-02
2.167389568185189991e-02
2.362141213547620106e-02
2.345676822619640126e-02
2.082248057002039979e-02
2.124755711470740008e-02
2.258587246879509985e-02
2.342585577434690147e-02
2.204078231436660054e-02
2.179984962563069964e-02
2.316138343239159889e-02
2.137343928242849828e-02
1.985366548467780087e-02
2.457878140596609848e-02
2.450445533135560058e-02
2.013433065097260111e-02
2.532169973015409997e-02
1.815933071871870044e-02
2.175533749004620113e-02
1.931422789933530046e-02
2.214655510632810090e-02
2.409742445008269951e-02
1.921268319260719878e-02
2.043230773191560129e-02
1.963513599154070172e-02
2.098926145342799865e-02
2.195088740873609931e-02
2.175861326569240167e-02
2.136670053623620016e-02
2.164759216294610128e-02
1.998828552504349973e-02
1.959839687985279882e-02
2.259888781605389960e-02
2.134827513760029910e-02
2.281391678476729981e-02
2.162252745509250090e-02
2.062842067669019841e-02
2.074175445699179970e-02
2.113730886080419924e-02
1.988399551032420109e-02
2.480988745204929999e-02
2.120532594236200150e-02
2.303183242236039874e-02
2.001978906444850173e-02
2.156123659414469970e-02
2.090007968028670046e-02
2.286039897101720120e-02
2.512935113258159964e-02
1.916524420812210083e-02
2.499212243668429839e-02
2.516323717794129861e-02
2.175121475682790032e-02
1.965889343519020005e-02
2.195016660994689867e-02
1.998261071116580120e-02
2.168041067511149861e-02
2.072160248577009992e-02
2.159973727855599851e-02
2.276173569733189878e-02
2.090913136740060047e-02
2.330280630325929844e-02
2.439053274284510089e-02
2.232099638020519985e-02
1.942446475605830170e-02
2.431426962505189859e-02
2.253187899791080084e-02
2.258498774648970073e-02
2.427837095407060081e-02
2.512625425103470062e-02
2.377234823717349829e-02
2.052099766671550141e-02
2.558249641768629845e-02
2.180432295126579975e-02
2.507379506892010168e-02
2.188751069780079869e-02
2.634374534878039867e-02
2.669862855255079881e-02
2.869262579663350160e-02
2.837769697184540016e-02
2.585035075013379993e-02
2.578020652377650129e-02
2.788114019826819917e-02
2.507443479556480115e-02
2.300908459235390113e-02
2.965334193632010104e-02
2.686696956744919970e-02
2.450172218111540054e-02
2.514499818553090141e-02
2.322131619781650155e-02
2.762018634055410024e-02
2.751493958333539949e-02
2.812836999574769986e-02
2.672411897017960142e-02
3.394839623876409751e-02
2.880000373816669901e-02
2.456080594489979882e-02
2.533359192849820099e-02
2.727330742042380005e-02
2.851550452168399863e-02
2.681108180568320121e-02
2.473007074277090017e-02
2.510726909864779977e-02
2.805566796481500161e-02
2.809369131706110009e-02
2.664572562727730159e-02
2.842589221449429854e-02
2.684289772001110033e-02
3.191259542441859942e-02
2.413795408126859915e-02
2.539111908634850145e-02
2.854233094187360112e-02
2.848450699384030144e-02
3.629934341243500062e-02
3.195193657567760304e-02
3.072558688259219989e-02
3.303309333967330286e-02
3.219718150942180168e-02
3.100351967984699836e-02
2.570921987063620046e-02
2.630245699899340026e-02
2.623232658454530131e-02
3.200164851818029788e-02
2.725971886031789901e-02
3.111792363977410047e-02
2.972205667011729863e-02
3.238696473174439844e-02
3.082854002050799958e-02
3.007627856866049859e-02
3.228720184698460199e-02
3.284751865045470315e-02
3.009137118532309932e-02
2.667453669598459851e-02
2.888974718068940128e-02
2.783648476194040128e-02
2.601794112257270128e-02
3.123860574132369949e-02
3.474909553482680158e-02
2.990827557078060139e-02
2.858650545168000059e-02
2.603646670523359838e-02
2.673920094778189926e-02
2.823976662834529888e-02
2.885532593845109919e-02
2.954351271931160081e-02
3.212281039219629791e-02
3.025982909842619972e-02
3.921209208541270169e-02
2.821918581457100172e-02
2.825976953272330006e-02
2.954281471436409970e-02
3.308308337003609823e-02
3.251174684420869709e-02
3.308308337003609823e-02
3.210575306633450116e-02
3.135229921642580103e-02
2.954443225686809865e-02
3.468981329289150262e-02
3.027691453963530024e-02
2.999341373139520137e-02
3.125815547892889928e-02
4.425291092811600019e-02
2.822816894548989958e-02
2.635195323781169829e-02
2.713211063641529988e-02
2.650477862914120061e-02
3.358174599961429724e-02
3.200614540746290343e-02
2.942765787069229894e-02
2.409863675457389956e-02
2.957911365073100096e-02
2.675145407680450116e-02
2.481682232607679978e-02
2.810841909885910053e-02
2.554040105232679991e-02
2.382778839157929929e-02
2.751493958333539949e-02
2.799226283420460162e-02
2.554048659037220018e-02
2.635009586186900024e-02
2.555736245261179887e-02
2.357222870364069842e-02
2.392450078202160157e-02
2.877624202222079861e-02
2.779135650071829985e-02
2.199006437943179862e-02
2.437707495394600063e-02
2.597601594362949906e-02
2.380048005722009904e-02
2.206487163366609855e-02
2.382366371278190134e-02
2.497826959377669881e-02
2.443710413336419932e-02
2.295076854084740145e-02
2.494400388211569924e-02
2.309217576405870123e-02
2.245413151641520097e-02
2.537835173978550060e-02
2.342838525135520003e-02
2.227923201571239964e-02
2.170679998667929961e-02
2.409069726265089875e-02
2.498963480881150057e-02
2.486032713399730087e-02
2.331950851110459882e-02
2.022340284271079841e-02
2.420073620147290133e-02
1.987110389912370018e-02
2.181939760247260038e-02
2.346760094505790165e-02
2.489418355511750086e-02
2.240224626972999941e-02
2.100371544811569999e-02
2.239392801583149975e-02
2.180683688729289846e-02
2.179838747749989966e-02
2.348716712975859947e-02
2.130228743618299905e-02
2.459809466670380071e-02
2.206287994114719889e-02
2.151972033540710053e-02
2.237952269877519981e-02
2.243757496122189901e-02
2.314465041858669928e-02
2.336882894220599846e-02
2.053507219279829960e-02
2.324422107490320064e-02
2.084768321755489998e-02
2.332861374369109980e-02
2.201289956426799935e-02
1.890737535507299935e-02
2.313292201374100160e-02
2.321247251168560150e-02
2.409145669656879984e-02
2.228583935049939860e-02
2.365100111248470000e-02
2.080288495245620137e-02
2.596542140220129899e-02
2.477554568071780108e-02
2.379078833991760122e-02
2.163263547602529979e-02
2.460447654892240071e-02
2.285075422906929915e-02
2.471293624187610033e-02
2.539458435277459902e-02
2.400931539723160160e-02
2.535056873728019911e-02
2.262266908547149943e-02
2.154907714952329981e-02
2.978630524673000005e-02
2.458711307135020077e-02
2.307249537614540144e-02
2.374718961687759949e-02
2.687798216235769838e-02
2.809405335042940155e-02
2.314100007298040135e-02
3.061824575209899993e-02
3.056020680097399841e-02
2.658806643434859923e-02
2.676607544569179972e-02
2.948580380641049881e-02
3.141441283125329803e-02
3.349231159473749914e-02
2.827562492412830086e-02
2.872982178084260152e-02
3.247461291231919928e-02
2.818283319660689831e-02
3.287619799735159998e-02
2.574060907630420017e-02
3.127770734355080073e-02
2.894495289591689918e-02
3.174609330815349878e-02
3.220388245198999716e-02
3.354043440338559667e-02
3.226955294687709752e-02
3.119674391915710013e-02
3.309946718617019779e-02
3.158092160168580326e-02
3.626940800060159814e-02
3.258536949257120202e-02
3.315985588936889994e-02
2.888408557857459827e-02
3.673828424226600192e-02
2.991618369317480125e-02
3.778143920871700201e-02
3.089531464768080146e-02
3.786710977471340056e-02
3.491987716509899892e-02
3.523448186138430221e-02
3.800712243021549946e-02
3.120742574756249846e-02
4.156644124179589839e-02
3.433390620920159786e-02
3.807469519022670112e-02
4.210696880731219782e-02
4.120710222307920334e-02
4.342852625951010292e-02
3.526331532514839773e-02
3.386217090667840296e-02
4.217901418651460316e-02
3.788310102984290134e-02
4.719464142610489688e-02
3.942745796945929665e-02
4.601290012229729970e-02
5.277197837188159907e-02
4.639213854136690213e-02
4.693902066494590186e-02
6.314387948959930552e-02
5.213936333648799826e-02
4.829168918342559985e-02
6.176840325078619687e-02
4.298173620646539989e-02
5.974416884779879672e-02
6.750507316109440048e-02
6.250177843839019309e-02
7.755590550306749875e-02
5.460281830702110040e-02
7.069223515794449686e-02
5.117888464277420280e-02
5.719728000188280259e-02
5.644179267252179971e-02
7.069218330692819685e-02
5.641500057636270049e-02
8.588167644615969654e-02
9.080299773571469391e-02
8.985370372572290543e-02
8.394395959727180001e-02
7.377857103083569623e-02
6.073021020150699834e-02
7.228405862414580274e-02
7.794958726551290407e-02
6.309346748688389461e-02
6.564062527822379922e-02
8.346065212032539871e-02
5.682264811967530083e-02
6.834706170007100179e-02
7.231853121233169923e-02
7.808003566491890368e-02
7.121794658384270060e-02
8.216599110185070221e-02
6.612889199781679661e-02
6.353703446804330468e-02
7.547741517971499892e-02
6.359858038678900538e-02
5.342962658715780244e-02
7.347900598634199421e-02
8.552967867356149612e-02
8.588364139891770110e-02
5.306394816291930272e-02
5.554113536586999939e-02
6.298631717623240367e-02
5.265555296222260151e-02
6.792438159601039971e-02
5.893069192576640136e-02
4.803388414769210052e-02
6.555421084721549385e-02
9.060754767698360468e-02
8.165597586685049980e-02
8.811894024983520091e-02
5.636487211221109794e-02
5.852195594702740145e-02
7.087783787632100096e-02
6.804437033404160673e-02
7.325735149005299651e-02
8.354964283447290085e-02
9.139364937554850243e-02
7.156820020156649809e-02
6.657428141614249451e-02
6.098869428721510194e-02
6.210203985711700014e-02
6.346122071237640661e-02
nan
nan
