5.344597550240619971e-02
6.276166004411490307e-02
6.407145276783760002e-02
6.636888685085369499e-02
8.768261726004379641e-02
8.469315870483619391e-02
6.332622743024039769e-02
6.842656117515250047e-02
7.646828948724859742e-02
7.793038546678690559e-02
7.316222872036599878e-02
7.618423893979180128e-02
7.479516776565739433e-02
6.645143671165840149e-02
6.178944628004089806e-02
7.815628400615709515e-02
6.710020049485089511e-02
7.778385490418429637e-02
5.448297905391549789e-02
5.946834904010270262e-02
7.999081493386929476e-02
4.137705050591580086e-02
7.520492722434249377e-02
7.908168539054080681e-02
4.233557856345850079e-02
6.233625624615200117e-02
8.286901494084049358e-02
8.889429141596590089e-02
8.687248171466889490e-02
7.462356155607309527e-02
7.921605026863490218e-02
5.418119597634340340e-02
6.769154878836169953e-02
6.001080027690480073e-02
8.474518677659449717e-02
7.490407740545139414e-02
7.599648350210959358e-02
7.447821671838940338e-02
6.946995536996890264e-02
8.232268735754000311e-02
7.912227812170480323e-02
8.479359676803689683e-02
8.163789526084799797e-02
7.328010315193769775e-02
7.419707765089560147e-02
7.089661681306050345e-02
8.310073775603339652e-02
6.504197606198970638e-02
5.069222468994299957e-02
8.310334543060189649e-02
8.880975615733850692e-02
8.090161517068450436e-02
6.759930736191499534e-02
7.459253905284220221e-02
7.427631179194239819e-02
7.119828339321880584e-02
7.805119330136639499e-02
7.164292702576810501e-02
8.644576618763520626e-02
6.798348202047539701e-02
7.081567613308499543e-02
7.795844694636659689e-02
7.310975236159099333e-02
5.900900006109720264e-02
7.335731772026740649e-02
8.801163560426229771e-02
8.031623815964650248e-02
8.914275343235729399e-02
7.749097046132689959e-02
8.778669571979250130e-02
7.625116259784370243e-02
7.999765518457820079e-02
8.417069985699200674e-02
7.594507354778430586e-02
7.631895369429450571e-02
7.596388894028030525e-02
8.846753055291159407e-02
8.675456058165090245e-02
6.123386476646049820e-02
8.853299583167739684e-02
8.481274592838780602e-02
5.652856917789379765e-02
4.190685657395189917e-02
6.645018908293699733e-02
8.206274968760700339e-02
5.370854687214429712e-02
7.810143919243860144e-02
5.948095176108399856e-02
7.858409527132829975e-02
6.174814772419980058e-02
5.521045975710359849e-02
6.396940612172520579e-02
5.503442978256659762e-02
6.749404987837590020e-02
8.476909123569169313e-02
5.213081763985370071e-02
7.703125090457370316e-02
7.047522778606299387e-02
7.443053989732309472e-02
8.386199272399459670e-02
8.126068671585469361e-02
6.985682785645640214e-02
6.517387163417820428e-02
6.098204850678980160e-02
7.271099879544569433e-02
6.988053212109719692e-02
7.419689299719399445e-02
4.906480881622839879e-02
8.767167447182329376e-02
8.597448158701540000e-02
7.665646757953320511e-02
7.466990247620010346e-02
6.401231475335579513e-02
8.012022943355069649e-02
6.809232950550719865e-02
8.462467320784780589e-02
7.794393380091410584e-02
5.759784578139629657e-02
8.388989761722899507e-02
7.238218434152049463e-02
4.783647780391749732e-02
4.805625941539699852e-02
5.130992230659520148e-02
6.011122687938119658e-02
4.790152847587599710e-02
5.614300647633459901e-02
5.408900239636039997e-02
3.561148710978540022e-02
4.335754622069749875e-02
4.418818734229480044e-02
4.608193293302410148e-02
3.619531726407740346e-02
3.735817585891750003e-02
2.834008972796010078e-02
3.085240629236829860e-02
3.282191063704079786e-02
3.527816271958249955e-02
3.456076655185390256e-02
3.246451173137399754e-02
3.032664682267659922e-02
3.110373940336870133e-02
2.824121699108310055e-02
3.187600305834410036e-02
2.714325115099720104e-02
2.504038763211580143e-02
3.288077090455929913e-02
2.887916250673969870e-02
3.119669881533709832e-02
1.989721091823960092e-02
1.900214860624030097e-02
2.175830543938200162e-02
2.932094876031699979e-02
2.862571338180220151e-02
2.549149756749419932e-02
2.351089219779869954e-02
2.753410182620099830e-02
2.039516525032479891e-02
2.502441385113389830e-02
1.810163942153019886e-02
2.270556769518920076e-02
2.048193657336500051e-02
1.921022208984439830e-02
2.281939582562239957e-02
1.981947824340549863e-02
1.956461847254640021e-02
2.470859804424119927e-02
2.006001578448250028e-02
2.451893897422470145e-02
2.446013258767079993e-02
1.988421213819619934e-02
2.154039099867530171e-02
1.959154997522629879e-02
1.984880245406219976e-02
2.089110358278360030e-02
2.094647314157090101e-02
1.860367923453000102e-02
2.123158854458370021e-02
2.864749152062509921e-02
1.923044963864710064e-02
1.985580015858120009e-02
1.777686526279599957e-02
1.703205542837750094e-02
1.945827207769349962e-02
2.061032852396309928e-02
2.031911261783540118e-02
1.698117254079930041e-02
1.998531106653159833e-02
1.876261548911770105e-02
1.820433080560570141e-02
1.763151647268830155e-02
2.025426833708749916e-02
1.867493101399519961e-02
1.613282051806419828e-02
1.864246725652119949e-02
2.273642283284869892e-02
1.991564632507419885e-02
1.821087076252420056e-02
2.106970890598579976e-02
2.009911807766449898e-02
1.849256000936280037e-02
1.852968461425190047e-02
1.877021307248639970e-02
1.881448642693460058e-02
1.650300264834980019e-02
1.739539678203960021e-02
1.671144868007869849e-02
1.770809075638080099e-02
1.816456146067289834e-02
1.760170291795519829e-02
1.749095391488479992e-02
1.855814850508959862e-02
1.747041286354089965e-02
1.916890161842249932e-02
1.897420420588160142e-02
2.033641909917379906e-02
1.886315372967359988e-02
1.917011067381249947e-02
2.031430863283049948e-02
1.759690127102489857e-02
1.878639082490049864e-02
1.637281971898749827e-02
1.628755598428899970e-02
1.753025716831699971e-02
1.554729848694150034e-02
1.791641201163389832e-02
1.751637672138010166e-02
1.737335215882699832e-02
1.715551291610320148e-02
1.891354541407359868e-02
2.308439817114089909e-02
1.885691116623579994e-02
1.798438437548379940e-02
1.818138132581139862e-02
1.810650964355040027e-02
1.650487355782639942e-02
1.810600335753280096e-02
1.789125860266119888e-02
1.967501840871420035e-02
1.605899654730739978e-02
1.887162080999539929e-02
2.733704420629659917e-02
1.822302995463679839e-02
1.668498111996670127e-02
2.620658764702400029e-02
1.907707569105290130e-02
1.857378965299389881e-02
1.935770483398080097e-02
1.711787107547720066e-02
2.635352479189069855e-02
1.909183384722009866e-02
1.764890498461519838e-02
1.947496798861729841e-02
2.158495647890380092e-02
2.033822905856109975e-02
1.772646288159690151e-02
1.967046097566890056e-02
1.955098632608240003e-02
2.014699408702549932e-02
1.762897807662930014e-02
2.600973363763829996e-02
2.119812430565309880e-02
2.543459163100830062e-02
2.677813722945479938e-02
1.959220627423879924e-02
1.864111744210979887e-02
1.873218615956500147e-02
2.334321054574890059e-02
3.542366174770129883e-02
2.792199651611159891e-02
1.893640193579030143e-02
1.829426921005080156e-02
2.064743928464439840e-02
3.099973784082379891e-02
1.954850407315349842e-02
2.188080146297500042e-02
2.166187890734999968e-02
2.123952567546470022e-02
1.750418294057609972e-02
2.879654793934499982e-02
1.936099360816320031e-02
2.793405561439269921e-02
2.248665105531279934e-02
2.729141649868130001e-02
4.337853095689669924e-02
1.999303833985779932e-02
2.014395300660720006e-02
1.979751320773580001e-02
2.108888324407149836e-02
2.030272465819149899e-02
2.263294465345850118e-02
2.232216823237110140e-02
3.415916827669850109e-02
2.929687966054049866e-02
2.176729520274050048e-02
2.391335162436929868e-02
2.589470339975320085e-02
2.192016950241349946e-02
1.985066052708640144e-02
2.125214272004929961e-02
2.092348503918220123e-02
2.155366557903039965e-02
2.159703865808240003e-02
2.338290068112239967e-02
2.132709254959089945e-02
2.084384499627410167e-02
3.014584250584299852e-02
2.062709107668130037e-02
2.956551814031780148e-02
2.420847353365980156e-02
2.218897502757160092e-02
2.519945619471580106e-02
2.051533315019130055e-02
1.932643382327150008e-02
2.570002021019859861e-02
3.287864277536420299e-02
1.983275718153950165e-02
1.980046889243630009e-02
2.462412416734819851e-02
2.570046658951040050e-02
2.165423205210410124e-02
2.787206895685430050e-02
2.224802654869700164e-02
2.980334808844270142e-02
3.187331470789629695e-02
2.912460597407460008e-02
2.335330249426439964e-02
2.067090918383469866e-02
2.057841482836090044e-02
2.292716160641680018e-02
2.212545941108190126e-02
2.121106907565700056e-02
2.028486856980539835e-02
2.072384965326269993e-02
2.124928507238149980e-02
2.208357673747859962e-02
1.890699657884519977e-02
2.365400253861240157e-02
2.239523766041200126e-02
2.108072057635880167e-02
2.155383719701850151e-02
2.517738147470779952e-02
1.885146510721859986e-02
2.223260340113369926e-02
2.305160001298860173e-02
3.484055788373280338e-02
2.189287328027380089e-02
2.568573279811330046e-02
2.314130254161569922e-02
2.175594613221890072e-02
2.062924727563050092e-02
1.828210663248790169e-02
2.280371525946730052e-02
2.162084810484640046e-02
2.146999814705519843e-02
2.202281268193979902e-02
2.348595934736210158e-02
3.238949801649650129e-02
2.231618014444370149e-02
1.953584140487390000e-02
1.853561257402979931e-02
2.026616585945269916e-02
2.126963636100550128e-02
1.768020208762369899e-02
2.123523799595120054e-02
2.093112113823939954e-02
2.206971898163840110e-02
1.760353148473299892e-02
2.168644768446269938e-02
2.286024504661390150e-02
1.789698930769759860e-02
1.872006109401719992e-02
1.950227088253839863e-02
2.559796782958040015e-02
2.024583830118259833e-02
2.173135728154229965e-02
2.166828061661730045e-02
1.790035303346650120e-02
2.064883816175299910e-02
2.055618654449950164e-02
2.229267960174889998e-02
1.664770942301749962e-02
1.882708193490980134e-02
2.421434751546699959e-02
1.967606747618439941e-02
2.139512403113509945e-02
2.008088434917670168e-02
2.352626513307400080e-02
1.947646454448299924e-02
2.516056865353940089e-02
2.634786674420230151e-02
2.291044466783509828e-02
2.218850292258120124e-02
1.968790742968249893e-02
2.175150610415579888e-02
2.288795110790440082e-02
2.219243366241829829e-02
2.374176541339769950e-02
2.096871069894529899e-02
2.564269364079890118e-02
2.712337101207850168e-02
2.626976224570779991e-02
2.259505227237569927e-02
2.322345903713880083e-02
2.562772197904060120e-02
2.278994141665520098e-02
2.259391768888400001e-02
2.526113674701300008e-02
2.237701427915849903e-02
2.964312746848999855e-02
3.197442379157979658e-02
2.360066567551670144e-02
2.730404280270340087e-02
3.134598105466750162e-02
2.942724532741219923e-02
3.273313098837850321e-02
2.484577713370959839e-02
1.758906748517720040e-02
2.576421921221160038e-02
3.006567945949719864e-02
2.990378657295139977e-02
1.285303394293819956e-02
2.890037521517890146e-02
3.469132649403480068e-02
2.843393632288340050e-02
4.379500202310000062e-02
2.908394359069119833e-02
3.502957629136529971e-02
2.830444132670599869e-02
3.545861908302389703e-02
3.790735020513130021e-02
3.936455711615720332e-02
3.160494856436130151e-02
2.796004596753879842e-02
3.254336271196620056e-02
3.093696722029350143e-02
2.885372338773940087e-02
2.949037594177239888e-02
2.629233044017989865e-02
2.780532885098159837e-02
2.445680022919539953e-02
2.639373147875569842e-02
2.829874169625860164e-02
2.308193523083720139e-02
2.368181497443860167e-02
2.084532923848289934e-02
2.539462125179809890e-02
2.349061591169199908e-02
1.918597360667440022e-02
2.057308739680130047e-02
1.987298617833499828e-02
2.149482415401030022e-02
2.193216990435109884e-02
2.120403325470230152e-02
2.087217073888610053e-02
1.910350537790389894e-02
1.801517641587069979e-02
1.979116415972639875e-02
1.833768635337880079e-02
1.927601439403309885e-02
2.368691769729430047e-02
2.272933210252019859e-02
1.742656797246859915e-02
1.847228217934429942e-02
1.732438577139969876e-02
1.960640708647079858e-02
1.816019459114849924e-02
1.862367871075830059e-02
1.815079815729159912e-02
1.913121496160790150e-02
1.973962706185810115e-02
1.656773054141020066e-02
2.027966434729759973e-02
1.998018889656700062e-02
2.034246268777320163e-02
1.924347416539309852e-02
1.761554659342209894e-02
2.127364470198640084e-02
1.731436037869230060e-02
2.068761548451699891e-02
2.066121157241369855e-02
1.843875407036390038e-02
1.958265507409930051e-02
1.862732231309350076e-02
1.647591302814909939e-02
1.824413789299720104e-02
1.855896198429870039e-02
1.740289657796829925e-02
1.988479357855270011e-02
1.704148667753279875e-02
1.958504242742090118e-02
1.779531513603380133e-02
1.996102118896810051e-02
1.761987014033779969e-02
1.944073104824150036e-02
1.774410290988519961e-02
1.675535351506950155e-02
1.985755768255309875e-02
1.806106081060609991e-02
1.956133552429700079e-02
1.795564944034160060e-02
1.899197656366950065e-02
2.158789803014350001e-02
2.031980419083479969e-02
2.980631216005660139e-02
1.833302265621130148e-02
2.320881988058910023e-02
1.780634136749060029e-02
1.560591125616339961e-02
1.780556435242629937e-02
2.077850705441009957e-02
1.971255995010499917e-02
1.861498280558139887e-02
1.772974750526319990e-02
1.888478271269839956e-02
1.776272658292549905e-02
1.750529894472899889e-02
1.795030228149770146e-02
1.796894782193950157e-02
1.725098657301899971e-02
2.098690859278939946e-02
1.816064632526629904e-02
1.868704211468099827e-02
1.799944829354669859e-02
1.612260187428940159e-02
1.926337569750739831e-02
1.751947207877990048e-02
2.576746123292239857e-02
1.769164846180600048e-02
1.794253134695060134e-02
1.818969490387749993e-02
1.823636957452509991e-02
1.878701910137280107e-02
1.983049743576750096e-02
1.956198516613920010e-02
1.866986447355569942e-02
1.787387167173199939e-02
1.939213233782850071e-02
1.787318299314710063e-02
1.781398006376029922e-02
1.866493715495539871e-02
1.861855850659099865e-02
1.866963882626269944e-02
1.730637885348310090e-02
2.023074728097460154e-02
1.800881204259140167e-02
1.937376314691750118e-02
1.692951022614989920e-02
1.998029197464089995e-02
1.947018367902519920e-02
2.036748876548339846e-02
2.356312511069229981e-02
1.984956798744400008e-02
1.822471838971429989e-02
2.032425045924440149e-02
1.991810100408939951e-02
1.868575715603590023e-02
2.226445461542700052e-02
1.781551836849009848e-02
1.948309310362069877e-02
2.216600185997190040e-02
1.867034854836420107e-02
1.905090991712949863e-02
1.930675865272789976e-02
2.229659751225970127e-02
2.078699791430349900e-02
1.962606147099259929e-02
1.957243720259629893e-02
2.303966132104590114e-02
2.166782311766360034e-02
1.846245682293869844e-02
2.062398099445940033e-02
2.352818344774159839e-02
2.263490385119670129e-02
2.314032208101670166e-02
2.064835081772639983e-02
2.210214259143419846e-02
2.085601634657619982e-02
2.269944599207189898e-02
1.817949775467619933e-02
2.026590066096079987e-02
2.048953193958530025e-02
2.230466175652109917e-02
1.977295694836449930e-02
2.159759312066259970e-02
1.841372416386809902e-02
2.204485635032450014e-02
2.286488368957039982e-02
2.299312230357870163e-02
1.833614914578859945e-02
1.935045164617390026e-02
1.945846756677499859e-02
2.231504171833819869e-02
1.887829762277259960e-02
2.010954636669729997e-02
2.039210308506219857e-02
2.096690599504530059e-02
2.009747139230729993e-02
2.455529596803359901e-02
2.268294929502689961e-02
2.372042485440389870e-02
1.952048245955709943e-02
2.003323042508610083e-02
2.029150902263060149e-02
2.318362763268589852e-02
2.260549549260729846e-02
1.823919739761099834e-02
2.070036824368130107e-02
2.339247750356380010e-02
2.260413024523350023e-02
2.069864036161310136e-02
2.473617660106159841e-02
2.148377568395340095e-02
2.001421525907130100e-02
2.423488914379549886e-02
2.137279544110580118e-02
2.207525352020089926e-02
2.098928386651259873e-02
1.973392072814189949e-02
2.062224805991970042e-02
2.247035632197339969e-02
2.334515623392839981e-02
2.017832453286000013e-02
2.127633266813000121e-02
1.778822349206499870e-02
1.916201329000979947e-02
1.995242658665929980e-02
2.168476070653079998e-02
2.222761784725180156e-02
2.207687637871329905e-02
2.476325978173829837e-02
2.157290725694229958e-02
2.238910029707890173e-02
2.392368382192270118e-02
2.234387476357129962e-02
2.490891044136340007e-02
2.673965080721879897e-02
2.863919159169709891e-02
2.338614150298149938e-02
2.354218726258220165e-02
2.763757903377090167e-02
2.582129019636270062e-02
3.116712899613980139e-02
3.560990631133789663e-02
1.580076094698840139e-02
9.195368608529600613e-03
1.974053838137870137e-02
2.733262921283999801e-03
2.354818975442640044e-02
1.193915118736509941e-02
3.299554486195199754e-02
3.102124723528019989e-02
8.467077441727270670e-02
4.572378900591900219e-02
7.064936539879990152e-02
3.421993195095619777e-02
4.118799714121759714e-02
3.096733876460299947e-02
3.507171730164369838e-02
2.412000720513760021e-02
3.415302729778819935e-02
5.020437456531279957e-02
3.752016431735370056e-02
4.359870067193580279e-02
5.363136004270199764e-02
6.302789548807399833e-02
8.708971209374999356e-02
8.758976214368720259e-02
8.543145720378070296e-02
8.410745228051390299e-02
6.311001734923570028e-02
8.073367777660189759e-02
5.835641752513649749e-02
4.425780087131100243e-02
8.951534112984399494e-02
6.673311992246240554e-02
4.548944672541609807e-02
6.433018335812490385e-02
7.511106199745100354e-02
6.885040680371090627e-02
4.843603425197340329e-02
6.736918963148849637e-02
8.081892476357770139e-02
4.385824630195329921e-02
4.509919941796450282e-02
4.543844299373649837e-02
5.894421801153389845e-02
4.664697957995769806e-02
6.673857382515929748e-02
5.956364758820609923e-02
5.524765943501470239e-02
4.662483766873910113e-02
6.838743874764570407e-02
4.382816305567249771e-02
4.786500509174840268e-02
3.505857484080589920e-02
6.499104124248210324e-02
3.280144358313950154e-02
4.096446375597549705e-02
3.579375602298470044e-02
3.912500615040360313e-02
3.898081446538329692e-02
5.993227668035409905e-02
4.228059698699800084e-02
4.902171141290539991e-02
5.515543573870970023e-02
3.785159548845139915e-02
4.635059094438979954e-02
2.728964825302010108e-02
3.161913080122270153e-02
4.131050504576660315e-02
3.684533192335399943e-02
3.379607984446009877e-02
4.053818284994060300e-02
3.716040744093739717e-02
3.144453695732919718e-02
2.982429510302430156e-02
3.251768576345669820e-02
3.195007441114999791e-02
3.050272650295009907e-02
3.817703234789709965e-02
3.147245681916299720e-02
4.310904502581810321e-02
2.965831553749060170e-02
3.079191923670469844e-02
3.274141670689260236e-02
2.737960748459060054e-02
3.257601220273689813e-02
2.594255536585809985e-02
2.956306425558419965e-02
2.733006295277549957e-02
2.531681974005380031e-02
2.518374368107730021e-02
2.539799331151470010e-02
2.748208920052599979e-02
1.933255789324750049e-02
2.174221976158910094e-02
2.394259192484739923e-02
2.319703928611360072e-02
2.399084120698809913e-02
2.179095749739010102e-02
2.112718203344440132e-02
2.218994542984970009e-02
2.394939632611950073e-02
2.105523755472319888e-02
1.914223717065769922e-02
2.231108802000900115e-02
1.909056434436360097e-02
1.979674580029760003e-02
1.773925384033949934e-02
2.178683980238710002e-02
2.046010248798069836e-02
1.910626327314030037e-02
1.855986309599319886e-02
2.240201551117909987e-02
2.113694421642349844e-02
2.369770611383130096e-02
1.814686319487270050e-02
1.894733846418210008e-02
1.665754309340400016e-02
1.819599010935180061e-02
1.940546302806120046e-02
2.184917974931020052e-02
1.754511486335049927e-02
1.736248256963419945e-02
2.279757194540209947e-02
2.237331416796009900e-02
2.047930396981910081e-02
1.742748328777530067e-02
1.907511077475849970e-02
2.147462830804100151e-02
1.921605016447930012e-02
2.204604441457560030e-02
1.799540798277950160e-02
1.812188528177560015e-02
2.279249463854799915e-02
1.955369899735140068e-02
1.849309293175300031e-02
2.246561093887329899e-02
1.817033364474960125e-02
2.323424655944160075e-02
1.838015782997570041e-02
1.699105616999430080e-02
1.683269742457320015e-02
1.893701153466060064e-02
1.798561203856980165e-02
2.064331020445839965e-02
2.144290565838869941e-02
1.874900017343709979e-02
1.806000699477059920e-02
1.840832663499979843e-02
1.833462386646059900e-02
1.730217026071800140e-02
2.070501604477109972e-02
1.943287994752609937e-02
1.808131689594880132e-02
1.923919146668640057e-02
2.728872300619560043e-02
1.804387125996160038e-02
1.858860066641910072e-02
1.936677746183059975e-02
2.144914228774200127e-02
1.882591131151629960e-02
2.207068919503980126e-02
1.928409251984139830e-02
1.766017481167990108e-02
1.757106811691769993e-02
1.809756238362289840e-02
1.799895182578109890e-02
1.768292423597549873e-02
2.111211267001409861e-02
1.806884859718589989e-02
1.795252159759170088e-02
1.991463645801939963e-02
1.762292288266109966e-02
1.836245480170459882e-02
1.921800042806329906e-02
1.742422287571029904e-02
1.837981765352490054e-02
2.089159681309970054e-02
1.954175160337650111e-02
2.013070666320219970e-02
1.719930832222139883e-02
2.248994507943500101e-02
1.843142352182799981e-02
2.080981955840269931e-02
2.738686700666179835e-02
2.059339925596579898e-02
1.827435146735479840e-02
1.852535950802499873e-02
1.977610534033229922e-02
1.967853483945559978e-02
1.828067133257689839e-02
1.931539046509130053e-02
1.780037807141550063e-02
1.857275586853969832e-02
1.931511635860970119e-02
2.104897154252680092e-02
2.706408971943450106e-02
1.954485585887920027e-02
1.874686701946319881e-02
2.066703828213830099e-02
2.059792630309510014e-02
2.101335360141719927e-02
2.212939144174070130e-02
2.181591128743489913e-02
2.306523971304099904e-02
2.681908775441090020e-02
3.087895430324420071e-02
2.046217103145619998e-02
1.856238651934909861e-02
1.862759280702289827e-02
2.151314225146139930e-02
2.173391773880049838e-02
2.156386397400840080e-02
1.952095071850519850e-02
2.574491525805299927e-02
1.857201751914919902e-02
1.855808755878409974e-02
1.910799347474769969e-02
2.006220198576429831e-02
2.018186279281539847e-02
1.880185069308019929e-02
1.837220484619260172e-02
1.911807813147809940e-02
1.932960449355460020e-02
2.217259723834799981e-02
1.823130373046119926e-02
2.424917551392840112e-02
1.974188963674240044e-02
2.008713338577559904e-02
2.029626575182020068e-02
1.892672491253399869e-02
2.398548040737789877e-02
2.048206854266870075e-02
1.995658376124900130e-02
1.905146526970689924e-02
2.018810605773789860e-02
2.397819334445880010e-02
2.282995874341560080e-02
1.982145396201260082e-02
2.142663230012530062e-02
1.983056665078680031e-02
2.032376907188810158e-02
2.011233213093260169e-02
2.126971731136460125e-02
2.082416704371600064e-02
2.099320330071949986e-02
2.121608338697000135e-02
1.973724923444400078e-02
1.783026467006459947e-02
2.006098321350250138e-02
1.833608574297640112e-02
1.998885851667760172e-02
2.090360087167380046e-02
1.972173347126560117e-02
2.235514830402299952e-02
2.106941669006530057e-02
1.739964363391899999e-02
2.062497057171579912e-02
2.406562261433610114e-02
1.961775993583629932e-02
2.307524778835910034e-02
2.190841157133990164e-02
2.247713871777290082e-02
2.965040431613299998e-02
1.937113623275220006e-02
1.992084771287929920e-02
2.227310002745469877e-02
1.963967613031609993e-02
1.876526593311069954e-02
2.052803974418680039e-02
2.790847684801220016e-02
2.136421885797869930e-02
2.393340473384160047e-02
2.275796253338860028e-02
2.393340473384160047e-02
2.133584131693910119e-02
2.889849829386690119e-02
2.417660220284599884e-02
2.228378220072050123e-02
2.161440579590880040e-02
1.896422793538449919e-02
2.059993035452099830e-02
2.129784343016540016e-02
2.433726068166670170e-02
1.903859659140930138e-02
1.947800443378620155e-02
2.053193191141820112e-02
2.493911510585939892e-02
2.059914096024259914e-02
2.127332458633179879e-02
2.461565540482079859e-02
2.092009630895790007e-02
2.164270417779510028e-02
2.065245714087890136e-02
2.188242404693980028e-02
2.087801020873610025e-02
2.094249798006130037e-02
2.230188630174129855e-02
1.876848782506219948e-02
2.391962894078029922e-02
2.464986004063160138e-02
2.221011481401429996e-02
2.378363599552130170e-02
1.971073710675520091e-02
2.105371984516949888e-02
2.213061048465420066e-02
1.938902227071009898e-02
2.018725568592040151e-02
1.971884449956199867e-02
2.120367003133179912e-02
2.041172190880680137e-02
1.829382512022429894e-02
1.948766058506840038e-02
2.009132579745370045e-02
2.022985430355120004e-02
2.171854069577270133e-02
1.981143068156139900e-02
1.816179746398070144e-02
2.514325890624150017e-02
2.381875092164439933e-02
1.935778923453849998e-02
2.108595731252450173e-02
2.088588095406250164e-02
2.248004979088569916e-02
2.310708257753620043e-02
2.201721993242850006e-02
2.063930134283260137e-02
1.952796958669709981e-02
2.141485701546690101e-02
2.556590255547639898e-02
2.135079025952259929e-02
2.057890546238530169e-02
2.207992583657510111e-02
1.923252119020539899e-02
2.141822024140409980e-02
2.171974130253090038e-02
2.165694678449999952e-02
2.249420526052239855e-02
2.137618816319249854e-02
2.220631869535490133e-02
2.067487825910320140e-02
1.969593999438149987e-02
1.912560059337270121e-02
2.222098758789809933e-02
1.828303754396470165e-02
2.188214191722899840e-02
1.920132418105620006e-02
1.843919836370299867e-02
1.674846617115369890e-02
2.061295049484829917e-02
2.247430713096030055e-02
2.315601246690730114e-02
2.324843208702529959e-02
2.155476900756990097e-02
2.026212386060890006e-02
2.025184005717469912e-02
1.788208247501910098e-02
2.545955655427459968e-02
2.208769634461999962e-02
2.182038978492140124e-02
2.266875175760579841e-02
2.392980013726039856e-02
2.059692569044799942e-02
2.420599293233170052e-02
2.915356189557620145e-02
1.954599030428870107e-02
2.576312339627919931e-02
2.723093353960229918e-02
2.702705421856289869e-02
2.345789750861580064e-02
3.068610601799489843e-02
3.366931299339819689e-02
5.128655120094079839e-02
2.972843998042139918e-02
8.389487476183800016e-03
2.789746457354600005e-03
3.433881170927979842e-02
3.356872937795850331e-02
3.277842849714950046e-02
1.934110062193199978e-03
1.981879409965399928e-03
2.419241748713699906e-03
9.317255845249800689e-03
1.271613882472680084e-02
8.502374023565999672e-04
2.160556778689799815e-03
1.418843622239500087e-03
4.418798909367399781e-03
7.345726974364599760e-03
2.339535661578930059e-02
2.522060508929289957e-02
2.552881671876830114e-02
3.499328525839599802e-02
3.742653596955160256e-02
4.132461472789700219e-02
3.731525153628469788e-02
4.149533086655159825e-02
6.515138550692549380e-02
5.464769418265560258e-02
7.663523225696219909e-02
8.397723658236350142e-02
8.528001020805529853e-02
5.724435356591509733e-02
7.247426071546589355e-02
8.431773166830119903e-02
6.671706764327889339e-02
8.984355791063469709e-02
5.969757296754610310e-02
5.790918314425629737e-02
7.804106636225860427e-02
7.871111963773809450e-02
5.506252083680079901e-02
6.847271855883320379e-02
6.750277848176269857e-02
5.849388129448519769e-02
8.146704217130980308e-02
5.823168434187679654e-02
5.138896392917979838e-02
6.821126942223999789e-02
7.141680341184629410e-02
7.595129008260370629e-02
5.659414232652579951e-02
4.874900679183510194e-02
6.360867588838599318e-02
5.638413694792140246e-02
5.792981079779899872e-02
5.890331889185149855e-02
7.028099599212669912e-02
7.445338877325409499e-02
6.019130987223680201e-02
6.803069984854090424e-02
6.182682590083819762e-02
5.374097132658779696e-02
5.309133646337439727e-02
4.691086210399909862e-02
5.787755974286450111e-02
5.390083293949850252e-02
8.856491559926789325e-02
5.390083293949850252e-02
5.540073937505030077e-02
5.878978065359090344e-02
5.787755974286450111e-02
5.588520036616700243e-02
5.390083293949850252e-02
6.240385668858539764e-02
6.240385668858539764e-02
4.916551756274620266e-02
5.035496801280200246e-02
5.625570318903139883e-02
5.578552340690200173e-02
5.373837634727309659e-02
5.631425250561330337e-02
5.726911297352599989e-02
6.253965755821830341e-02
5.254480612085170310e-02
7.002642384282969923e-02
4.954927216554529806e-02
4.620254890460360336e-02
4.431315386207670265e-02
5.210627422979639822e-02
5.728952404198889986e-02
4.850987574269349789e-02
5.134888141278610291e-02
4.506146259703960183e-02
4.325484061958360243e-02
6.332642946779259985e-02
3.760114392199669781e-02
4.247886921590109804e-02
3.916162770946449850e-02
4.017831910670729978e-02
4.472308826936149950e-02
4.342255330847859945e-02
3.503558594925709757e-02
3.773020213295250058e-02
3.654042976298659678e-02
3.372964252931529711e-02
2.997549596980919953e-02
3.423894033910949986e-02
2.884924851100910057e-02
3.613394020358069725e-02
4.801234891297839757e-02
3.203104121415829841e-02
3.017443224682619940e-02
3.413788075436340053e-02
4.003118515140109690e-02
2.634018605643550018e-02
3.383739088915550114e-02
2.508584917239550099e-02
2.727273802551270082e-02
2.846960944120649831e-02
2.978570752735509863e-02
2.316596049610330013e-02
2.912803157464050052e-02
2.275356303299549965e-02
2.398342969769130112e-02
2.406512957394690150e-02
2.250972456873179955e-02
1.916793867512280036e-02
2.435039179984919977e-02
2.243167794065520013e-02
2.415505559495249865e-02
2.595149157482139896e-02
2.403928472218800141e-02
2.034499040925590030e-02
2.399718610590999973e-02
2.253402887826939927e-02
2.457224642787559851e-02
2.014079347761769945e-02
1.992508116362709872e-02
2.092875479271210162e-02
1.952842577984750111e-02
2.157113887180089895e-02
2.344118471415269911e-02
1.831925859156759845e-02
1.991643663813329884e-02
2.322984186367320000e-02
1.980036932091030003e-02
2.131566383702020173e-02
2.281528332876589862e-02
2.115954862911240131e-02
2.349787438118070004e-02
1.977358588787650126e-02
1.866605039848839853e-02
2.193809638790800154e-02
1.988307082240709997e-02
1.647888812085309893e-02
2.147847351017289838e-02
1.773579846973619839e-02
2.174702389973319841e-02
2.328873167991570015e-02
2.156769236368550127e-02
1.756682947685569984e-02
2.107767388503590036e-02
1.997897796651389862e-02
1.996145598464110077e-02
2.034586347372339954e-02
2.007936676263940082e-02
2.151585955660690122e-02
2.154461889101140157e-02
1.662646854650539838e-02
1.847557416986540108e-02
2.003270756619440068e-02
2.366659472695140098e-02
1.762487486301310066e-02
1.959491921650330024e-02
2.214646415270860036e-02
1.881820068516540032e-02
2.152269290741539928e-02
2.004880923472970172e-02
2.152467126579219944e-02
1.940607911457839854e-02
1.927869374980109921e-02
1.867081160002069876e-02
2.046966182301630105e-02
1.874736468205499829e-02
2.018379203246629949e-02
1.786920502300910069e-02
1.982363776971210120e-02
1.968642517018729873e-02
1.932388850992930104e-02
2.211856828299680125e-02
2.276321328727779966e-02
1.934242789753439981e-02
1.946468958532780041e-02
1.987820387520870119e-02
2.033569442784639858e-02
2.121472329082620123e-02
2.066334949878690166e-02
2.139835913122660124e-02
1.990036176979319976e-02
1.950322992291930041e-02
1.980089938241149858e-02
2.095715303551120082e-02
2.272058498858170114e-02
2.091656892998099843e-02
2.215670944806229919e-02
1.793120089452529889e-02
1.884690600880700034e-02
2.056628439732230071e-02
2.132077731739679891e-02
1.950025441278470037e-02
2.260106823374790144e-02
2.193376768118359896e-02
1.868635552427269989e-02
1.893262966034079883e-02
2.295923768795080089e-02
1.948303905496440169e-02
2.176782146768210108e-02
1.894364123906529945e-02
2.091061139621709988e-02
2.268570835825569829e-02
1.854385574239500109e-02
1.875308829012699990e-02
2.029946995293310102e-02
2.077958282969509865e-02
2.077692813617919992e-02
2.067044375426370026e-02
2.004315165761190107e-02
1.905713041981589931e-02
1.972110493024229957e-02
2.127901194485120120e-02
2.463337128685870112e-02
2.098927343394799833e-02
2.004834878947309856e-02
1.818573330797370116e-02
2.204576509275840007e-02
2.018978972940509847e-02
1.998905552200419891e-02
2.304874294424640035e-02
2.226017528365600157e-02
1.832871941263140153e-02
2.079256177069420050e-02
2.267037389400099884e-02
2.363277791816839959e-02
1.881092047652540081e-02
2.432245938738330018e-02
1.992707420679110109e-02
1.834639453744740106e-02
2.468758108333269849e-02
2.332451750718179950e-02
1.961878927425069960e-02
1.926533325413709932e-02
1.844671317982689990e-02
2.073393872450359984e-02
2.322107324663849962e-02
2.184304622193559975e-02
2.121745362536429924e-02
1.947881477106160053e-02
2.242565047927369895e-02
2.113636494954630046e-02
1.872319513909129901e-02
1.907942130890760007e-02
2.091315226702500016e-02
2.248539189370339988e-02
2.214745299463349859e-02
2.054116849668019898e-02
1.941537662232779848e-02
2.140735380820470157e-02
2.060754434067570140e-02
1.828420488470940131e-02
1.962076548235699991e-02
2.067441650994290142e-02
2.011361125468990110e-02
2.007489504062949862e-02
2.026064533329329995e-02
2.168785311714980027e-02
2.116450652543699906e-02
2.313394035784940156e-02
1.981050505928460062e-02
2.162649402919520139e-02
2.203625699626969928e-02
2.017263109189700032e-02
1.871373277699829932e-02
1.874020889761309969e-02
2.161296374112699897e-02
1.985393319868779954e-02
1.964777875132949977e-02
1.986689434055840045e-02
2.254329068158730104e-02
2.158845389259009956e-02
1.918050750321570116e-02
1.884654364846220093e-02
2.108126048681489839e-02
1.999430429064660147e-02
2.101321804077019989e-02
2.251970880798330119e-02
2.313242504886209999e-02
2.286563535591989993e-02
2.212978888865079971e-02
2.368927491416950026e-02
1.905358618390049982e-02
2.108046204786179906e-02
2.082292114511170161e-02
2.233795400058469910e-02
1.844161991235020170e-02
1.883230225596449828e-02
2.126656520551269830e-02
2.239644017374660054e-02
2.326342302037310086e-02
2.067961865907010088e-02
1.973599409300619972e-02
1.892603018643159926e-02
2.097160117986819963e-02
2.466261168274979862e-02
1.904435210324929850e-02
1.989861816464719851e-02
2.152908705230590150e-02
2.465035753440620106e-02
1.859119694953769927e-02
2.222125281667549843e-02
2.416420912623330058e-02
1.924396771174270021e-02
1.992158011832489972e-02
2.286372306665939921e-02
2.025179944192019924e-02
2.090165526833229898e-02
2.101540865568870056e-02
2.244455914638089980e-02
2.280015519513189926e-02
1.919241592267290075e-02
2.067248917971349978e-02
1.913064546822289963e-02
1.822974305499639944e-02
3.133468777042269782e-02
2.555654591053420008e-02
2.086160002200140168e-02
2.437778053460670086e-02
2.084776709800070099e-02
2.394585008320000014e-02
2.194999126276140147e-02
2.539651099030839840e-02
2.001982464030770126e-02
2.588379808691329900e-02
2.127919792675080080e-02
2.181751422510529864e-02
2.424969625393690043e-02
2.771105436887849952e-02
2.452544614690930005e-02
2.587506508866339872e-02
2.754863722308889887e-02
2.399592470532600080e-02
2.509770191120290136e-02
2.911111490641499905e-02
2.696477755788009856e-02
2.541976038887229852e-02
3.135765210347680326e-02
2.626355133062750064e-02
2.393880350893649867e-02
3.268643023607979703e-02
2.290864204399420054e-02
2.644641962589270104e-02
4.110857783987709874e-02
2.919621218051619838e-02
2.899828869062849937e-02
2.787378174549460033e-02
3.483197988748339829e-02
2.433637799716559941e-02
3.725124039581410168e-02
3.312881547391560016e-02
3.297919915304840105e-02
3.411495018284180225e-02
3.103191236505049855e-02
2.935135396322170048e-02
2.858354841681930159e-02
3.432319260793430249e-02
3.192602306598339712e-02
1.626077116485200036e-02
2.588683999789299917e-02
2.617379035219799879e-02
2.464403815047610039e-02
2.800201166127350150e-02
3.397875423564009761e-02
3.357937867624939676e-02
1.271975522148979972e-02
2.863638686986319862e-02
1.282651189178040003e-02
3.334361166755529793e-02
2.914477689815149833e-02
3.298857238965959698e-02
2.836849970451429948e-02
3.504663529962490087e-02
2.677257332515320040e-02
3.045437656142490138e-02
2.549502785373369829e-02
3.105763922630089963e-02
3.689845951823479686e-02
3.880007358370479720e-02
2.815072702805190147e-02
2.805807255421960064e-02
2.674448370106969827e-02
3.849245066607420024e-02
3.133323891299270164e-02
2.919439316172659990e-02
2.792429648603689946e-02
2.821057031839449905e-02
2.486291218776509951e-02
2.420918862651229991e-02
2.823730753260019974e-02
3.228539488467799951e-02
2.633185885679190097e-02
2.369832649729829849e-02
2.479287126560490023e-02
3.015989033330869831e-02
2.713494744790079932e-02
2.734210839103649870e-02
4.599951970258359807e-02
2.189980162452059842e-02
2.772473328993079952e-02
2.485116285897870023e-02
2.492568632354739966e-02
2.599092829928789997e-02
2.629971514040320077e-02
2.211794326792180035e-02
5.438556271472459736e-02
4.604828943713339812e-02
2.506245917401379864e-02
2.512719947379169969e-02
2.451172061936199992e-02
2.470572589332909949e-02
2.649740700427150042e-02
2.117357584484829899e-02
2.399594185604250057e-02
2.571640438295769854e-02
2.501400018759949995e-02
2.280548798807690083e-02
2.467731711767420094e-02
2.228458776709410158e-02
2.790488528620569883e-02
2.278370100832110071e-02
2.383404358421749997e-02
2.619176131057989951e-02
2.702089359386070089e-02
2.365347535742960000e-02
2.552631865341179959e-02
2.614579452113839977e-02
2.344820663000679942e-02
2.360215900089740124e-02
2.464125496310609967e-02
2.803498388740010075e-02
2.176496004822070160e-02
2.449476390210399840e-02
2.396160796768349865e-02
2.924243756315600060e-02
2.944819890134060120e-02
2.447072163841729903e-02
2.961010542090180067e-02
2.512089138620710038e-02
3.700087196694439723e-02
2.394573774408929878e-02
2.943506564775310100e-02
2.694756662195079908e-02
2.947169287606820134e-02
2.797877854926919886e-02
3.405411701850390160e-02
3.149518497790310123e-02
4.667837554260159671e-02
2.975108492607250049e-02
2.808265691794190055e-02
3.215792772294710083e-02
3.362263675848969902e-02
3.499819366954839972e-02
3.546306683323380282e-02
3.762389677263659749e-02
2.983285560148750057e-02
3.890986816868700210e-02
4.598608747320920287e-02
5.548340630196010176e-02
5.214141053705569767e-02
4.402593016151939986e-02
3.884357481292120134e-02
4.039137651755869696e-02
5.620639336278669684e-02
4.443448632205899973e-02
5.560458577515300232e-02
4.879719453734680107e-02
4.463506838157319662e-02
6.698168466492469830e-02
5.870175616536930235e-02
5.018947827802140021e-02
7.347719410831529685e-02
8.456631591242699808e-02
6.555986316502089573e-02
5.946372174825059753e-02
8.946245626226409509e-02
7.534203155333890622e-02
7.690891000540180100e-02
7.985369244626329410e-02
6.925551707306580596e-02
5.747366908975860139e-02
8.635553556789149487e-02
7.176590876861030366e-02
7.832206445491129987e-02
5.245006329282470015e-02
8.252661168182190421e-02
7.245464775283350090e-02
6.808416117050100635e-02
6.968534107981140535e-02
5.253368389655180271e-02
6.204963208224750087e-02
7.003764289035359358e-02
7.282138672308439975e-02
6.957420419216890639e-02
7.588183502645740042e-02
8.779940002866210014e-02
7.648263798035359606e-02
8.759179418759049929e-02
5.592685708437319936e-02
7.753960544510400676e-02
7.971833981219439424e-02
7.085881756366230189e-02
6.583978359894800125e-02
7.864844860158799744e-02
6.910027734598600535e-02
6.433753748074859391e-02
7.335609326087770554e-02
7.932077603807290156e-02
6.716865010940969993e-02
6.402394599701190236e-02
7.565800622215559934e-02
6.331540220156700594e-02
5.947855779195859727e-02
6.794910460087459636e-02
5.973485827890569894e-02
7.169013625829949443e-02
8.252136060895640113e-02
4.732382834611310179e-02
6.624037213809569336e-02
7.068125847968299846e-02
5.875241834558359716e-02
7.800974387716040626e-02
6.934836761031590302e-02
3.772684176555170243e-02
7.029978977380120508e-02
4.386789456475190252e-02
6.026214809482079854e-02
5.112584121591400022e-02
4.861999364760750258e-02
4.281619806270160061e-02
6.156301862540790315e-02
5.769360514458150152e-02
4.719875449398570205e-02
5.517309618981790231e-02
3.997235136708159747e-02
5.427372588194379760e-02
6.837899624371460150e-02
4.368790096221569774e-02
4.927034817503379849e-02
5.375682887759850037e-02
5.073162547824210111e-02
4.208626299678160099e-02
5.797282216979120217e-02
5.614623972980539723e-02
6.004154901175490222e-02
6.253725061679360486e-02
4.187439805503689882e-02
3.827022992835459742e-02
3.788183358293750053e-02
4.106071238371870186e-02
4.754925904776940299e-02
4.557887701397009966e-02
3.626655087636650177e-02
4.061919848307000286e-02
3.956690679810880018e-02
3.221530011021860040e-02
3.374259914414900335e-02
3.559238397718120228e-02
3.040865218840349896e-02
3.096113303786119861e-02
3.453521516448149892e-02
2.956049175092319986e-02
2.642538380762530018e-02
2.859565827356889967e-02
2.716663218350970008e-02
3.284440183434649690e-02
2.568624180544819974e-02
2.745416649680830143e-02
2.662944657824840161e-02
2.465245548574860127e-02
2.477069512247869962e-02
2.347996317159279853e-02
2.242952432159010107e-02
2.510228347369959992e-02
2.550141510325529964e-02
2.308963100045520120e-02
2.593326499981420119e-02
2.700212239084339924e-02
2.017106391203949897e-02
2.092454235486360115e-02
1.830237957555029896e-02
2.573113109268690066e-02
2.227171631389730094e-02
2.242672178517770079e-02
2.055082206867580100e-02
2.562666559724939910e-02
2.192551701774959894e-02
1.984185267731659874e-02
2.401200251557950027e-02
2.293012525613349895e-02
2.329581284270720171e-02
2.269583829656459870e-02
2.393530798807800078e-02
2.256147847727970127e-02
2.375334553950590039e-02
1.922519453633849892e-02
2.127313635511040094e-02
2.084122087005589943e-02
2.176180762549570144e-02
1.880145847416669902e-02
2.083677546234029981e-02
1.945134212848730060e-02
1.927024979405920005e-02
2.439327762530900043e-02
2.224284680322620097e-02
2.056746617759450113e-02
2.153121491947609933e-02
2.097092447965270140e-02
2.019228480970130038e-02
2.116198139569629849e-02
1.781819879404180143e-02
2.045255816882930039e-02
2.011867136189100097e-02
1.845003124154550103e-02
2.045322110258529849e-02
2.117145795023389968e-02
1.607936694009649836e-02
2.060737209434120032e-02
1.898475241638929861e-02
1.966289550636250022e-02
2.143568828391699890e-02
2.061872940864210163e-02
1.792423359594329940e-02
2.129288318401669974e-02
2.305576744188729890e-02
2.173059089567239838e-02
1.950199905089750052e-02
1.952282842129229867e-02
2.193540770676000173e-02
2.220354142973200023e-02
1.899869442560229993e-02
1.978887851986660049e-02
1.922503018280419945e-02
1.973047013935860100e-02
2.432548440849750110e-02
2.160969863923239975e-02
1.973424091563389868e-02
2.295630405710639976e-02
1.844677668340359913e-02
2.067061540169599920e-02
2.188120516773709931e-02
2.063866106499969919e-02
1.883742140981150073e-02
2.273482262503440099e-02
2.160932180961079932e-02
2.462381028069959843e-02
2.135913473641919830e-02
2.207362174157069881e-02
2.063057976793869833e-02
1.863610030871950055e-02
1.943855049783249980e-02
2.135406529577819901e-02
2.013523091233159965e-02
1.996386640554840067e-02
2.150714504886000120e-02
2.264476332402910047e-02
2.001076939267600052e-02
2.118142229594899978e-02
2.058687900314469868e-02
2.323325022637269879e-02
2.094093888787669847e-02
2.179029047334619940e-02
2.275770385543249980e-02
2.047661919025819954e-02
2.175327741564279938e-02
1.840047564453349896e-02
2.065783502803119828e-02
2.069564217510019843e-02
2.324371960177809907e-02
2.279182100770199906e-02
2.368060228291370140e-02
2.114950032510690137e-02
2.041576237912429842e-02
1.865299900976710029e-02
2.681901542717780168e-02
2.279949817770990025e-02
2.829877804808710040e-02
2.385631503167619932e-02
2.551451522030789842e-02
2.382376198729150088e-02
2.963210963179739935e-02
2.385277452612069929e-02
2.393067520918780097e-02
2.291912030458199967e-02
2.530829200966940029e-02
2.061888576778750023e-02
2.544814761541610085e-02
2.346557769964970064e-02
2.732486832707540017e-02
2.754906378028420047e-02
2.621453341485030161e-02
2.917845770647409936e-02
2.324198988318789891e-02
2.556099681477970106e-02
2.779910220305360086e-02
2.610976081937019938e-02
2.732757619041149832e-02
2.785145640494349900e-02
2.544216469531199870e-02
2.612932710006150155e-02
2.620416026477179888e-02
2.740094673738149855e-02
2.451182479588299989e-02
2.414866953008330125e-02
3.142083675358660344e-02
3.407625567563000307e-02
2.504211135458870099e-02
3.490768312649530219e-02
2.720334902645479835e-02
2.373393190442259909e-02
2.957108329793469922e-02
2.852263190706319854e-02
2.635763094726119998e-02
3.013069787451989889e-02
2.967673675269219893e-02
2.834698346486630091e-02
3.196643208197209873e-02
2.578991404187239850e-02
2.763479789824569918e-02
2.282168536111209983e-02
2.865790849138730167e-02
2.254639156806429942e-02
2.640136428628599846e-02
2.822132398069610026e-02
3.043488538708940053e-02
2.515646166937799896e-02
2.502654771868979833e-02
2.651111868449120001e-02
2.373716487628770022e-02
2.502964305443169946e-02
2.511266888658079954e-02
3.491915706488969706e-02
2.553363336301810171e-02
2.830438017753490049e-02
3.044125379914200055e-02
2.669009415936249990e-02
2.555811990937269934e-02
2.515935439466529880e-02
2.704550041185919962e-02
2.792350426706280073e-02
2.508695962271439983e-02
2.833079715034339877e-02
2.569442194820570000e-02
2.752435455377070031e-02
3.185750697610120058e-02
2.840503411503030040e-02
3.024451718466160052e-02
2.835970016861090112e-02
2.667938218441030102e-02
2.852649477524700147e-02
2.831059039643300107e-02
3.340885616588080281e-02
2.772318443255319953e-02
3.340885616588080281e-02
3.230881302916829845e-02
3.149629726206770036e-02
3.281348518686880156e-02
2.967037924957580119e-02
2.442439911207670150e-02
2.527635579748289951e-02
2.669562382268229894e-02
4.043189117410059957e-02
2.946345068648889912e-02
3.038496456315219890e-02
2.665120214415570010e-02
2.488345944055569969e-02
2.617672613928289857e-02
2.522978561655480137e-02
2.637588711951070058e-02
2.353585195901290034e-02
2.724513881666359993e-02
2.566776313508969953e-02
2.589270326580760118e-02
2.988954786856960061e-02
2.698947862590059948e-02
2.346694375667539995e-02
2.917845770647409936e-02
2.586407570621810162e-02
2.646215115118610156e-02
2.419525398255810075e-02
2.524091939868640042e-02
2.367263796778390147e-02
2.117869059469250012e-02
3.017007397753369846e-02
2.404480820247700129e-02
2.393436322719090167e-02
2.478788340240849902e-02
2.427963669603309949e-02
2.303804803444430005e-02
2.254416435186189921e-02
2.890119198114279864e-02
2.141678263260640008e-02
2.077643468537999916e-02
2.515847693138429861e-02
2.390113404024679991e-02
2.311352635809749839e-02
2.204723745781229927e-02
2.240820567800690111e-02
2.555272654214280070e-02
1.963731595033769983e-02
2.120973946949099992e-02
2.572406286033479886e-02
2.267413866804019948e-02
2.210799725019840095e-02
2.236085161138920072e-02
2.369712717435770027e-02
2.097738712159480032e-02
2.021599022327650111e-02
2.068889597214080070e-02
2.331361181542130137e-02
2.043401305103269977e-02
2.274773140423439963e-02
2.099936656564050166e-02
1.871175726873859982e-02
2.161267161561570074e-02
2.160131516612580002e-02
2.247396239220880026e-02
1.979145159972180157e-02
2.052444240788210000e-02
2.338606646723639937e-02
2.272095315362010134e-02
2.134502553438660105e-02
2.384567656322950091e-02
2.231484032670990117e-02
2.021864323350380105e-02
2.211140740138119870e-02
2.480901069074289977e-02
2.501756844512460082e-02
2.141079892956369857e-02
2.307040782602640117e-02
2.084025727604889994e-02
2.413062659056210146e-02
2.118524497981289986e-02
2.173116559869029893e-02
2.186211423984520119e-02
2.506836663839119919e-02
2.043026081579790015e-02
2.494271460904709872e-02
2.529517011092069848e-02
2.268994453387089896e-02
2.036992456826219877e-02
2.340136907526259996e-02
2.205779487805420089e-02
2.548641378398770058e-02
2.428991958660960127e-02
2.600963861671230087e-02
2.286694347208240163e-02
2.886498512308659919e-02
2.533240993583599915e-02
2.529754423971039903e-02
2.461196243057429955e-02
2.893649393788049959e-02
2.439540106386539967e-02
2.566865007526000081e-02
2.540335430472069958e-02
3.238793663061639849e-02
2.561228635448799945e-02
2.689405730029120062e-02
3.180540508667060312e-02
2.796420280544410081e-02
2.549603288601099901e-02
2.547933221228820128e-02
2.738935933300979883e-02
2.613852906725900108e-02
3.210609435579830223e-02
2.841669688891300047e-02
3.051912253703410044e-02
2.801660039688209924e-02
3.082088919653510131e-02
2.861198323244469946e-02
2.946480129154669877e-02
3.223692729847899702e-02
2.967693448047030100e-02
2.847660130053479913e-02
2.986790675942700007e-02
2.769524690817869866e-02
2.919828782270560141e-02
2.849428555491709952e-02
2.775618318427569911e-02
2.916547944603339881e-02
3.807980191032830225e-02
3.000841771034100033e-02
3.419528380774820159e-02
2.775161395710199971e-02
2.519966540901739938e-02
2.924034396872090061e-02
3.425959429018420044e-02
3.341434504272770140e-02
4.087679986627740236e-02
3.244175436001359852e-02
3.848441790010009855e-02
3.657545715184609691e-02
3.289241668503969929e-02
3.675325146584809688e-02
3.518356769069899692e-02
5.353813966016009868e-02
3.995914969918749893e-02
5.511463223263170230e-02
4.521298952274709765e-02
3.685785069319610224e-02
2.824023131751969909e-02
3.614940543170679782e-02
4.065831494400549972e-02
4.062285961406569834e-02
5.260683693435779656e-02
5.244622546890410214e-02
5.020772495299560129e-02
4.871619490880330083e-02
6.344576236488279342e-02
4.620955086482519958e-02
4.488610135404400014e-02
6.365318727326889359e-02
4.979157579414939666e-02
5.450909275663440301e-02
4.520031091708109905e-02
7.019633691649669605e-02
5.543372267260850139e-02
5.404399875449440033e-02
7.445086482757169721e-02
5.746450051394449976e-02
7.079811825137370673e-02
5.296810097834619979e-02
7.877395302498700624e-02
5.395784519176319988e-02
7.316380494771750065e-02
7.793345810955559783e-02
6.168489330838729939e-02
6.799696568522850537e-02
8.215075104675009787e-02
7.345468281843760272e-02
7.311089441014949342e-02
5.837920010264009696e-02
6.751979146863909542e-02
7.745898341976689694e-02
7.082445590622099552e-02
7.748155110199299311e-02
6.347124146931550082e-02
6.112521636141250020e-02
8.911341071774210587e-02
5.751408470464999811e-02
7.896654631617200382e-02
8.133178623934929352e-02
7.841019333775929578e-02
8.824472643695249752e-02
7.269476447840529654e-02
7.904072985143889563e-02
7.286507533180279494e-02
7.629491689703689350e-02
6.378549090836639623e-02
5.877563637704939781e-02
6.119639061229029814e-02
6.448709704723250280e-02
7.508620873080219804e-02
7.643796768608840386e-02
5.292291241985350170e-02
6.444406987909430395e-02
6.831006662613839375e-02
8.470178752704170255e-02
7.381077290635509880e-02
7.747240412225099571e-02
6.528697534519299628e-02
6.654223202888999433e-02
5.886534785757620292e-02
5.686894739842179858e-02
6.869707935226590512e-02
6.422214738949789947e-02
6.361269030203020591e-02
5.783563033040559770e-02
8.067097540377149434e-02
7.619679799106679474e-02
6.654372177636050378e-02
nan
nan
