1.923834164805782870e-02
3.343772035718861613e-02
4.647611375438655962e-02
5.903826574553851236e-02
7.147103670207322068e-02
8.295474009454130437e-02
9.509817860202957052e-02
1.075705578995978517e-01
1.208774438159511688e-01
1.328292655871663730e-01
1.432216212404737454e-01
1.539749631765650328e-01
1.649306774689346944e-01
1.751112377913115747e-01
1.867881343276470707e-01
1.984893062708464884e-01
2.094454348598121518e-01
2.193386350961425979e-01
2.301411896796571599e-01
2.400936872359426821e-01
2.511660280226948316e-01
2.605106081898185821e-01
2.720273868120897665e-01
2.822136195062771580e-01
2.890748592639381109e-01
3.007446294469379167e-01
3.127044523695409750e-01
3.213917847032483621e-01
3.303347106932459920e-01
3.414584740694989740e-01
3.514923905388169234e-01
3.592152341015346639e-01
3.679583701629646209e-01
3.786049797022518759e-01
3.866418220099521741e-01
3.935139541038892297e-01
4.033833925514957452e-01
4.141687923940589600e-01
4.214740081450408793e-01
4.298441908337312656e-01
4.378043577256450214e-01
4.456230300616695894e-01
4.556479049366449208e-01
4.637599581970072715e-01
4.730271977972151376e-01
4.806237265246461332e-01
4.875391238307421604e-01
4.946043283865917961e-01
5.007082089142375070e-01
5.082624182394837042e-01
5.152956484401809423e-01
5.218107171353877360e-01
5.274183428965901754e-01
5.325375476915268358e-01
5.374110347292246903e-01
5.434007908755476013e-01
5.512044389044461479e-01
5.584354526987810319e-01
5.646686425610915050e-01
5.699493220352601641e-01
5.726443340141371685e-01
5.774315752432026549e-01
5.824353895603552322e-01
5.896527482283117072e-01
5.951373933479202627e-01
6.009754160868520101e-01
6.036818607096325895e-01
6.074856243906446851e-01
6.127477234129130590e-01
6.173087084923528645e-01
6.225380431968347006e-01
6.263132388276468898e-01
6.316690421278371437e-01
6.351668514215420558e-01
6.387764623292254695e-01
6.417943616702750376e-01
6.450635902845059944e-01
6.487881071381494946e-01
6.533145436025249442e-01
6.575453180595867142e-01
6.607346308904473720e-01
6.634620928876121537e-01
6.655068225739346754e-01
6.689172892106677315e-01
6.736939025927282110e-01
6.762848103350473927e-01
6.783781040032081933e-01
6.807074285452103801e-01
6.817012526086801971e-01
6.827399766124285785e-01
6.840630062478774143e-01
6.848749156905722391e-01
6.867198890887394880e-01
6.879523476661136838e-01
6.892747164911084967e-01
6.900367883304022731e-01
6.910702883988949496e-01
6.925957640041762176e-01
6.941518443345151557e-01
6.948924991591165501e-01
6.954333858224422960e-01
6.959626166444349282e-01
6.968235372474355094e-01
6.970196941646303879e-01
6.971190465281994486e-01
6.971320934523769219e-01
6.974369373500859393e-01
6.969821779659317595e-01
6.981908379878051241e-01
6.984687255087712598e-01
6.987240267993999332e-01
6.983551928171861656e-01
6.983281300930616053e-01
6.982720474837320612e-01
6.981473528235482284e-01
6.982593291403775826e-01
6.980339800045444187e-01
6.979869592064140704e-01
6.981215203271108338e-01
6.979795567588660266e-01
6.982543710024038397e-01
6.979768284000298362e-01
6.980018134915481065e-01
6.979760012097262489e-01
6.979061855731520936e-01
6.980994879152188082e-01
6.980592459519492365e-01
6.980975260733279786e-01
6.973221383697987275e-01
6.970426020026223579e-01
6.966598616469239502e-01
6.959499317217279213e-01
6.956540877812252832e-01
6.957214656279091525e-01
6.948130026938620363e-01
6.921366898253025202e-01
6.908079936169971846e-01
6.889446539344530329e-01
6.866279766595543288e-01
6.863999980473350915e-01
6.831670574208844604e-01
6.818864678163608639e-01
6.805720450656919107e-01
6.779835139637552244e-01
6.760321634186995388e-01
6.747786106710819132e-01
6.722300700173516885e-01
6.710201695053666926e-01
6.704845134555137420e-01
6.695414182170367212e-01
6.671825103802265788e-01
6.636223208763391002e-01
6.622938315554317557e-01
6.611241448839813017e-01
6.585432236151123053e-01
6.555445847830499995e-01
6.547728567370610930e-01
6.519614269623368319e-01
6.493630669651777598e-01
6.453451559069018906e-01
6.439922702723255288e-01
6.403066285848145744e-01
6.378471631072203385e-01
6.346974275772314655e-01
6.317898178217724592e-01
6.274836023374371630e-01
6.249786359951685633e-01
6.215980310913903351e-01
6.190081173145272064e-01
6.161741451542340764e-01
6.138642956517529337e-01
6.105156684760838504e-01
6.088979508397712737e-01
6.055028478133203107e-01
6.012356733835144684e-01
5.999358116387120132e-01
5.949200556036298160e-01
5.887045753206416876e-01
5.892148722353056645e-01
5.854251915162825837e-01
5.822957823748181605e-01
5.776404569447644022e-01
5.746042326634476227e-01
5.708640405466033352e-01
5.684614464362121034e-01
5.651198949104917491e-01
5.596158772163413175e-01
5.582584565975939883e-01
5.541684957049618498e-01
5.507842976246883904e-01
5.469864707238198953e-01
5.450014755115231146e-01
5.416322062682219496e-01
5.379511516438327812e-01
5.343809188981363256e-01
5.311693263146226585e-01
5.283908450322566397e-01
5.246262910420927961e-01
5.208471820804047026e-01
5.172831651648150952e-01
5.144997126916105445e-01
5.110876037966756158e-01
5.087287716571219365e-01
5.052353608973231269e-01
5.019635932238541987e-01
4.994190052334460672e-01
4.947092503976393552e-01
4.920519587714720089e-01
4.897092290683370264e-01
4.865629400551456651e-01
4.826875143696462978e-01
4.803640495079761763e-01
4.769178358428932119e-01
4.748961207075907964e-01
4.713895654521249035e-01
4.690768148336447174e-01
4.662344985687988941e-01
4.613160902803287167e-01
4.609560004975578051e-01
4.577874803963194461e-01
4.564265153390936192e-01
4.526437079002801345e-01
4.505828976208207659e-01
4.482336810398944715e-01
4.459740592338685139e-01
4.431843394429217375e-01
4.403871230953844695e-01
4.387273438511801738e-01
4.355236609905740464e-01
4.307829606816150902e-01
4.315391101782124483e-01
4.297330147484224594e-01
4.264869420665682864e-01
4.248267349211950483e-01
4.233584574108997800e-01
4.205641070623142297e-01
4.187273942367790158e-01
4.163392343442005594e-01
4.150903769438022417e-01
4.125119465448477962e-01
4.075390282814202458e-01
4.096074529732212643e-01
4.081247112136448529e-01
4.027539089471450229e-01
4.040606013192893364e-01
4.029186167204915625e-01
4.006590274708916599e-01
3.998692736863992403e-01
3.943928227368425632e-01
3.964909263671997919e-01
3.956904579208351813e-01
3.941625974901414864e-01
3.906052479839279834e-01
3.914156266210502277e-01
3.907177956166884014e-01
3.883738507921404848e-01
3.879781675545773134e-01
3.872327954041527298e-01
3.867525159842231663e-01
3.818644672722269484e-01
3.846851589407031535e-01
3.809403485787066224e-01
3.803338502871607130e-01
3.816656357382744447e-01
3.816548291572181006e-01
3.810264921397459870e-01
3.795855410457417145e-01
3.745159446596453279e-01
3.765739096708207168e-01
3.786656955049199080e-01
3.781247001618449621e-01
3.776455785110086616e-01
3.746045653741987835e-01
3.769923799197879566e-01
3.768361476981778591e-01
3.764901236407691143e-01
3.764607995804674645e-01
3.772660018661347370e-01
3.741733836159487625e-01
3.769148232524701658e-01
3.745162496711486599e-01
3.764181964082674026e-01
3.744647321717523014e-01
3.720858784526442364e-01
3.773988173512763944e-01
3.766932619497366241e-01
3.776777244567992020e-01
3.781387351035384592e-01
3.783888242492121079e-01
3.786214998690417555e-01
3.794798642267319666e-01
3.764384604213825147e-01
3.779497182485398454e-01
3.815377945551252648e-01
3.798755847161294219e-01
3.807698916736634298e-01
3.836792342401438849e-01
3.845809320447534652e-01
3.857451161004136209e-01
3.863901332685506507e-01
3.872067217321140675e-01
3.881880000659532204e-01
3.885700335598453181e-01
3.901408418790039967e-01
3.918979831369627242e-01
3.905912764028134365e-01
3.942687488671081097e-01
3.921764087749680661e-01
3.961130020149334352e-01
3.973919323582996710e-01
3.963329955465345056e-01
4.007094063038670884e-01
4.020701517655434487e-01
4.010872555170451048e-01
4.019271616838112071e-01
4.064385835216179355e-01
4.070577814147542384e-01
4.086330867596342231e-01
4.080593166740292821e-01
4.111971399514591785e-01
4.108591097774084711e-01
4.147003568026828568e-01
4.141530547426122699e-01
4.157607524361747187e-01
4.169746934990323228e-01
4.205682389403813115e-01
4.233506624777937377e-01
4.239717358638462885e-01
4.260804051925162206e-01
4.277316000111948124e-01
4.292653377969333217e-01
4.310183415506421700e-01
4.328004473618119463e-01
4.347292575492233691e-01
4.365104173003832577e-01
4.377133826369752345e-01
4.388863583119027023e-01
4.408605665282417929e-01
4.425447254909348205e-01
4.444488840997425916e-01
4.456121914789685778e-01
4.476805687283900714e-01
4.497274295086397533e-01
4.509067117087064425e-01
4.497424348968823149e-01
4.542695236525609026e-01
4.558953364527715824e-01
4.572598553002135136e-01
4.589995327728558783e-01
4.608076255553275602e-01
4.634112758928540798e-01
4.645161221475000990e-01
4.656045239223276511e-01
4.672894164622606872e-01
4.684981856189693317e-01
4.702205417372954388e-01
4.693289421998875777e-01
4.735524017134304930e-01
4.749029211177125398e-01
4.769858189603802812e-01
4.792721137082610050e-01
4.800215820906140185e-01
4.817484314250176647e-01
4.829968814369760555e-01
4.838528050893415311e-01
4.859637807818872890e-01
4.882126513817259816e-01
4.890075498711212165e-01
4.903825689148572642e-01
4.921757068594020956e-01
4.937699517647046732e-01
4.951146346326202874e-01
4.954963848309903440e-01
4.978801918105930646e-01
4.973253587601875192e-01
5.002234840576984531e-01
5.014898286710185449e-01
5.029348721195506799e-01
5.036339083431324859e-01
5.049718425064573246e-01
5.061078090749755454e-01
5.070266222604535855e-01
5.078320592654937959e-01
5.086185372477163291e-01
5.095477872032644351e-01
5.109697107041093478e-01
5.123111364403858392e-01
5.123689632984674835e-01
5.137130046937629091e-01
5.149225543025479634e-01
5.162133458553377352e-01
5.174644425169474538e-01
5.185990597142224878e-01
5.187068106925921684e-01
5.202178695825087074e-01
5.208905265816639041e-01
5.217950418821781788e-01
5.225342476123042701e-01
5.231174239296378925e-01
5.235486220878765584e-01
5.245776814665946697e-01
5.249789377671834067e-01
5.258059588420131991e-01
5.261055669415998226e-01
5.269595941507099202e-01
5.281882370336469235e-01
5.278460661051366243e-01
5.284263084444936753e-01
5.291428977815075818e-01
5.295521515662446888e-01
5.305641766345436938e-01
5.313932257534370596e-01
5.316020406412618193e-01
5.323843336185145603e-01
5.323269551798855970e-01
5.344749277254154940e-01
5.373622267043807188e-01
5.341970841258254499e-01
5.343352728678093522e-01
5.344031341786722455e-01
5.457827954190043185e-01
5.340396255568105044e-01
5.344507269207583455e-01
5.348291835325523769e-01
5.334984046627866405e-01
5.339585756374504166e-01
5.337858594911959464e-01
5.338790251296943179e-01
5.338146794503731973e-01
5.336075614615819473e-01
5.335424501872394476e-01
5.330771302215923102e-01
5.336012974962921485e-01
5.329896524296635629e-01
5.328157455392759090e-01
5.329594406199421597e-01
5.321781000410495954e-01
5.322212200967862961e-01
5.318965724344427715e-01
5.313335611352978383e-01
5.317032270052618470e-01
5.304062470999137968e-01
5.305110310078179348e-01
5.292804419534969940e-01
5.297322319553424697e-01
5.280818644300009357e-01
5.272278417378771787e-01
5.279398821870893155e-01
5.257204502780111754e-01
5.247928162249940742e-01
5.238027727420461188e-01
5.220733289266753507e-01
5.218176932949164515e-01
5.209566308901313336e-01
5.200725570566119282e-01
5.188379704802109638e-01
5.173269606886381489e-01
5.164098258778605510e-01
5.151635969880965504e-01
5.132958345874059081e-01
5.124251557865511231e-01
5.107267926221812360e-01
5.102519736236929004e-01
5.086278700471986713e-01
5.077503145422100905e-01
5.058825226623850924e-01
5.042323870973692834e-01
5.023206602549600275e-01
5.009054917653570360e-01
4.999512028288947141e-01
4.987596841312493812e-01
4.968278676324932031e-01
4.958429376124383059e-01
4.930565659074439000e-01
4.921274777451203897e-01
4.910602004174238200e-01
4.891618911103069456e-01
4.884258057103441630e-01
4.867812531025473843e-01
4.843760268448392692e-01
4.832856732154940937e-01
4.816698759538699526e-01
4.798005210634326279e-01
4.790418717006802996e-01
4.773366271593187382e-01
4.756763682499911550e-01
4.748595070854193523e-01
4.726929952864944440e-01
4.714958438262101259e-01
4.696538627940587962e-01
4.683983347984955192e-01
4.671977924559684858e-01
4.662227875041144998e-01
4.645228494197632396e-01
4.634415386122708314e-01
4.619294475611783191e-01
4.599247194459203936e-01
4.593269401408129893e-01
4.579650651705939324e-01
4.562063573438993047e-01
4.552603771237055397e-01
4.541214268629453210e-01
4.524418846514697279e-01
4.478225167306557619e-01
4.507972665938124734e-01
4.484432374431324697e-01
4.483544017939373738e-01
4.467704262186333319e-01
4.461945362215829491e-01
4.444365572225239536e-01
4.440204763376036090e-01
4.428837470501514328e-01
4.415655064619568582e-01
4.406590511257127973e-01
4.395869070703998793e-01
4.389577215433025925e-01
4.378340548304618385e-01
4.373181432236061261e-01
4.365480843426423618e-01
4.351470681851579148e-01
4.345024071745440253e-01
4.335895051636786679e-01
4.327201097948406017e-01
4.322315527150619729e-01
4.309072830710621860e-01
4.308738450347693871e-01
4.274427414113446955e-01
4.293606522765869293e-01
4.281886576633391339e-01
4.278333878402283408e-01
4.270871255157184243e-01
4.275156869796209458e-01
4.264677668675750377e-01
4.257429057587329702e-01
4.258443619206496167e-01
4.247808806977950158e-01
4.247189625633587262e-01
4.245132810638736487e-01
4.242020269537163379e-01
4.244297206103789244e-01
4.239376279011978776e-01
4.234720987391459301e-01
4.235178270916806209e-01
4.230382763274120883e-01
4.234976019614543064e-01
4.232941568199453664e-01
4.231207393423487839e-01
4.230184767604954765e-01
4.230486512099074781e-01
4.228106604335704066e-01
4.228849752190076416e-01
4.231785080511943908e-01
4.235363510587276670e-01
4.238673248243773894e-01
4.237217417300255251e-01
4.240740398177899051e-01
4.241374891789189139e-01
4.248750694245764792e-01
4.245681557998566835e-01
4.250474335425279415e-01
4.261557549709878989e-01
4.263371939100952246e-01
4.265893638906802510e-01
4.266264854104869775e-01
4.275020808368417691e-01
4.280277761571496531e-01
4.287928166828986476e-01
4.294267237065049203e-01
4.299600307943272637e-01
4.304088147637760153e-01
4.308815887203775730e-01
4.310270907610010971e-01
4.326049164925485080e-01
4.328127784193886995e-01
4.339432237140622983e-01
4.351699504103615501e-01
4.351815539031033131e-01
4.360941923311339452e-01
4.368894095006758960e-01
4.381117259079696513e-01
4.390063038525653383e-01
4.394627995950740607e-01
4.406846561577721366e-01
4.416801704645369475e-01
4.422809168931371993e-01
4.429132536700176592e-01
4.441784924765065923e-01
4.447665319143204177e-01
4.460031144450581353e-01
4.471270722529731567e-01
4.477517453810226922e-01
4.485569127987893978e-01
4.500639383780931646e-01
4.510869782857090393e-01
4.520104159129477162e-01
4.528686813099379038e-01
4.540996719605538967e-01
4.551249440250089151e-01
4.561174866888206836e-01
4.575571826202582959e-01
4.582917112953773242e-01
4.597572356328044618e-01
4.602943965082075262e-01
4.617663506777445193e-01
4.623031309118118548e-01
4.641502890720348717e-01
4.650748818555181519e-01
4.657349370110749343e-01
4.671886747516715288e-01
4.677771882405946657e-01
4.690891682863257417e-01
4.707523616743151673e-01
4.713203450841657594e-01
4.728314440777686700e-01
4.740297650228527671e-01
4.750760080517811290e-01
4.766373731052353513e-01
4.782335498081670133e-01
4.785933582948848630e-01
4.794701166763558620e-01
4.812302745553767025e-01
4.821426091945962278e-01
4.838106610008707231e-01
4.850205819162581311e-01
4.860600819687534990e-01
4.869927229188349416e-01
4.884758589093576853e-01
4.888899868876768195e-01
4.903577870942191219e-01
4.908563809143611234e-01
4.921964748118329847e-01
4.934287513659501578e-01
4.942033544814037893e-01
4.951029756268019444e-01
4.962238193925046503e-01
4.977214366591504735e-01
4.984775672404288538e-01
4.996905502367692820e-01
5.003148317980783411e-01
5.009492075372443676e-01
5.012674462680587473e-01
5.015935239357076636e-01
5.029929263796603101e-01
4.826373552270261658e-01
4.711128904252124827e-01
5.147221706127134144e-01
3.954050267044432188e-01
5.090526935692059052e-01
5.247850569694255674e-01
5.107460903542069275e-01
5.121955838543249540e-01
5.057118349754406994e-01
5.086922092908005011e-01
5.073373044238567164e-01
5.019442310903208249e-01
5.042048888639912851e-01
5.048041101202421777e-01
5.082144775141141935e-01
5.057124435776786386e-01
5.212149197985785909e-01
5.213059978493972402e-01
5.213567668325200799e-01
5.221358214448060808e-01
5.225334932969125656e-01
5.230494547181678833e-01
5.233903696281957396e-01
5.238532855253089648e-01
5.238225409782456543e-01
5.247219723008859082e-01
5.250470075914633883e-01
5.250792575920258942e-01
5.253130217177180983e-01
5.249984810834065208e-01
5.253106313154997098e-01
5.254622792280345678e-01
5.254333343880217555e-01
5.255090198140387470e-01
5.259312919202868697e-01
5.259299723322130582e-01
5.257574318055159290e-01
5.256630821969235923e-01
5.255471362917879530e-01
5.258241141116896111e-01
5.258404815868773508e-01
5.259671116437738547e-01
5.256458684490706856e-01
5.258588719249820409e-01
5.257856117667663032e-01
5.259988676372623351e-01
5.256462074257761685e-01
5.258427349063838907e-01
5.256896689066510309e-01
5.255208413113863219e-01
5.257520199468628253e-01
5.257919590508448593e-01
5.255207415557088257e-01
5.253235857788005614e-01
5.254279302464900381e-01
5.254294883197641042e-01
5.254731861094632528e-01
5.255947302798748000e-01
5.251924268751139158e-01
5.252237204816774252e-01
5.250637886804678800e-01
5.251361959032015969e-01
5.251443811333623701e-01
5.252571878917906556e-01
5.254028767814334921e-01
5.254953701819555789e-01
5.248742170078644076e-01
5.250518806476855982e-01
5.246437403741106564e-01
5.247941425065911769e-01
5.247998819950920879e-01
5.250948669905632915e-01
5.245430371949753034e-01
5.248007841727682088e-01
5.243567846955924372e-01
5.244200898692158441e-01
5.246066978221297639e-01
5.243571872857905047e-01
5.241997575266894582e-01
5.243356756743273728e-01
5.239470148298653873e-01
5.239841152029345306e-01
5.241043696408086427e-01
5.240305399693852006e-01
5.237009975383916105e-01
5.237410112973042153e-01
5.229992699271800438e-01
5.232892874957668639e-01
5.229130452851092903e-01
5.222117323393213884e-01
5.213932696861545146e-01
5.225354724232968984e-01
5.215657973667874314e-01
5.211633517527123338e-01
5.203831369504574589e-01
5.194030754087766155e-01
5.192067205708083000e-01
5.190297228573421684e-01
5.183910448269164473e-01
5.168419309634012526e-01
5.166941787780749973e-01
5.165523552852249178e-01
5.153544971822789922e-01
5.154216831315714398e-01
5.142366772412043652e-01
5.134847428743001263e-01
5.114309464359146906e-01
5.117450379371234481e-01
5.109654710069349015e-01
5.109359949873508722e-01
5.090692433521751825e-01
5.086679292010437559e-01
5.071814751712214742e-01
5.069926714488877106e-01
5.060440053394563709e-01
5.057339146703446753e-01
5.042547596447638503e-01
5.034523064403637616e-01
5.016425128815822365e-01
5.015608057216930371e-01
5.007579855979845673e-01
4.997526585993927184e-01
4.988842263152108991e-01
4.980482893914136011e-01
4.969405014907702367e-01
4.960276808861872611e-01
4.948117317305695262e-01
4.944701379655721540e-01
4.935195211578304875e-01
4.928830504509313926e-01
4.923796090386426960e-01
4.901386780367444906e-01
4.903256755188266647e-01
4.888933603713021547e-01
4.874512420268499735e-01
4.871981894899674592e-01
4.861258448300126989e-01
4.861489622662349408e-01
4.846304724517209173e-01
4.844254040104254422e-01
4.819170243467466586e-01
4.813975957900717972e-01
4.807415816493271210e-01
4.792058995628393769e-01
4.788146156258535346e-01
4.787924478863478384e-01
4.778122799068404980e-01
4.769821199580971949e-01
4.764283899133537337e-01
4.745382982194026322e-01
4.739728154297289664e-01
4.732494000823950220e-01
4.726656746163992451e-01
4.690319528508304914e-01
4.711739626298058203e-01
4.702175208053375188e-01
4.697928272882513911e-01
4.688745375487617384e-01
4.681747374204094925e-01
4.677105339221568348e-01
4.666707375556706228e-01
4.663738842844777910e-01
4.665546310653651552e-01
4.653090508743094045e-01
4.647165598494905070e-01
4.635207615153311700e-01
4.633306863381621010e-01
4.628592907197410233e-01
4.620010056566294376e-01
4.615632654468855289e-01
4.612908544369406227e-01
4.610629282876153034e-01
4.602566650364882106e-01
4.597474603690224759e-01
4.588775507337850557e-01
4.585556584000468616e-01
4.579124143253827106e-01
4.579181799030508371e-01
4.576052949820136884e-01
4.560752700526346515e-01
4.566570177876188574e-01
4.562356893298903926e-01
4.526208924382564835e-01
4.553460167536943493e-01
4.549552672965131994e-01
4.547218340424253880e-01
4.548355108546917602e-01
4.537935939941167840e-01
4.535780078757467582e-01
4.530126913633333863e-01
4.534190029609374561e-01
4.537052445207264140e-01
4.532308939711513496e-01
4.524304057930652601e-01
4.501162618986513930e-01
4.517348157928906538e-01
4.518069595572689057e-01
4.514802619608374035e-01
4.511329794125492065e-01
4.512343961827757766e-01
4.509817931716890160e-01
4.506470380493281525e-01
4.504105930451113293e-01
4.479586803347203050e-01
4.474856099599653358e-01
4.501775255232530748e-01
4.501977925096043998e-01
4.499704266674505182e-01
4.497553950612511731e-01
4.492654316407151405e-01
4.497196695330916705e-01
4.493404687187420588e-01
4.467703891766967583e-01
4.492881292269425564e-01
4.490791787034206228e-01
4.488145556463512542e-01
4.488291571497349808e-01
4.486098979825901001e-01
4.489463133621881541e-01
4.487670388996383153e-01
4.481567850718778390e-01
4.478244852010563326e-01
4.482022612775612425e-01
4.480624693871062547e-01
4.476955087008266387e-01
4.475018468651008052e-01
4.476381145420497698e-01
4.471208948118962634e-01
4.472408899165148943e-01
4.471064068168461580e-01
4.469273515490411186e-01
4.464833672477069859e-01
4.466975054273248924e-01
4.458700307813536212e-01
4.464918532657504713e-01
4.459013260473494444e-01
4.453379208952549795e-01
4.458426040460644613e-01
4.454309555537454557e-01
4.452507890300271276e-01
4.453903881628452077e-01
4.454224810359351805e-01
4.452840849575021021e-01
4.451136287064617059e-01
4.446487674979011651e-01
4.450843356446319010e-01
4.446786571063088278e-01
4.445849191144363721e-01
4.445359534504230714e-01
4.445285854691839456e-01
4.439433723998961190e-01
4.437959066872430580e-01
4.440648451463113933e-01
4.437909664553288391e-01
4.436944804861310820e-01
4.439521217826511434e-01
4.404244563766489540e-01
4.428067967566500784e-01
4.432407244510696009e-01
4.432979052990729252e-01
4.404668597901210125e-01
4.402819186930758688e-01
4.425061650434075067e-01
4.423840296406660322e-01
4.421769353404563785e-01
4.421957852086330076e-01
4.424432949625365930e-01
4.420708921951261305e-01
4.398811981591917442e-01
4.424476522077974150e-01
4.424065605470277607e-01
4.423273443174408626e-01
4.424065605470277607e-01
4.427244910114029874e-01
4.398948455763059262e-01
4.425730508178313261e-01
4.423450437366868715e-01
4.425769675862282759e-01
4.425992071784882742e-01
4.423526965764668639e-01
4.423496777421748183e-01
4.422486213621814044e-01
4.428613476267272975e-01
4.427184293617454913e-01
4.430284187004422947e-01
4.426571133159375449e-01
4.426528220390559265e-01
4.428039316938794934e-01
4.430400992603473753e-01
4.433294034756416480e-01
4.437841262426120426e-01
4.443229993215432883e-01
4.438245300058239473e-01
4.443265911149059111e-01
4.445657100582173782e-01
4.445354341173001766e-01
4.450658782782689338e-01
4.448706535193603373e-01
4.450085609435454059e-01
4.454946654941968065e-01
4.460423433370925839e-01
4.458604238172308998e-01
4.465941622217286522e-01
4.470888398140129838e-01
4.470427638506718204e-01
4.481731219928102306e-01
4.475582654660780202e-01
4.479181866480929086e-01
4.485695336007532452e-01
4.488933969916686917e-01
4.490865286462459860e-01
4.496321214381204245e-01
4.496275895273033618e-01
4.498009912267293409e-01
4.510439155364197594e-01
4.508640383688825026e-01
4.509931080606529030e-01
4.512711160528488086e-01
4.520064921101912825e-01
4.524626849364247749e-01
4.532419016501694764e-01
4.530269205619287809e-01
4.534319385385503498e-01
4.546898832625178577e-01
4.546786074841795422e-01
4.551772733927760273e-01
4.554768702349411003e-01
4.555478602661302001e-01
4.563971778759478015e-01
4.566745270040003524e-01
4.573796894079595332e-01
4.580062116137527117e-01
4.582334501518902647e-01
4.588147021405037385e-01
4.598604496099467642e-01
4.605805267895750621e-01
4.609206219368511270e-01
4.613280968303377638e-01
4.623201123558435821e-01
4.631414948494396167e-01
4.637023249783092105e-01
4.643550416151643878e-01
4.649436655018354680e-01
4.650357507213649377e-01
4.657441870671262807e-01
4.664341217127008221e-01
4.676061208215184783e-01
4.682251689355006463e-01
4.684875126010351054e-01
4.685974473457373279e-01
4.695723209701540002e-01
4.698414768868732216e-01
4.714747988763716702e-01
4.717583729879274990e-01
4.727678620372438578e-01
4.730616739585167263e-01
4.738438036974254586e-01
4.745431537202274841e-01
4.751671296976229253e-01
4.752361974584672910e-01
4.768527260370168941e-01
4.769809759582924191e-01
4.755585282000865943e-01
4.785608494896689269e-01
4.792547029211417509e-01
4.792861219886724311e-01
4.795041456392924450e-01
4.800119178141943888e-01
4.809819247022157351e-01
4.805584598422082410e-01
4.782776835504154445e-01
4.808630816940664965e-01
4.520659752985241031e-01
4.027604306333248396e-01
4.829183719770843153e-01
4.834459241105975580e-01
4.828462420394761256e-01
3.522899241631113898e-01
3.569399191060558807e-01
3.803735685077625495e-01
4.448750765065386803e-01
4.996511789947385429e-01
1.581650403590046938e-01
3.394707862891914729e-01
2.855991220080931203e-01
5.317265846556499254e-01
4.188830519818251275e-01
4.741931252386554219e-01
4.975681791354149008e-01
4.970598621997254218e-01
4.967049415096394527e-01
4.967804503556135787e-01
4.959547012307250480e-01
4.966414929323825223e-01
4.967201035758854744e-01
4.968562771129445554e-01
4.970897446471808090e-01
4.980896013052044657e-01
4.986838369697099149e-01
4.995301778662167291e-01
5.000171060487423880e-01
5.004182862024953993e-01
5.005915802161829964e-01
5.007650566685565297e-01
5.009795635936926672e-01
5.012840982065390749e-01
5.013738866432453367e-01
5.013461615345700118e-01
5.017195242074303785e-01
5.017974935961211358e-01
5.023157103949241753e-01
5.023096998819376324e-01
5.024933515220499913e-01
5.022583803535419777e-01
5.022445584056323131e-01
5.023319386669856668e-01
5.026719215951719333e-01
5.024272499933163383e-01
5.026494913432624223e-01
5.026453159388603043e-01
5.025194272023630893e-01
5.024990745394651848e-01
5.024401832867562145e-01
5.024603782504846183e-01
5.023223755821398795e-01
5.021285916020123974e-01
5.022467169666104958e-01
5.021551566392443711e-01
5.022382225410884082e-01
5.022214176437724831e-01
5.023043535201513476e-01
5.023231372697511965e-01
5.023413256035331731e-01
5.022379689273840375e-01
5.023121805603671941e-01
5.022697629804823150e-01
5.023121805603671941e-01
5.023006294159291230e-01
5.022336252806064438e-01
5.022379689273840375e-01
5.022721085966984633e-01
5.023121805603671941e-01
5.022627679996620742e-01
5.022627679996620742e-01
5.022501407732254952e-01
5.023763749326080053e-01
5.024271138324900576e-01
5.024776271036147657e-01
5.024218054075383355e-01
5.023681654800786767e-01
5.024748152673100821e-01
5.023511324860884253e-01
5.025995922496109269e-01
5.024496580443401639e-01
5.024406920104813601e-01
5.025276600279471317e-01
5.025345218733635599e-01
5.024295489939768489e-01
5.023433317142004251e-01
5.025153123558370183e-01
5.025388337193590349e-01
5.024404735158345403e-01
5.025786609541291750e-01
5.026126832385593435e-01
5.025541962228133874e-01
5.026450360896714820e-01
5.024729106001890599e-01
5.026533181053937094e-01
5.021643550014550650e-01
5.020842565054185469e-01
5.022428987862480598e-01
5.023158767773399092e-01
5.023994839078497199e-01
5.025563068321001747e-01
5.025357053525664197e-01
5.025004590838060281e-01
5.021810705081521942e-01
5.023677028123219035e-01
5.023100407133583856e-01
5.021540728113221830e-01
5.020855712204775889e-01
5.021404011623261665e-01
5.021089269374346964e-01
5.024185178141341579e-01
5.021633195141781414e-01
5.021709175391788627e-01
5.015186417055855772e-01
5.016837571256479444e-01
5.020024541246218552e-01
5.018149871257151506e-01
5.011712468397778730e-01
5.017683555228760195e-01
5.011556932874822179e-01
5.008662730675236263e-01
5.007877837148392297e-01
5.009466556235999679e-01
5.013108083803480275e-01
5.004059119385705356e-01
5.001398323657666456e-01
5.000438805056529601e-01
4.996016214669210531e-01
4.999793165379558535e-01
4.992749529590131408e-01
4.991641547212041230e-01
4.987802046871846473e-01
4.986303536087887678e-01
4.977363667273170256e-01
4.978214955262763586e-01
4.972090728767658563e-01
4.970507146212330141e-01
4.960298351343497836e-01
4.963813298009803754e-01
4.954261673109291997e-01
4.953907384160893823e-01
4.946597738651484222e-01
4.950307085277942942e-01
4.940298034907599778e-01
4.934797054605025157e-01
4.939364420402690414e-01
4.935657965026584160e-01
4.928625497406543543e-01
4.921230534776526722e-01
4.916056962411857745e-01
4.918222724904414145e-01
4.905871381888571303e-01
4.914444376014092120e-01
4.894531081650819737e-01
4.887499503496621767e-01
4.885582181570799487e-01
4.885681639852692548e-01
4.876712889673157081e-01
4.876606410852309392e-01
4.873196103966781489e-01
4.868640660637029161e-01
4.860899044515963885e-01
4.853769329916797215e-01
4.848949675318231511e-01
4.849257053894374114e-01
4.843067721918720703e-01
4.838654994771820483e-01
4.829616418935780420e-01
4.841018949779197778e-01
4.827311646711895943e-01
4.816557716649013110e-01
4.815056326272769693e-01
4.811730486768273640e-01
4.804664511669636817e-01
4.801238764241504975e-01
4.790994230954586097e-01
4.792473110529341662e-01
4.786438317484870142e-01
4.781552680661411703e-01
4.781175368020962324e-01
4.774369852666484615e-01
4.774435183432116370e-01
4.771188368890577070e-01
4.756812519835131314e-01
4.761379397234216104e-01
4.756181301797645644e-01
4.749087968884353472e-01
4.749490182206603794e-01
4.749190777241720784e-01
4.741401487283897209e-01
4.741377930372292493e-01
4.736542870653503434e-01
4.736040948096769676e-01
4.730030955018817429e-01
4.731773512472023380e-01
4.723979613987517312e-01
4.728366504111863322e-01
4.721074269366097309e-01
4.714978599271305026e-01
4.718312342748523514e-01
4.717927442405246419e-01
4.716342516103810834e-01
4.713611049357949168e-01
4.709860455844877003e-01
4.711668252773368315e-01
4.711400982734412768e-01
4.705492342646092618e-01
4.706797355887805123e-01
4.703215528343754892e-01
4.703579221551670853e-01
4.701301308545265956e-01
4.701754465021225071e-01
4.694243735608392698e-01
4.696273443662095093e-01
4.701293588037271931e-01
4.694999358001072931e-01
4.696994744968628899e-01
4.698118587740210961e-01
4.693187931954437841e-01
4.691478897057938524e-01
4.692926091542198308e-01
4.691699624599048324e-01
4.693416788690588648e-01
4.692993749619184252e-01
4.691888069938322525e-01
4.688044785083538835e-01
4.689325463472663325e-01
4.692947240248099283e-01
4.691514626424568846e-01
4.691263905023716485e-01
4.686355244561186684e-01
4.687410188028869884e-01
4.687224890853678438e-01
4.686583216426501997e-01
4.687186158047239593e-01
4.687367444948826178e-01
4.683761498086940755e-01
4.680759283996195341e-01
4.685251514875565793e-01
4.682949056569931656e-01
4.684464135789591088e-01
4.684864910081910083e-01
4.683779246598783197e-01
4.680292921000775985e-01
4.679594514833074204e-01
4.679263985564075523e-01
4.684056818012219958e-01
4.680271183511003907e-01
4.681401008883446235e-01
4.676739109015737861e-01
4.680918227575985302e-01
4.673798308672455493e-01
4.677263286918703633e-01
4.678295990294284445e-01
4.672968683315159577e-01
4.673187026539755706e-01
4.675818511379091769e-01
4.673477147574600088e-01
4.671773402772178563e-01
4.671323340067872754e-01
4.671270166126410550e-01
4.671693802272260942e-01
4.667260349621576987e-01
4.667888910292747329e-01
4.666463756128155227e-01
4.664867905896029066e-01
4.664826387278128150e-01
4.669534850986546415e-01
4.666458978982813699e-01
4.662594263854401566e-01
4.662484096261194089e-01
4.662203329103394855e-01
4.663734109072026346e-01
4.653486194515819574e-01
4.663444910557836831e-01
4.657690750927103163e-01
4.656685026883399248e-01
4.661614144011294592e-01
4.661882540620141957e-01
4.659597607488744631e-01
4.656254506183605812e-01
4.655698371918014500e-01
4.660961680579628896e-01
4.658295475454669043e-01
4.653947034891853241e-01
4.660886182751600715e-01
4.660523939756913703e-01
4.658723151684555641e-01
4.659113164182547284e-01
4.658169660900368658e-01
4.652000075868607532e-01
4.650884321761206142e-01
4.652027016383201707e-01
4.654487873712963575e-01
4.652723756287636125e-01
4.656405290828301013e-01
4.654263612965087171e-01
4.656506725226554066e-01
4.654912836112135022e-01
4.659366700100617265e-01
4.658480945348380531e-01
4.654874881836882361e-01
4.656307519741939016e-01
4.656639883788068479e-01
4.656499181012615507e-01
4.660895259879090924e-01
4.662209367272770466e-01
4.663425459149563301e-01
4.661235733854306451e-01
4.664448139442549657e-01
4.667904938880512167e-01
4.668206293467953572e-01
4.667996076934263217e-01
4.673963550544845136e-01
4.673392650632068879e-01
4.666859580254951734e-01
4.674893854537533477e-01
4.676202425310159172e-01
4.679359216810122790e-01
4.678398167026388554e-01
4.681623165488391081e-01
4.686087627311666948e-01
4.688108561505287541e-01
4.689123509238883880e-01
4.693655037549203102e-01
4.697070947238898286e-01
4.696190568909032192e-01
4.700074314019465072e-01
4.693910123252248434e-01
4.679911739162925244e-01
4.705681344030560598e-01
4.707600108971536357e-01
4.708077870914924579e-01
4.710118399049993965e-01
4.713737194404071240e-01
4.709577439275784982e-01
4.720365220567914188e-01
4.717986748149268217e-01
4.725333298939127791e-01
4.724029656054512527e-01
4.720610385465602854e-01
4.722285092803862327e-01
4.728671609512030694e-01
4.724544034863313313e-01
4.724833512299462801e-01
4.728802814117816222e-01
4.735379631006914058e-01
4.728116323617357897e-01
4.734432594523299564e-01
4.738361243034456272e-01
4.733758027324564965e-01
4.736609766440436076e-01
4.738239911555344741e-01
4.733634564778594345e-01
4.741651842634131975e-01
4.744117713284509708e-01
4.713030186346630068e-01
4.743728305431859082e-01
4.743200881439833538e-01
4.741434278038798023e-01
4.738672004751623978e-01
4.741719477421004192e-01
4.734195200549576321e-01
4.741723429657515032e-01
4.739987459789239965e-01
4.741711192250889217e-01
4.744855577360032606e-01
4.744584761762289382e-01
4.743480766804846760e-01
4.743962915130504054e-01
4.744864125846272596e-01
4.801262715033364215e-01
4.748273694791587118e-01
4.745143539406145861e-01
4.744553988331092209e-01
4.743227105368530427e-01
4.742484763264923076e-01
4.746540481962483460e-01
4.837788687112564157e-01
4.740649130894817875e-01
4.845843094785081684e-01
4.741522084538011272e-01
4.747936619444753092e-01
4.741115850269778109e-01
4.744454851484688485e-01
4.747088213270705404e-01
4.751005284290845676e-01
4.744465416161774418e-01
4.743694709598502701e-01
4.745423465767686366e-01
4.744787966336261875e-01
4.737720624384329504e-01
4.750137785980621530e-01
4.742084282870192569e-01
4.740111674599306602e-01
4.733491129482209625e-01
4.736059145178302954e-01
4.738982964652098118e-01
4.737987501406094037e-01
4.745623659354433754e-01
4.740288055765499720e-01
4.747128895664518566e-01
4.740543902766521378e-01
4.735492433124213751e-01
4.735071229189710129e-01
4.734360153630419732e-01
4.733365562519991632e-01
4.724392358751000054e-01
4.731360366843087584e-01
4.731159706498236361e-01
4.700239121549604215e-01
4.732052119108431931e-01
4.729396763169715356e-01
4.722936608405847170e-01
4.725111992432800001e-01
4.725834843185260370e-01
4.723747621832212196e-01
4.725538792482062433e-01
4.683778901058703870e-01
4.693005550432573503e-01
4.717611899028640310e-01
4.715735260345724766e-01
4.719850548041377714e-01
4.717330797478122006e-01
4.720218958355424377e-01
4.724386872602541754e-01
4.716482907220782006e-01
4.720745712413632056e-01
4.722851828880976766e-01
4.722562883308235593e-01
4.710749194659615835e-01
4.716357384538791830e-01
4.714510276839465330e-01
4.722323175814592822e-01
4.715592033535067062e-01
4.716594369362684391e-01
4.717594390052599618e-01
4.715203506155841162e-01
4.713878050604067838e-01
4.721446488325370394e-01
4.716584260586929589e-01
4.718967211416005836e-01
4.719605488218719946e-01
4.714491059347332702e-01
4.727201090218646207e-01
4.718329756480134085e-01
4.725271986387161172e-01
4.719327158120953380e-01
4.728338732686706014e-01
4.729014268389862274e-01
4.727337286496807733e-01
4.731307131732244708e-01
4.731565849861947282e-01
4.729108694799389334e-01
4.737998170082828309e-01
4.737247227511937053e-01
4.737985596796396859e-01
4.737960010639273301e-01
4.732697867134100234e-01
4.736207862812556457e-01
4.736407545806216590e-01
4.746275840896206355e-01
4.747200198584572428e-01
4.749756527035782772e-01
4.751718190044715850e-01
4.747692730295151042e-01
4.754738625235741534e-01
4.755258071401934350e-01
4.753681260963302790e-01
4.754187545047473540e-01
4.756226869621451026e-01
4.752846052169477087e-01
4.752624284814178091e-01
4.756608397282794387e-01
4.760716331662964151e-01
4.762217142702207529e-01
4.757199652331678408e-01
4.758601025762300707e-01
4.757588912889012533e-01
4.760168503772190807e-01
4.763343781327466497e-01
4.764707647066756535e-01
4.758649190895350989e-01
4.762537785100841581e-01
4.761846571357331581e-01
4.766747371579085346e-01
4.772756291694192909e-01
4.777766373456256432e-01
4.788026100775504834e-01
4.792072324796997629e-01
4.799926141722413719e-01
4.803246686152213285e-01
4.809802207541830077e-01
4.813733972825651186e-01
4.820415651771350340e-01
4.825181376567171387e-01
4.828202236350892518e-01
4.832106390672730734e-01
4.836561234521648545e-01
4.840748166702329436e-01
4.843975671007870742e-01
4.847561293013233352e-01
4.850367753124729120e-01
4.852571948977087435e-01
4.854165749741451430e-01
4.859201086132505787e-01
4.862500288454270070e-01
4.865134540216147774e-01
4.868643793666425079e-01
4.870143273946995754e-01
4.874107354325595831e-01
4.878421868750298929e-01
4.882279518792181916e-01
4.884049939238283566e-01
4.883553750470403521e-01
4.885126759179535538e-01
4.888007196536485743e-01
4.888824868127381595e-01
4.888291870932807703e-01
4.890818146658370003e-01
4.890362295357964517e-01
4.889378834194486600e-01
4.890978345970545260e-01
4.892967881537707564e-01
4.894272245501535279e-01
4.897017321697049175e-01
4.895591271458243909e-01
4.896268441255655635e-01
4.896188193171051029e-01
4.896699551664971395e-01
4.896575178935795858e-01
4.896292518933519911e-01
4.898418730526640230e-01
4.897132704368327150e-01
4.898200654990822467e-01
4.898960736131106608e-01
4.898468439218109927e-01
4.898060283316420516e-01
4.896466408515383062e-01
4.895956994525836881e-01
4.897824127344436729e-01
4.898230228143204967e-01
4.896927213210556240e-01
4.899210506098591322e-01
4.896206544439836161e-01
4.898221004199052597e-01
4.896399489838551555e-01
4.898262310409960962e-01
4.895515313751688247e-01
4.896560395482286721e-01
4.896915146503185712e-01
4.898041648208718013e-01
4.896054906926580186e-01
4.895942991752237350e-01
4.897651050935726835e-01
4.895106724814217714e-01
4.896498727616893087e-01
4.897890006267261453e-01
4.896484575627375047e-01
4.897986409011654829e-01
4.899723158589562311e-01
4.899630530478631951e-01
4.898865917976632511e-01
4.894847473688070938e-01
4.892492685269728137e-01
4.893994564900657207e-01
4.896339043915176603e-01
4.895581899166039364e-01
4.896838183649421805e-01
4.896758992695682267e-01
4.895829947436717289e-01
4.895531588060629269e-01
4.895482360691163493e-01
4.894871698906100299e-01
4.896309763247687630e-01
4.896635885226646723e-01
4.892856443857945825e-01
4.895108322070242934e-01
4.892733635480718823e-01
4.895054473070657997e-01
4.890799379609736541e-01
4.890087379365495868e-01
4.884823030770154562e-01
4.891128528610750870e-01
4.884942915327395441e-01
4.889373218226635842e-01
4.884113287335039022e-01
4.881759900976487265e-01
4.882459602857492920e-01
4.878192820719472467e-01
4.880751637518619401e-01
4.877915646687630558e-01
4.874918024321636678e-01
4.872181462251943262e-01
4.865577479747296152e-01
4.867639017497152332e-01
4.861850314021488595e-01
4.862480502270081217e-01
4.850049033208608251e-01
4.845908334113200322e-01
4.846023089841448028e-01
4.840541958292051139e-01
4.840527338669675661e-01
4.832908545649127197e-01
4.829595559852061792e-01
4.827934398472311650e-01
4.821683322941783256e-01
4.815848182914150843e-01
4.816990264964430835e-01
4.808619423868556453e-01
4.805583621629792024e-01
4.799069229426354277e-01
4.796429716587033432e-01
4.792946598380411483e-01
4.788343307590875453e-01
4.785126786114968223e-01
4.778331772647866904e-01
4.774051080867948715e-01
4.772285885398782623e-01
4.768744833731979327e-01
4.761838332930908302e-01
4.761596103557048099e-01
4.756743349824589240e-01
4.758588225509144398e-01
4.755221570966060574e-01
4.752932853399630675e-01
4.750016091982435240e-01
4.742974794671488414e-01
4.740151162907704774e-01
4.738724329120402867e-01
4.732322514613142017e-01
4.738255145133555835e-01
4.730966589770444486e-01
4.726755963558476048e-01
4.722764963898214985e-01
4.727425430220132396e-01
4.721402225724659618e-01
4.723384958714195725e-01
4.720102913543688938e-01
4.717032445716979883e-01
4.719395157378237227e-01
4.714472171402510625e-01
4.709541159625514339e-01
4.712032876924965308e-01
4.708264042902515767e-01
4.709547054986606973e-01
4.707853553059561103e-01
4.705649071496230129e-01
4.707024187398913817e-01
4.703326951535601319e-01
4.705739551369769180e-01
4.705707021734364393e-01
4.703991283403019530e-01
4.701247015411538221e-01
4.703276634549596324e-01
4.701108537918866626e-01
4.700079917098647364e-01
4.701871366068577918e-01
4.704311049792995747e-01
4.702077675871660367e-01
4.702865909350967266e-01
4.707423617729750709e-01
4.712686933073761408e-01
4.702262483589378372e-01
4.704978736764311442e-01
4.713131635425925059e-01
4.711647935769747164e-01
4.708152207662834599e-01
4.708156798135590959e-01
4.713885288862402212e-01
4.711268556646149852e-01
4.717095187356561969e-01
4.712166352648888834e-01
4.717148642227009803e-01
4.721955578423571165e-01
4.720812447456725902e-01
4.721162375418429535e-01
4.720397636579857781e-01
4.725507254429849313e-01
4.724922379343999279e-01
4.727167591911380917e-01
4.729544834850865076e-01
4.728924949569585090e-01
4.729982935387946896e-01
4.730849398157807584e-01
4.728147104541765566e-01
4.738294452713605054e-01
4.729123119146166343e-01
4.737099689897233401e-01
4.736139187975409448e-01
4.736350362216997234e-01
4.736101589578231574e-01
4.739822565116516007e-01
4.736945477634661450e-01
4.738273935989625874e-01
4.739748707442240083e-01
4.741285361270130561e-01
4.741728511166064530e-01
4.741848063469053520e-01
4.742716544667395229e-01
4.742136364173378804e-01
4.741223548475160254e-01
4.740259573962137818e-01
4.741914473585074896e-01
4.741491619771417976e-01
4.741460941719919941e-01
4.742743618356698998e-01
4.743309289433619846e-01
4.742491012411555462e-01
4.744734091671752862e-01
4.746244276187107647e-01
4.746869000902005364e-01
4.747126849921986524e-01
4.747415697866169126e-01
4.748171605491024461e-01
4.748068298321015956e-01
4.747788680318376087e-01
4.747624822755623364e-01
4.746942683290684140e-01
4.746258290822111259e-01
4.746047486771389212e-01
4.748698187950256000e-01
4.745910835250214399e-01
4.745732778137531360e-01
4.746093486425088659e-01
4.744132490085907761e-01
4.743797834795734913e-01
4.747018819601542261e-01
4.743884050524540541e-01
4.746971663578112288e-01
4.747707282922351002e-01
4.747519336723855510e-01
4.747605856928619472e-01
4.745086692870472689e-01
4.748712954744555015e-01
4.751723362673564988e-01
4.750077046231711564e-01
4.746681049785440587e-01
4.752855625226774516e-01
4.747970542416001805e-01
4.747970779646592532e-01
4.752507731964839000e-01
4.751838193770637209e-01
4.751722561268147960e-01
4.751774772167466909e-01
4.751644571480709844e-01
4.751064385763913989e-01
4.753135039062736933e-01
4.751770220180433490e-01
4.752189825863674666e-01
4.750486864230029083e-01
4.752437021235805803e-01
4.750124577513874513e-01
4.753481693585087098e-01
4.750881385642555799e-01
4.753540563280370668e-01
4.751048597694971232e-01
4.751312726600136482e-01
4.753899362137500306e-01
4.749837304332510945e-01
4.747674997115822748e-01
4.750049404482017956e-01
4.751803202428364070e-01
4.753694131469323181e-01
4.751510195533260594e-01
4.750004195040428145e-01
4.751510195533260594e-01
4.753822453370921686e-01
4.756895921209292055e-01
4.754850228584895921e-01
4.749679667127866267e-01
4.755929337580324656e-01
4.753472719952965275e-01
4.753740795044458789e-01
4.733267372989128363e-01
4.752500258333396399e-01
4.749484446865205878e-01
4.751594919144136453e-01
4.751307109930213435e-01
4.751083095558352176e-01
4.751847562891238774e-01
4.751199914875632313e-01
4.752068333543815748e-01
4.746789979713238461e-01
4.743889255349801881e-01
4.745184452097048755e-01
4.744563810765131673e-01
4.748927934623117797e-01
4.744653519269281805e-01
4.741491619771417976e-01
4.743611691413213705e-01
4.742094421262843529e-01
4.741407512170566219e-01
4.742123376709207472e-01
4.737912754535565374e-01
4.742502455611555812e-01
4.741138930855994804e-01
4.733904769059626427e-01
4.738970998354229414e-01
4.737633452715948601e-01
4.736026475507725819e-01
4.732947890000848701e-01
4.733641650553674918e-01
4.733161583252690208e-01
4.730847695379066242e-01
4.731563708389067147e-01
4.732540292839055862e-01
4.731223234165742308e-01
4.730405022548905269e-01
4.724595541672420573e-01
4.726899951811663336e-01
4.727312928590688967e-01
4.727832667278278334e-01
4.728748014040812797e-01
4.719863632385781771e-01
4.723728399878669437e-01
4.724462801122908950e-01
4.721271617188768643e-01
4.720841669216497283e-01
4.723701297712056824e-01
4.723788537768578433e-01
4.724554808160730812e-01
4.721434536579663943e-01
4.724744874491172419e-01
4.713846482731441356e-01
4.722912214007261578e-01
4.720662847796340822e-01
4.721468209646104697e-01
4.721196675174180735e-01
4.717250574678091279e-01
4.716003452434301413e-01
4.716164610928144652e-01
4.714521765018098720e-01
4.717651931040341418e-01
4.722134728916640989e-01
4.719544721407882837e-01
4.718254347421024231e-01
4.718077443168616769e-01
4.719892540628514155e-01
4.718542915429588813e-01
4.718176223599839236e-01
4.719441709121494077e-01
4.717324280374674550e-01
4.717839662875494278e-01
4.719759209207129991e-01
4.720721033308674652e-01
4.722976188071955073e-01
4.719043403736959963e-01
4.719347214546090741e-01
4.721081175628500382e-01
4.720686338556854267e-01
4.723320068714335629e-01
4.724582761667742714e-01
4.723145986623014658e-01
4.723438495386950153e-01
4.721922704831248985e-01
4.721761632048649404e-01
4.724371094931031356e-01
4.726052555352341922e-01
4.727531924533187047e-01
4.728738758147955634e-01
4.730353482628134598e-01
4.726797068224663501e-01
4.730569489608405509e-01
4.730130574919771957e-01
4.733670924972454563e-01
4.729153971249823729e-01
4.728107657955494814e-01
4.733947907176179193e-01
4.731967763864802223e-01
4.733775287596910797e-01
4.734549034966304970e-01
4.732621825767791557e-01
4.733234680830540331e-01
4.733206525776118001e-01
4.735813211288506519e-01
4.735570351133162603e-01
4.735720315149504200e-01
4.735758568639482080e-01
4.737627356729526285e-01
4.738113105782971179e-01
4.742034641340836520e-01
4.743535995072601374e-01
4.747422686487487997e-01
4.743879481266772280e-01
4.742807132916866952e-01
4.741265436986847326e-01
4.747729927182076648e-01
4.746310373086603529e-01
4.745445319762711112e-01
4.745527554416384963e-01
4.747257736308970744e-01
4.747675256402847932e-01
4.745587577004731772e-01
4.751879291298007901e-01
4.748544505503804469e-01
4.752232144536946423e-01
4.750088881304426747e-01
4.756912424053271193e-01
4.755157663306617266e-01
4.754717059776836230e-01
4.755666348169165780e-01
4.754041370609251582e-01
4.756088386042536253e-01
4.758113845027202582e-01
4.756341778407268128e-01
4.754471901943082557e-01
4.761110603914336381e-01
4.759174103132841060e-01
4.757522161124774218e-01
4.755943640384580062e-01
4.756519270647666109e-01
4.760386732836581203e-01
4.763467152002991423e-01
4.761339161033820155e-01
4.762193846415537224e-01
4.761496157400386120e-01
4.759882595571722219e-01
4.760260163835375313e-01
4.761077480463770661e-01
4.761887623277182291e-01
4.764245433964048870e-01
4.764627124328119634e-01
4.763981748404270133e-01
4.762699184088414195e-01
4.765966764247512311e-01
4.765680112037218308e-01
4.764908995560581673e-01
4.762437138706334117e-01
4.766229472410736245e-01
4.767007113280972708e-01
4.766504277374349341e-01
4.768597640314691244e-01
4.766627205252638722e-01
4.770786803335533288e-01
4.772434453732706250e-01
4.775616511744240067e-01
4.776029597174767938e-01
4.777128657737241824e-01
4.785787057418720014e-01
4.787761980514773641e-01
4.791216306550808435e-01
4.795314523752173819e-01
4.798210718471308533e-01
4.803542017335124537e-01
4.804543324129448845e-01
4.809022565913100289e-01
4.811061663522039344e-01
4.815322101962387080e-01
4.815752127796215087e-01
4.817067056077330434e-01
4.819052893888847167e-01
4.822551148443586788e-01
4.821284865511220041e-01
4.825519759920121055e-01
4.824887119960180604e-01
4.829645902484708264e-01
4.831317849698981703e-01
4.831352303514648838e-01
4.833333502632456424e-01
4.835292545534734532e-01
4.839393430703423649e-01
4.839262288575430504e-01
4.841487673178339057e-01
4.843156646903242213e-01
4.845578993810890633e-01
4.845726927270552764e-01
4.846132490846133956e-01
4.848296252128307948e-01
4.848206609263507882e-01
4.847657990450479626e-01
4.849426051954838779e-01
4.849723718881761569e-01
4.849068757125609141e-01
4.852049763306001129e-01
4.853181010973610099e-01
4.853420242354505865e-01
4.852804577121834773e-01
4.851912035009724455e-01
4.853440265273909482e-01
4.854143188714735158e-01
4.854260237408163370e-01
4.852462163286216379e-01
4.854528784771611760e-01
nan
nan
