7.055888753039974972e+02
7.112792118766629983e+02
7.153238783147444337e+02
7.203971929546562478e+02
7.281439909892601463e+02
7.309548222972647409e+02
7.371248328893714188e+02
7.443232829478777148e+02
7.481625537222821549e+02
7.533727988046452992e+02
7.595428093967519771e+02
7.633134062145001053e+02
7.668099334119146988e+02
7.734598267588929730e+02
7.744195922686365066e+02
7.809325551731634505e+02
7.858000566785368619e+02
7.921072064485256305e+02
7.945066202228841803e+02
8.010880483486369030e+02
8.058184106761283374e+02
8.082180331859175340e+02
8.133598130470550132e+02
8.161704356196290746e+02
8.182957797736542034e+02
8.222035157692843086e+02
8.246716035002992840e+02
8.298131746260061163e+02
8.321441231791391147e+02
8.346122109101539763e+02
8.400282691270552959e+02
8.421534045456500053e+02
8.433874484111574930e+02
8.470209060510234167e+02
8.486663674501770629e+02
8.536710081334323377e+02
8.557961435520270470e+02
8.571673265954163980e+02
8.594982751485493964e+02
8.621719672786720139e+02
8.642973114326972564e+02
8.658054249185381650e+02
8.684106518274348900e+02
8.707416003805677747e+02
8.719069702894189504e+02
8.732781533328085288e+02
8.753348235301773457e+02
8.782827940160639173e+02
8.791738855691511390e+02
8.821905300116939088e+02
8.845214785648269071e+02
8.868522183825291449e+02
8.882234014259187234e+02
8.896630496905337395e+02
8.906914891569335850e+02
8.919255330224408453e+02
8.935707856861638447e+02
8.957645950614147523e+02
8.959017342392968430e+02
8.985069611481935681e+02
8.984382871915373698e+02
9.009063749225522315e+02
9.021404187880597192e+02
9.022775579659418099e+02
9.037172062305568261e+02
9.057738764279258703e+02
9.070765942500894425e+02
9.080363597598329761e+02
9.081734989377148395e+02
9.106413779332992817e+02
9.121497001545706098e+02
9.121497001545706098e+02
9.132466048421960068e+02
9.145491139289292732e+02
9.157831577944367609e+02
9.167429233041800671e+02
9.194852893909591103e+02
9.194852893909591103e+02
9.235986297856969713e+02
9.233243514299327899e+02
9.240785125405686813e+02
9.257924391609478789e+02
9.265466002715834293e+02
9.308655450654290462e+02
9.319624497530544431e+02
9.320311237097107551e+02
9.332651675752180154e+02
9.357332553062331044e+02
9.359388597053408603e+02
9.382698082584736312e+02
9.382011343018173193e+02
9.406692220328321810e+02
9.416976614992320265e+02
9.430686358071908444e+02
9.444398188505801954e+02
9.471135109807028130e+02
9.471821849373592386e+02
9.483475548462103006e+02
9.495131334904920095e+02
9.496500639329434534e+02
9.520496864427326500e+02
9.532150563515838257e+02
9.536264738852298706e+02
9.564373051932344652e+02
9.572599315250960217e+02
9.569856531693318402e+02
9.573283967463215731e+02
9.585624406118291745e+02
9.624017113862333872e+02
9.622645722083512965e+02
9.631558724968690512e+02
9.631558724968690512e+02
9.648011251605920506e+02
9.661723082039814017e+02
9.660351690260995383e+02
9.672692128916069123e+02
9.671320737137249353e+02
9.693943483102015080e+02
9.696686266659654621e+02
9.697373006226217740e+02
9.710398097093549268e+02
9.722051796182062162e+02
9.724109927527442778e+02
9.735763626615955673e+02
9.764558679262564738e+02
9.749475457049850320e+02
9.761129156138360941e+02
9.773469594793435817e+02
9.777583770129896266e+02
9.774840986572256725e+02
9.786496773015073813e+02
9.798150472103584434e+02
9.788552817006151372e+02
9.798835124315843359e+02
9.785125381236252906e+02
9.798835124315843359e+02
9.802949299652301534e+02
9.798150472103584434e+02
9.811175562970915962e+02
9.787866077439588253e+02
9.796094428112506876e+02
9.797465819891327783e+02
9.798150472103584434e+02
9.803636039218865790e+02
9.795407688545944893e+02
9.795407688545944893e+02
9.798835124315843359e+02
9.786496773015073813e+02
9.799521863882405341e+02
9.798835124315843359e+02
9.781011205899792458e+02
9.786496773015073813e+02
9.798835124315843359e+02
9.787181425227330465e+02
9.787866077439588253e+02
9.787181425227330465e+02
9.798835124315843359e+02
9.781697945466356714e+02
9.784438641669690924e+02
9.785810033448510694e+02
9.788552817006151372e+02
9.800206516094661993e+02
9.787866077439588253e+02
9.786496773015073813e+02
9.774156334359998937e+02
9.785810033448510694e+02
9.786496773015073813e+02
9.798835124315843359e+02
9.800206516094661993e+02
9.810490910758659311e+02
9.796779080324765800e+02
9.826258785183631517e+02
9.825574132971374866e+02
9.824887393404810609e+02
9.821459957634914417e+02
9.824202741192553958e+02
9.834485048502245945e+02
9.849568270714960363e+02
9.850939662493780133e+02
9.862593361582293028e+02
9.873562408458546997e+02
9.872191016679726090e+02
9.887274238892440508e+02
9.886589586680182720e+02
9.898927937980952265e+02
9.898927937980952265e+02
9.914011160193666683e+02
9.909212332644949583e+02
9.924980207069921789e+02
9.933893209955098200e+02
9.953088520149967735e+02
9.944175517264790187e+02
9.959943391689762393e+02
9.962686175247401934e+02
9.962001523035145283e+02
9.972970569911399252e+02
9.985311008566472992e+02
9.979825441451193910e+02
9.998336099433804520e+02
9.998336099433804520e+02
9.998336099433804520e+02
1.001341932164651894e+03
1.001204792986769917e+03
1.000930514631005849e+03
1.002233023717739115e+03
1.002233023717739115e+03
1.002095884539857138e+03
1.002370162895621093e+03
1.003329928405364512e+03
1.003604206761128466e+03
1.003055858785031091e+03
1.002438836852277404e+03
1.002781580429267137e+03
1.002507302073503070e+03
1.002164558496513450e+03
1.002301697674395314e+03
1.005386598602733557e+03
1.002370162895621093e+03
1.002438836852277404e+03
1.001821814919523604e+03
1.002095884539857138e+03
1.002438836852277404e+03
1.002575767294728848e+03
1.001410397385877559e+03
1.000039214342488208e+03
1.002233023717739115e+03
9.999707491212625428e+02
1.000039214342488208e+03
9.985995660778730780e+02
9.985995660778730780e+02
9.960630131256324375e+02
9.972283830344834996e+02
9.960630131256324375e+02
9.972970569911399252e+02
9.975711266114733462e+02
9.961314783468581027e+02
9.946918300822429728e+02
9.953773172362224386e+02
9.938005297937253317e+02
9.935949253946175759e+02
9.924295554857662864e+02
9.913326507981408895e+02
9.908527680432691795e+02
9.912639768414845776e+02
9.899614677547514248e+02
9.902357461105156062e+02
9.898927937980952265e+02
9.885902847113620737e+02
9.885218194901364086e+02
9.886589586680182720e+02
9.872191016679726090e+02
9.872877756246288072e+02
9.859165925812394562e+02
9.857794534033573655e+02
9.860537317591215469e+02
9.850252922927217014e+02
9.840655267829783952e+02
9.827630176962452424e+02
9.823516001625991976e+02
9.824202741192553958e+02
9.821459957634914417e+02
9.822144609847171068e+02
9.824887393404810609e+02
9.811862302537479081e+02
9.825574132971374866e+02
9.808434866767582889e+02
9.811862302537479081e+02
9.811862302537479081e+02
9.812546954749736869e+02
9.813233694316299989e+02
9.805005343643379092e+02
9.796094428112506876e+02
9.800206516094661993e+02
9.801577907873482900e+02
9.801577907873482900e+02
9.785810033448510694e+02
9.798835124315843359e+02
9.774840986572256725e+02
9.785125381236252906e+02
9.784438641669690924e+02
9.785125381236252906e+02
9.788552817006151372e+02
9.788552817006151372e+02
9.783753989457434272e+02
9.798150472103584434e+02
9.789924208784970006e+02
9.785125381236252906e+02
9.786496773015073813e+02
9.781697945466356714e+02
9.784438641669690924e+02
9.785810033448510694e+02
9.774840986572256725e+02
9.789924208784970006e+02
9.787181425227330465e+02
9.784438641669690924e+02
9.776212378351075358e+02
9.785810033448510694e+02
9.774156334359998937e+02
9.786496773015073813e+02
9.774156334359998937e+02
9.785810033448510694e+02
9.784438641669690924e+02
9.785125381236252906e+02
9.787181425227330465e+02
9.768670767244718718e+02
9.772784942581179166e+02
9.758388459935026731e+02
9.759759851713847638e+02
9.760444503926104289e+02
9.763871939696002755e+02
9.761129156138360941e+02
9.772784942581179166e+02
9.747419413058772761e+02
9.749475457049850320e+02
9.746732673492210779e+02
9.759759851713847638e+02
9.759759851713847638e+02
9.746048021279951854e+02
9.750846848828671227e+02
9.743989889934570101e+02
9.747419413058772761e+02
9.760444503926104289e+02
9.735078974403697885e+02
9.736450366182518792e+02
9.735078974403697885e+02
9.731651538633801692e+02
9.735078974403697885e+02
9.737821757961338562e+02
9.737821757961338562e+02
9.734392234837134765e+02
9.722051796182062162e+02
9.715196924642265230e+02
9.734392234837134765e+02
9.723423187960880796e+02
9.722738535748624145e+02
9.710398097093549268e+02
9.721367143969803237e+02
9.722051796182062162e+02
9.713825532863446597e+02
9.709026705314729497e+02
9.708342053102471709e+02
9.710398097093549268e+02
9.711082749305807056e+02
9.698744398005037510e+02
9.697373006226217740e+02
9.698057658438475528e+02
9.733707582624878114e+02
9.696686266659654621e+02
9.697373006226217740e+02
9.706283921757088820e+02
9.684345828004579744e+02
9.709713444881292617e+02
9.700113702429553086e+02
9.698057658438475528e+02
9.698057658438475528e+02
9.707655313535909727e+02
9.688460003341040192e+02
9.697373006226217740e+02
9.698744398005037510e+02
9.698744398005037510e+02
9.699429050217294161e+02
9.696001614447397969e+02
9.696001614447397969e+02
9.689144655553297980e+02
9.696686266659654621e+02
9.698057658438475528e+02
9.698744398005037510e+02
9.702171833774933702e+02
9.696686266659654621e+02
9.696686266659654621e+02
9.698744398005037510e+02
9.698057658438475528e+02
9.710398097093549268e+02
9.696001614447397969e+02
9.702171833774933702e+02
9.695314874880833713e+02
9.710398097093549268e+02
9.711082749305807056e+02
9.713140880651188809e+02
9.711082749305807056e+02
9.706283921757088820e+02
9.723423187960880796e+02
9.735763626615955673e+02
9.722051796182062162e+02
9.713140880651188809e+02
9.738506410173595214e+02
9.735763626615955673e+02
9.722051796182062162e+02
9.724794579739701703e+02
9.726852711085084593e+02
9.735078974403697885e+02
9.735078974403697885e+02
9.725481319306263686e+02
9.735078974403697885e+02
9.736450366182518792e+02
9.735078974403697885e+02
9.754274284598566283e+02
9.748790804837593669e+02
9.761129156138360941e+02
9.750846848828671227e+02
9.770728898590102744e+02
9.772098203014614910e+02
9.761129156138360941e+02
9.767299375465898947e+02
9.772784942581179166e+02
9.785810033448510694e+02
9.788552817006151372e+02
9.776212378351075358e+02
9.786496773015073813e+02
9.784438641669690924e+02
9.775527726138818707e+02
9.784438641669690924e+02
9.785125381236252906e+02
9.787181425227330465e+02
9.802264647440044882e+02
9.812546954749736869e+02
9.805692083209943348e+02
9.810490910758659311e+02
9.811175562970915962e+02
9.825574132971374866e+02
9.811862302537479081e+02
9.820775305422655492e+02
9.821459957634914417e+02
9.824202741192553958e+02
9.826258785183631517e+02
9.824202741192553958e+02
9.835171788068807928e+02
9.833800396289988157e+02
9.834485048502245945e+02
9.846825487157319685e+02
9.847512226723883941e+02
9.848881531148396107e+02
9.837912484272142137e+02
9.850939662493780133e+02
9.848881531148396107e+02
9.861221969803472120e+02
9.895500502211053799e+02
9.861221969803472120e+02
9.858481273600137911e+02
9.850252922927217014e+02
9.857794534033573655e+02
9.872877756246288072e+02
9.887274238892440508e+02
9.876989844228443189e+02
9.875620539803928750e+02
9.870819624900905183e+02
9.874249148025108980e+02
9.888645630671260278e+02
9.873562408458546997e+02
9.883846803122543179e+02
9.887958891104697159e+02
9.869450320476393017e+02
9.887274238892440508e+02
9.893444458219978515e+02
9.889330282883518066e+02
9.886589586680182720e+02
9.883846803122543179e+02
9.887958891104697159e+02
9.888645630671260278e+02
9.897558633556436689e+02
9.885902847113620737e+02
9.892757718653414258e+02
9.884531455334799830e+02
9.898927937980952265e+02
9.901670721538591806e+02
9.900986069326335155e+02
9.892757718653414258e+02
9.897558633556436689e+02
9.892757718653414258e+02
9.898927937980952265e+02
9.898927937980952265e+02
9.885902847113620737e+02
9.898243285768695614e+02
9.898927937980952265e+02
9.900299329759773173e+02
9.900986069326335155e+02
9.901670721538591806e+02
9.898927937980952265e+02
9.898243285768695614e+02
9.890701674662336700e+02
9.896871893989874707e+02
9.898927937980952265e+02
9.898243285768695614e+02
9.899614677547514248e+02
9.900299329759773173e+02
9.895500502211053799e+02
9.909212332644949583e+02
9.897558633556436689e+02
9.898927937980952265e+02
9.898927937980952265e+02
9.898927937980952265e+02
9.898243285768695614e+02
9.911268376636027142e+02
9.913326507981408895e+02
9.913326507981408895e+02
9.909896984857206235e+02
9.914697899760228665e+02
9.906469549087308906e+02
9.908527680432691795e+02
9.913326507981408895e+02
9.896187241777618055e+02
9.914011160193666683e+02
9.911268376636027142e+02
9.909896984857206235e+02
9.914697899760228665e+02
9.921552771300023323e+02
9.926351598848740423e+02
9.925666946636483772e+02
9.913326507981408895e+02
9.911268376636027142e+02
9.909896984857206235e+02
9.905784896875052254e+02
9.922924163078844231e+02
9.922924163078844231e+02
9.927722990627561330e+02
9.910583724423769354e+02
9.925666946636483772e+02
9.911268376636027142e+02
9.912639768414845776e+02
9.911955116202589124e+02
9.909896984857206235e+02
9.912639768414845776e+02
9.907156288653873162e+02
9.911955116202589124e+02
9.912639768414845776e+02
9.924980207069921789e+02
9.905784896875052254e+02
9.899614677547514248e+02
9.897558633556436689e+02
9.909896984857206235e+02
9.896187241777618055e+02
9.897558633556436689e+02
9.899614677547514248e+02
9.898927937980952265e+02
9.898243285768695614e+02
9.885218194901364086e+02
9.876305192016186538e+02
9.875620539803928750e+02
9.873562408458546997e+02
9.872191016679726090e+02
9.847512226723883941e+02
9.859165925812394562e+02
9.861221969803472120e+02
9.861221969803472120e+02
9.851624314706037921e+02
9.848196878936140592e+02
9.835856440281064579e+02
9.834485048502245945e+02
9.837227832059885486e+02
9.833113656723425038e+02
9.822831349413733051e+02
9.818032521865015951e+02
9.821459957634914417e+02
9.825574132971374866e+02
9.813233694316299989e+02
9.812546954749736869e+02
9.809119518979839540e+02
9.797465819891327783e+02
9.776212378351075358e+02
9.785810033448510694e+02
9.785810033448510694e+02
9.776897030563334283e+02
9.772098203014614910e+02
9.774840986572256725e+02
9.772784942581179166e+02
9.775527726138818707e+02
9.797465819891327783e+02
9.747419413058772761e+02
9.732336190846058344e+02
9.725481319306263686e+02
9.733707582624878114e+02
9.733707582624878114e+02
9.722051796182062162e+02
9.724794579739701703e+02
9.723423187960880796e+02
9.696686266659654621e+02
9.713825532863446597e+02
9.711082749305807056e+02
9.696686266659654621e+02
9.709026705314729497e+02
9.690516047332117751e+02
9.694630222668577062e+02
9.698057658438475528e+02
9.697373006226217740e+02
9.700800441996115069e+02
9.696001614447397969e+02
9.682974436225761110e+02
9.696686266659654621e+02
9.686403959349962633e+02
9.684345828004579744e+02
9.682974436225761110e+02
9.679547000455862644e+02
9.679547000455862644e+02
9.685717219783400651e+02
9.688460003341040192e+02
9.700113702429553086e+02
9.683661175792323093e+02
9.682974436225761110e+02
9.691202786898682007e+02
9.696686266659654621e+02
9.695314874880833713e+02
9.696686266659654621e+02
9.697373006226217740e+02
9.696686266659654621e+02
9.685032567571144000e+02
9.699429050217294161e+02
9.693258830889757292e+02
9.678862348243605993e+02
9.696686266659654621e+02
9.681605131801245534e+02
9.696001614447397969e+02
9.696686266659654621e+02
9.709713444881292617e+02
9.700113702429553086e+02
9.709713444881292617e+02
9.707655313535909727e+02
9.707655313535909727e+02
9.710398097093549268e+02
9.723423187960880796e+02
9.711082749305807056e+02
9.708342053102471709e+02
9.709026705314729497e+02
9.723423187960880796e+02
9.728222015509597895e+02
9.722051796182062162e+02
9.721367143969803237e+02
9.728908755076162151e+02
9.717252968633342789e+02
9.728908755076162151e+02
9.723423187960880796e+02
9.708342053102471709e+02
9.724794579739701703e+02
9.737821757961338562e+02
9.720682491757546586e+02
9.735763626615955673e+02
9.722051796182062162e+02
9.749475457049850320e+02
9.735763626615955673e+02
9.730964799067238573e+02
9.719311099978725679e+02
9.722738535748624145e+02
9.737135018394774306e+02
9.739191062385851865e+02
9.735763626615955673e+02
9.734392234837134765e+02
9.717252968633342789e+02
9.735078974403697885e+02
9.735763626615955673e+02
9.722051796182062162e+02
9.733707582624878114e+02
9.732336190846058344e+02
9.734392234837134765e+02
9.726165971518520337e+02
9.727537363297341244e+02
9.735763626615955673e+02
9.736450366182518792e+02
9.726165971518520337e+02
9.733707582624878114e+02
9.733707582624878114e+02
9.735763626615955673e+02
9.733020843058316132e+02
9.733707582624878114e+02
9.748790804837593669e+02
9.739191062385851865e+02
9.737821757961338562e+02
9.748104065271029413e+02
9.747419413058772761e+02
9.740562454164672772e+02
9.734392234837134765e+02
9.735763626615955673e+02
9.760444503926104289e+02
9.770728898590102744e+02
9.761129156138360941e+02
9.760444503926104289e+02
9.778268422342152917e+02
9.752902892819747649e+02
9.773469594793435817e+02
9.773469594793435817e+02
9.773469594793435817e+02
9.785125381236252906e+02
9.773469594793435817e+02
9.785125381236252906e+02
9.776897030563334283e+02
9.787181425227330465e+02
9.785125381236252906e+02
9.787181425227330465e+02
9.800893255661223975e+02
9.798150472103584434e+02
9.800206516094661993e+02
9.796094428112506876e+02
9.798835124315843359e+02
9.785810033448510694e+02
9.813233694316299989e+02
9.801577907873482900e+02
9.798150472103584434e+02
9.809119518979839540e+02
9.809806258546401523e+02
9.809119518979839540e+02
9.811862302537479081e+02
9.824202741192553958e+02
9.823516001625991976e+02
9.824202741192553958e+02
9.822831349413733051e+02
9.824887393404810609e+02
9.824887393404810609e+02
9.820775305422655492e+02
9.822831349413733051e+02
9.815289738307376410e+02
9.821459957634914417e+02
9.822831349413733051e+02
9.821459957634914417e+02
9.826943437395887031e+02
9.837227832059885486e+02
9.822144609847171068e+02
9.818032521865015951e+02
9.820088565856093510e+02
9.822144609847171068e+02
9.823516001625991976e+02
9.824887393404810609e+02
9.823516001625991976e+02
9.821459957634914417e+02
9.837912484272142137e+02
9.817345782298453969e+02
9.824202741192553958e+02
9.822144609847171068e+02
9.823516001625991976e+02
9.825574132971374866e+02
9.824202741192553958e+02
9.837227832059885486e+02
9.824202741192553958e+02
9.822144609847171068e+02
9.822831349413733051e+02
9.826943437395887031e+02
9.826943437395887031e+02
9.823516001625991976e+02
9.820088565856093510e+02
9.811862302537479081e+02
9.835856440281064579e+02
9.826258785183631517e+02
9.821459957634914417e+02
9.821459957634914417e+02
9.835171788068807928e+02
9.835856440281064579e+02
9.832429004511168387e+02
9.838599223838706394e+02
9.823516001625991976e+02
9.835171788068807928e+02
9.811862302537479081e+02
9.835856440281064579e+02
9.823516001625991976e+02
9.823516001625991976e+02
9.837227832059885486e+02
9.837227832059885486e+02
9.835171788068807928e+02
9.824887393404810609e+02
9.826943437395887031e+02
9.835856440281064579e+02
9.835171788068807928e+02
9.830372960520091965e+02
9.846825487157319685e+02
9.834485048502245945e+02
9.835856440281064579e+02
9.838599223838706394e+02
9.836543179847628835e+02
9.835171788068807928e+02
9.847512226723883941e+02
9.853682446051419674e+02
9.848881531148396107e+02
9.859850578024651213e+02
9.844082703599680144e+02
9.856423142254755021e+02
9.860537317591215469e+02
9.865336145139932569e+02
9.863280101148855010e+02
9.862593361582293028e+02
9.858481273600137911e+02
9.861221969803472120e+02
9.858481273600137911e+02
9.859165925812394562e+02
9.860537317591215469e+02
9.852995706484856555e+02
9.857794534033573655e+02
9.860537317591215469e+02
9.861908709370034103e+02
9.876989844228443189e+02
9.874249148025108980e+02
9.884531455334799830e+02
9.872877756246288072e+02
9.872877756246288072e+02
9.876989844228443189e+02
9.855738490042496096e+02
9.859850578024651213e+02
9.872191016679726090e+02
9.861221969803472120e+02
9.876305192016186538e+02
9.874933800237365631e+02
9.873562408458546997e+02
9.872191016679726090e+02
9.861221969803472120e+02
9.870819624900905183e+02
9.859850578024651213e+02
9.873562408458546997e+02
9.864651492927673644e+02
9.874933800237365631e+02
9.858481273600137911e+02
9.859850578024651213e+02
9.879047975573826079e+02
9.858481273600137911e+02
9.872191016679726090e+02
9.855738490042496096e+02
9.857794534033573655e+02
9.854367098263677462e+02
9.863964753361111661e+02
9.861908709370034103e+02
9.861221969803472120e+02
9.858481273600137911e+02
9.854367098263677462e+02
9.857794534033573655e+02
9.861221969803472120e+02
9.861221969803472120e+02
9.859850578024651213e+02
9.861221969803472120e+02
9.860537317591215469e+02
9.864651492927673644e+02
9.861221969803472120e+02
9.858481273600137911e+02
9.850252922927217014e+02
9.843398051387423493e+02
9.858481273600137911e+02
9.861221969803472120e+02
9.862593361582293028e+02
9.850939662493780133e+02
9.862593361582293028e+02
9.859165925812394562e+02
9.839283876050963045e+02
9.858481273600137911e+02
9.848196878936140592e+02
9.861221969803472120e+02
9.861908709370034103e+02
9.860537317591215469e+02
9.861221969803472120e+02
9.860537317591215469e+02
9.861908709370034103e+02
9.859850578024651213e+02
9.859165925812394562e+02
9.848881531148396107e+02
9.871506364467469439e+02
9.860537317591215469e+02
9.859850578024651213e+02
9.863964753361111661e+02
9.860537317591215469e+02
9.859165925812394562e+02
9.861221969803472120e+02
9.861221969803472120e+02
9.873562408458546997e+02
9.859850578024651213e+02
9.870819624900905183e+02
9.861221969803472120e+02
9.858481273600137911e+02
9.876305192016186538e+02
9.872877756246288072e+02
9.873562408458546997e+02
9.872877756246288072e+02
9.849568270714960363e+02
9.872191016679726090e+02
9.885218194901364086e+02
9.872877756246288072e+02
9.875620539803928750e+02
9.874249148025108980e+02
9.872877756246288072e+02
9.874249148025108980e+02
9.887958891104697159e+02
9.898243285768695614e+02
9.881788671777160289e+02
9.879047975573826079e+02
9.883846803122543179e+02
9.884531455334799830e+02
9.887274238892440508e+02
9.890701674662336700e+02
9.885218194901364086e+02
9.872191016679726090e+02
9.873562408458546997e+02
9.874249148025108980e+02
9.885218194901364086e+02
9.872191016679726090e+02
9.876305192016186538e+02
9.883846803122543179e+02
9.872877756246288072e+02
9.872191016679726090e+02
9.887274238892440508e+02
9.883846803122543179e+02
9.885902847113620737e+02
9.877676583795005172e+02
9.874249148025108980e+02
9.873562408458546997e+02
9.870134972688648531e+02
9.869450320476393017e+02
9.872191016679726090e+02
9.860537317591215469e+02
9.874249148025108980e+02
9.853682446051419674e+02
9.870819624900905183e+02
9.859850578024651213e+02
9.859165925812394562e+02
9.863964753361111661e+02
9.861908709370034103e+02
9.859850578024651213e+02
9.849568270714960363e+02
9.860537317591215469e+02
9.861221969803472120e+02
9.847512226723883941e+02
9.842713399175164568e+02
9.846140834945063034e+02
9.848881531148396107e+02
9.861908709370034103e+02
9.850939662493780133e+02
9.848881531148396107e+02
9.846825487157319685e+02
9.844769443166242127e+02
9.849568270714960363e+02
9.848196878936140592e+02
9.863280101148855010e+02
9.857794534033573655e+02
9.834485048502245945e+02
9.836543179847628835e+02
9.850939662493780133e+02
9.849568270714960363e+02
9.848196878936140592e+02
9.834485048502245945e+02
9.824887393404810609e+02
9.844769443166242127e+02
9.835171788068807928e+02
9.837227832059885486e+02
9.850939662493780133e+02
9.835856440281064579e+02
9.835856440281064579e+02
9.848881531148396107e+02
9.836543179847628835e+02
9.848881531148396107e+02
9.844082703599680144e+02
9.850939662493780133e+02
9.846825487157319685e+02
9.835171788068807928e+02
9.850252922927217014e+02
9.846140834945063034e+02
9.846825487157319685e+02
9.848196878936140592e+02
9.850939662493780133e+02
9.850939662493780133e+02
9.861908709370034103e+02
9.846140834945063034e+02
9.848196878936140592e+02
9.842713399175164568e+02
9.848196878936140592e+02
9.848881531148396107e+02
9.842713399175164568e+02
9.846140834945063034e+02
9.861221969803472120e+02
9.861908709370034103e+02
9.863964753361111661e+02
9.848196878936140592e+02
9.847512226723883941e+02
9.847512226723883941e+02
9.848196878936140592e+02
9.859850578024651213e+02
9.847512226723883941e+02
9.841342007396345934e+02
9.859165925812394562e+02
9.852311054272599904e+02
9.846140834945063034e+02
9.851624314706037921e+02
9.848881531148396107e+02
9.848196878936140592e+02
9.848196878936140592e+02
9.850252922927217014e+02
9.846825487157319685e+02
9.848881531148396107e+02
9.831057612732347479e+02
9.834485048502245945e+02
9.837227832059885486e+02
9.834485048502245945e+02
9.838599223838706394e+02
9.836543179847628835e+02
9.835171788068807928e+02
9.821459957634914417e+02
9.824202741192553958e+02
9.807063474988761982e+02
9.823516001625991976e+02
9.817345782298453969e+02
9.822144609847171068e+02
9.822831349413733051e+02
9.808434866767582889e+02
9.800893255661223975e+02
9.812546954749736869e+02
9.809806258546401523e+02
9.822831349413733051e+02
9.798835124315843359e+02
9.797465819891327783e+02
9.798150472103584434e+02
9.793351644554867335e+02
9.783753989457434272e+02
9.787181425227330465e+02
9.786496773015073813e+02
9.790608860997227794e+02
9.787181425227330465e+02
9.785810033448510694e+02
9.786496773015073813e+02
9.775527726138818707e+02
9.772784942581179166e+02
9.759073112147283382e+02
9.750160109262105834e+02
9.759759851713847638e+02
9.761129156138360941e+02
9.748790804837593669e+02
9.743305237722312313e+02
9.749475457049850320e+02
9.733707582624878114e+02
9.735763626615955673e+02
9.735078974403697885e+02
9.735078974403697885e+02
9.748790804837593669e+02
9.731651538633801692e+02
9.747419413058772761e+02
9.733707582624878114e+02
9.737821757961338562e+02
9.737821757961338562e+02
9.722051796182062162e+02
9.735078974403697885e+02
9.724794579739701703e+02
9.717939708199907045e+02
9.735078974403697885e+02
9.724109927527442778e+02
9.724794579739701703e+02
9.724109927527442778e+02
9.721367143969803237e+02
9.735078974403697885e+02
9.724109927527442778e+02
9.735078974403697885e+02
9.722051796182062162e+02
9.713140880651188809e+02
9.732336190846058344e+02
9.733707582624878114e+02
9.723423187960880796e+02
9.723423187960880796e+02
9.734392234837134765e+02
9.732336190846058344e+02
9.752902892819747649e+02
9.735763626615955673e+02
9.734392234837134765e+02
9.761129156138360941e+02
9.720682491757546586e+02
9.734392234837134765e+02
9.748790804837593669e+02
9.762500547917181848e+02
9.761129156138360941e+02
9.773469594793435817e+02
9.748104065271029413e+02
9.774840986572256725e+02
9.775527726138818707e+02
9.746732673492210779e+02
9.760444503926104289e+02
9.751531501040926742e+02
9.770042159023538488e+02
9.787181425227330465e+02
9.786496773015073813e+02
9.787181425227330465e+02
9.788552817006151372e+02
9.785125381236252906e+02
9.787181425227330465e+02
9.799521863882405341e+02
9.796094428112506876e+02
9.785810033448510694e+02
9.791980252776047564e+02
9.798150472103584434e+02
9.822144609847171068e+02
9.810490910758659311e+02
9.813918346528555503e+02
9.812546954749736869e+02
9.811175562970915962e+02
9.823516001625991976e+02
9.822144609847171068e+02
9.822144609847171068e+02
9.822144609847171068e+02
9.820088565856093510e+02
9.822144609847171068e+02
9.822144609847171068e+02
9.836543179847628835e+02
9.841342007396345934e+02
9.836543179847628835e+02
9.832429004511168387e+02
9.835856440281064579e+02
9.834485048502245945e+02
9.836543179847628835e+02
9.829001568741271058e+02
9.831057612732347479e+02
9.832429004511168387e+02
9.848196878936140592e+02
9.849568270714960363e+02
9.839970615617525027e+02
9.850939662493780133e+02
9.846140834945063034e+02
9.848881531148396107e+02
9.848881531148396107e+02
9.859850578024651213e+02
9.847512226723883941e+02
9.839970615617525027e+02
9.846140834945063034e+02
9.848881531148396107e+02
9.861908709370034103e+02
9.861221969803472120e+02
9.859850578024651213e+02
9.848196878936140592e+02
9.863964753361111661e+02
9.863280101148855010e+02
9.850252922927217014e+02
9.844769443166242127e+02
9.848196878936140592e+02
9.848196878936140592e+02
9.859850578024651213e+02
9.861221969803472120e+02
9.855051750475934114e+02
9.859850578024651213e+02
9.860537317591215469e+02
9.849568270714960363e+02
9.863964753361111661e+02
9.859850578024651213e+02
9.859165925812394562e+02
9.852311054272599904e+02
9.861908709370034103e+02
9.861221969803472120e+02
9.859165925812394562e+02
9.858481273600137911e+02
9.859165925812394562e+02
9.859850578024651213e+02
9.859850578024651213e+02
9.855051750475934114e+02
9.855738490042496096e+02
9.861221969803472120e+02
9.860537317591215469e+02
9.863964753361111661e+02
9.858481273600137911e+02
9.859165925812394562e+02
9.862593361582293028e+02
9.861908709370034103e+02
9.860537317591215469e+02
9.858481273600137911e+02
9.838599223838706394e+02
9.859850578024651213e+02
9.848881531148396107e+02
9.850939662493780133e+02
9.858481273600137911e+02
9.856423142254755021e+02
9.849568270714960363e+02
9.872877756246288072e+02
9.850939662493780133e+02
9.847512226723883941e+02
9.846140834945063034e+02
9.846140834945063034e+02
9.859165925812394562e+02
9.848196878936140592e+02
9.848881531148396107e+02
9.845454095378499915e+02
9.848196878936140592e+02
9.849568270714960363e+02
9.852311054272599904e+02
9.850939662493780133e+02
9.828314829174707938e+02
9.847512226723883941e+02
9.843398051387423493e+02
9.848881531148396107e+02
9.833800396289988157e+02
9.850252922927217014e+02
9.836543179847628835e+02
9.849568270714960363e+02
9.837227832059885486e+02
9.838599223838706394e+02
9.837912484272142137e+02
9.835856440281064579e+02
9.835856440281064579e+02
9.835171788068807928e+02
9.835856440281064579e+02
9.834485048502245945e+02
9.837227832059885486e+02
9.819403913643836859e+02
9.834485048502245945e+02
9.835856440281064579e+02
9.823516001625991976e+02
9.839283876050963045e+02
9.837912484272142137e+02
9.821459957634914417e+02
9.823516001625991976e+02
9.824887393404810609e+02
9.834485048502245945e+02
9.822831349413733051e+02
9.815974390519633062e+02
9.822144609847171068e+02
9.833800396289988157e+02
9.824202741192553958e+02
9.826943437395887031e+02
9.824887393404810609e+02
9.826943437395887031e+02
9.823516001625991976e+02
9.824887393404810609e+02
9.824202741192553958e+02
9.824202741192553958e+02
9.821459957634914417e+02
9.835171788068807928e+02
9.836543179847628835e+02
9.826943437395887031e+02
9.826258785183631517e+02
9.822831349413733051e+02
9.834485048502245945e+02
9.811175562970915962e+02
9.824202741192553958e+02
9.822831349413733051e+02
9.824887393404810609e+02
9.825574132971374866e+02
9.824887393404810609e+02
9.835856440281064579e+02
9.826258785183631517e+02
9.823516001625991976e+02
9.823516001625991976e+02
9.823516001625991976e+02
9.812546954749736869e+02
9.820775305422655492e+02
9.824202741192553958e+02
9.826258785183631517e+02
9.839970615617525027e+02
9.826258785183631517e+02
9.822831349413733051e+02
9.837227832059885486e+02
9.837912484272142137e+02
9.835171788068807928e+02
9.822831349413733051e+02
9.818717174077274876e+02
9.833800396289988157e+02
9.836543179847628835e+02
9.837227832059885486e+02
9.832429004511168387e+02
9.835171788068807928e+02
9.835856440281064579e+02
9.838599223838706394e+02
9.842026659608602586e+02
9.835171788068807928e+02
9.822831349413733051e+02
9.834485048502245945e+02
9.835856440281064579e+02
9.846825487157319685e+02
9.849568270714960363e+02
9.843398051387423493e+02
9.846140834945063034e+02
9.847512226723883941e+02
9.862593361582293028e+02
9.865336145139932569e+02
9.847512226723883941e+02
9.858481273600137911e+02
9.843398051387423493e+02
9.848196878936140592e+02
9.845454095378499915e+02
9.850252922927217014e+02
9.870819624900905183e+02
9.859850578024651213e+02
9.848196878936140592e+02
9.851624314706037921e+02
9.863280101148855010e+02
9.848196878936140592e+02
9.859165925812394562e+02
9.848196878936140592e+02
9.859850578024651213e+02
9.848196878936140592e+02
9.861221969803472120e+02
9.861908709370034103e+02
9.862593361582293028e+02
9.854367098263677462e+02
9.861908709370034103e+02
9.859850578024651213e+02
9.859850578024651213e+02
9.861221969803472120e+02
9.855738490042496096e+02
9.859165925812394562e+02
9.872877756246288072e+02
9.848881531148396107e+02
9.850939662493780133e+02
9.861221969803472120e+02
9.858481273600137911e+02
9.861221969803472120e+02
9.861908709370034103e+02
9.872191016679726090e+02
9.872877756246288072e+02
9.854367098263677462e+02
9.868763580909828761e+02
9.859850578024651213e+02
9.861221969803472120e+02
9.859165925812394562e+02
9.859165925812394562e+02
9.872877756246288072e+02
9.861908709370034103e+02
9.864651492927673644e+02
9.861908709370034103e+02
9.872191016679726090e+02
9.860537317591215469e+02
9.862593361582293028e+02
9.859165925812394562e+02
9.859165925812394562e+02
9.850939662493780133e+02
9.843398051387423493e+02
9.861221969803472120e+02
9.848196878936140592e+02
9.861221969803472120e+02
9.861908709370034103e+02
9.858481273600137911e+02
9.863280101148855010e+02
9.863280101148855010e+02
9.860537317591215469e+02
9.861221969803472120e+02
9.856423142254755021e+02
9.859850578024651213e+02
9.861221969803472120e+02
9.861908709370034103e+02
9.857794534033573655e+02
9.858481273600137911e+02
9.850939662493780133e+02
9.865336145139932569e+02
9.863280101148855010e+02
9.862593361582293028e+02
9.857109881821317003e+02
9.858481273600137911e+02
9.859850578024651213e+02
9.862593361582293028e+02
9.861908709370034103e+02
9.857109881821317003e+02
9.857794534033573655e+02
9.861221969803472120e+02
9.850939662493780133e+02
9.863280101148855010e+02
9.847512226723883941e+02
9.859850578024651213e+02
9.846825487157319685e+02
9.859850578024651213e+02
9.860537317591215469e+02
9.858481273600137911e+02
9.852311054272599904e+02
9.859165925812394562e+02
9.860537317591215469e+02
9.862593361582293028e+02
9.861908709370034103e+02
9.848196878936140592e+02
9.847512226723883941e+02
9.863964753361111661e+02
9.864651492927673644e+02
9.859165925812394562e+02
9.859850578024651213e+02
9.853682446051419674e+02
9.861221969803472120e+02
9.857109881821317003e+02
9.859850578024651213e+02
9.856423142254755021e+02
9.848196878936140592e+02
9.859850578024651213e+02
9.850252922927217014e+02
9.862593361582293028e+02
9.861221969803472120e+02
9.858481273600137911e+02
9.861221969803472120e+02
9.873562408458546997e+02
9.859850578024651213e+02
9.859850578024651213e+02
9.853682446051419674e+02
9.860537317591215469e+02
9.855738490042496096e+02
9.859850578024651213e+02
9.851624314706037921e+02
9.861221969803472120e+02
9.859850578024651213e+02
9.863280101148855010e+02
9.859165925812394562e+02
9.872877756246288072e+02
9.860537317591215469e+02
9.853682446051419674e+02
9.859850578024651213e+02
9.859850578024651213e+02
9.861221969803472120e+02
9.858481273600137911e+02
9.859165925812394562e+02
9.859165925812394562e+02
9.861908709370034103e+02
9.861908709370034103e+02
9.859850578024651213e+02
9.860537317591215469e+02
9.852311054272599904e+02
9.872877756246288072e+02
9.873562408458546997e+02
9.874249148025108980e+02
9.859850578024651213e+02
9.859850578024651213e+02
9.860537317591215469e+02
9.874933800237365631e+02
9.862593361582293028e+02
9.861221969803472120e+02
9.870819624900905183e+02
9.859165925812394562e+02
9.859850578024651213e+02
9.861908709370034103e+02
9.862593361582293028e+02
9.859165925812394562e+02
9.857794534033573655e+02
9.872877756246288072e+02
9.863280101148855010e+02
9.874249148025108980e+02
9.861908709370034103e+02
9.857109881821317003e+02
9.872191016679726090e+02
9.859850578024651213e+02
9.859850578024651213e+02
9.861221969803472120e+02
9.868763580909828761e+02
9.870819624900905183e+02
9.874249148025108980e+02
9.871506364467469439e+02
9.863964753361111661e+02
9.859850578024651213e+02
9.858481273600137911e+02
9.873562408458546997e+02
9.861221969803472120e+02
9.872191016679726090e+02
9.859850578024651213e+02
9.855738490042496096e+02
9.859165925812394562e+02
9.860537317591215469e+02
9.859850578024651213e+02
9.863964753361111661e+02
9.848881531148396107e+02
9.859165925812394562e+02
9.856423142254755021e+02
9.863280101148855010e+02
9.868763580909828761e+02
9.861221969803472120e+02
9.857794534033573655e+02
9.859850578024651213e+02
9.847512226723883941e+02
9.849568270714960363e+02
9.852311054272599904e+02
9.848881531148396107e+02
9.847512226723883941e+02
9.824887393404810609e+02
9.834485048502245945e+02
9.835171788068807928e+02
9.836543179847628835e+02
9.836543179847628835e+02
9.823516001625991976e+02
9.822144609847171068e+02
9.829001568741271058e+02
9.824887393404810609e+02
9.824202741192553958e+02
9.823516001625991976e+02
9.811175562970915962e+02
9.809806258546401523e+02
9.811175562970915962e+02
9.812546954749736869e+02
9.810490910758659311e+02
9.809119518979839540e+02
9.823516001625991976e+02
9.801577907873482900e+02
9.800893255661223975e+02
9.786496773015073813e+02
9.795407688545944893e+02
9.798835124315843359e+02
9.798835124315843359e+02
9.785810033448510694e+02
9.786496773015073813e+02
9.779639814120973824e+02
9.785125381236252906e+02
9.785810033448510694e+02
9.787181425227330465e+02
9.776897030563334283e+02
9.785810033448510694e+02
9.785810033448510694e+02
9.774156334359998937e+02
9.785125381236252906e+02
9.772784942581179166e+02
9.773469594793435817e+02
9.783753989457434272e+02
9.750160109262105834e+02
9.761815895704925197e+02
9.776897030563334283e+02
9.763187287483743830e+02
9.773469594793435817e+02
9.759759851713847638e+02
9.773469594793435817e+02
9.750160109262105834e+02
9.757701720368464748e+02
9.747419413058772761e+02
9.767986115032460930e+02
9.758388459935026731e+02
9.760444503926104289e+02
9.747419413058772761e+02
9.777583770129896266e+02
9.766614723253642296e+02
9.773469594793435817e+02
9.773469594793435817e+02
9.773469594793435817e+02
9.773469594793435817e+02
9.761129156138360941e+02
9.767299375465898947e+02
9.784438641669690924e+02
9.785810033448510694e+02
9.773469594793435817e+02
9.789924208784970006e+02
9.774840986572256725e+02
9.789237469218406886e+02
9.791295600563790913e+02
9.786496773015073813e+02
9.785810033448510694e+02
9.798150472103584434e+02
9.772098203014614910e+02
9.783753989457434272e+02
9.797465819891327783e+02
9.811862302537479081e+02
9.798150472103584434e+02
9.810490910758659311e+02
9.821459957634914417e+02
9.812546954749736869e+02
9.826258785183631517e+02
9.826943437395887031e+02
9.822831349413733051e+02
9.821459957634914417e+02
9.823516001625991976e+02
9.836543179847628835e+02
9.836543179847628835e+02
9.830372960520091965e+02
9.833113656723425038e+02
9.848196878936140592e+02
9.837227832059885486e+02
9.850939662493780133e+02
9.838599223838706394e+02
9.846825487157319685e+02
9.848881531148396107e+02
9.862593361582293028e+02
9.858481273600137911e+02
9.861221969803472120e+02
9.850939662493780133e+02
9.858481273600137911e+02
9.866020797352188083e+02
9.861221969803472120e+02
9.874933800237365631e+02
9.860537317591215469e+02
9.869450320476393017e+02
9.861908709370034103e+02
9.874249148025108980e+02
9.873562408458546997e+02
9.857109881821317003e+02
9.866020797352188083e+02
9.859165925812394562e+02
9.872191016679726090e+02
9.874249148025108980e+02
9.859850578024651213e+02
9.874249148025108980e+02
9.858481273600137911e+02
9.874249148025108980e+02
9.872877756246288072e+02
9.872191016679726090e+02
9.873562408458546997e+02
9.852995706484856555e+02
9.871506364467469439e+02
9.873562408458546997e+02
9.885902847113620737e+02
9.874933800237365631e+02
9.873562408458546997e+02
9.879047975573826079e+02
9.876305192016186538e+02
9.874249148025108980e+02
9.874249148025108980e+02
9.872877756246288072e+02
9.864651492927673644e+02
9.860537317591215469e+02
9.870819624900905183e+02
9.873562408458546997e+02
9.867392189131008990e+02
9.871506364467469439e+02
9.873562408458546997e+02
9.872877756246288072e+02
9.863964753361111661e+02
9.874933800237365631e+02
9.866707536918751202e+02
9.861908709370034103e+02
9.873562408458546997e+02
9.872191016679726090e+02
9.874249148025108980e+02
9.867392189131008990e+02
9.869450320476393017e+02
9.873562408458546997e+02
9.872877756246288072e+02
9.863964753361111661e+02
9.861221969803472120e+02
9.859165925812394562e+02
9.873562408458546997e+02
9.874249148025108980e+02
9.875620539803928750e+02
9.870819624900905183e+02
9.861221969803472120e+02
9.870134972688648531e+02
9.860537317591215469e+02
9.873562408458546997e+02
9.875620539803928750e+02
9.874933800237365631e+02
9.872877756246288072e+02
9.875620539803928750e+02
9.875620539803928750e+02
9.874249148025108980e+02
9.884531455334799830e+02
9.863964753361111661e+02
9.872877756246288072e+02
9.873562408458546997e+02
9.859165925812394562e+02
9.872191016679726090e+02
9.872191016679726090e+02
9.872877756246288072e+02
9.877676583795005172e+02
9.876305192016186538e+02
9.861221969803472120e+02
9.883846803122543179e+02
9.874249148025108980e+02
9.860537317591215469e+02
9.872191016679726090e+02
9.861221969803472120e+02
9.855738490042496096e+02
9.858481273600137911e+02
9.873562408458546997e+02
9.844769443166242127e+02
9.876305192016186538e+02
9.860537317591215469e+02
9.858481273600137911e+02
9.861908709370034103e+02
9.874933800237365631e+02
9.859165925812394562e+02
9.859850578024651213e+02
9.853682446051419674e+02
9.857794534033573655e+02
9.861221969803472120e+02
9.861221969803472120e+02
9.861908709370034103e+02
9.874249148025108980e+02
9.859850578024651213e+02
9.852311054272599904e+02
9.850939662493780133e+02
9.861221969803472120e+02
9.858481273600137911e+02
9.856423142254755021e+02
9.848196878936140592e+02
9.850252922927217014e+02
9.859850578024651213e+02
9.852995706484856555e+02
9.846825487157319685e+02
9.850939662493780133e+02
9.849568270714960363e+02
9.848881531148396107e+02
9.848196878936140592e+02
9.835171788068807928e+02
9.837227832059885486e+02
9.861908709370034103e+02
9.847512226723883941e+02
9.848881531148396107e+02
9.835856440281064579e+02
9.849568270714960363e+02
9.848881531148396107e+02
9.848196878936140592e+02
9.839283876050963045e+02
9.845454095378499915e+02
9.848196878936140592e+02
9.835856440281064579e+02
9.835856440281064579e+02
9.834485048502245945e+02
9.836543179847628835e+02
9.836543179847628835e+02
9.852311054272599904e+02
9.833113656723425038e+02
9.835171788068807928e+02
9.835171788068807928e+02
9.837227832059885486e+02
9.835856440281064579e+02
9.836543179847628835e+02
9.830372960520091965e+02
9.847512226723883941e+02
9.836543179847628835e+02
9.837227832059885486e+02
9.851624314706037921e+02
9.834485048502245945e+02
9.823516001625991976e+02
9.844769443166242127e+02
9.851624314706037921e+02
9.833800396289988157e+02
9.833800396289988157e+02
9.826943437395887031e+02
9.821459957634914417e+02
9.835856440281064579e+02
9.836543179847628835e+02
9.831744352298910599e+02
9.834485048502245945e+02
9.837912484272142137e+02
9.835171788068807928e+02
9.825574132971374866e+02
9.836543179847628835e+02
9.833800396289988157e+02
9.836543179847628835e+02
9.840655267829783952e+02
9.832429004511168387e+02
9.835856440281064579e+02
9.818717174077274876e+02
9.833800396289988157e+02
9.837227832059885486e+02
9.833800396289988157e+02
9.839283876050963045e+02
9.836543179847628835e+02
9.834485048502245945e+02
9.837227832059885486e+02
9.835856440281064579e+02
9.835171788068807928e+02
9.848881531148396107e+02
9.853682446051419674e+02
9.846140834945063034e+02
9.850252922927217014e+02
9.838599223838706394e+02
9.850939662493780133e+02
9.848196878936140592e+02
9.849568270714960363e+02
9.850252922927217014e+02
9.862593361582293028e+02
9.850252922927217014e+02
9.846825487157319685e+02
9.840655267829783952e+02
9.857794534033573655e+02
9.859850578024651213e+02
9.859850578024651213e+02
9.859165925812394562e+02
9.872191016679726090e+02
9.860537317591215469e+02
9.863964753361111661e+02
9.864651492927673644e+02
9.863964753361111661e+02
9.859165925812394562e+02
9.852311054272599904e+02
9.859850578024651213e+02
9.860537317591215469e+02
9.862593361582293028e+02
9.856423142254755021e+02
9.871506364467469439e+02
9.873562408458546997e+02
9.859850578024651213e+02
9.864651492927673644e+02
9.861221969803472120e+02
9.871506364467469439e+02
9.873562408458546997e+02
9.863280101148855010e+02
9.872877756246288072e+02
9.872191016679726090e+02
9.849568270714960363e+02
9.887958891104697159e+02
9.872877756246288072e+02
9.874249148025108980e+02
9.874249148025108980e+02
9.872191016679726090e+02
9.885902847113620737e+02
9.863280101148855010e+02
9.876305192016186538e+02
9.885218194901364086e+02
9.884531455334799830e+02
9.883160063555981196e+02
9.885902847113620737e+02
9.885218194901364086e+02
9.886589586680182720e+02
9.881104019564903638e+02
9.881788671777160289e+02
9.875620539803928750e+02
9.884531455334799830e+02
9.890017022450081186e+02
9.885218194901364086e+02
9.872191016679726090e+02
9.898927937980952265e+02
9.900299329759773173e+02
9.898243285768695614e+02
9.885902847113620737e+02
9.890701674662336700e+02
9.883846803122543179e+02
9.885902847113620737e+02
9.886589586680182720e+02
9.888645630671260278e+02
9.886589586680182720e+02
9.884531455334799830e+02
9.898927937980952265e+02
9.901670721538591806e+02
9.886589586680182720e+02
9.896187241777618055e+02
9.883846803122543179e+02
9.886589586680182720e+02
9.885902847113620737e+02
9.897558633556436689e+02
9.876305192016186538e+02
9.896871893989874707e+02
9.886589586680182720e+02
9.885902847113620737e+02
9.887958891104697159e+02
9.885902847113620737e+02
9.885218194901364086e+02
9.900299329759773173e+02
9.890017022450081186e+02
9.883846803122543179e+02
9.884531455334799830e+02
9.873562408458546997e+02
9.885218194901364086e+02
9.885902847113620737e+02
9.885218194901364086e+02
9.884531455334799830e+02
9.886589586680182720e+02
9.886589586680182720e+02
9.888645630671260278e+02
9.886589586680182720e+02
9.885902847113620737e+02
9.885218194901364086e+02
9.874933800237365631e+02
9.872877756246288072e+02
9.869450320476393017e+02
9.872877756246288072e+02
9.870134972688648531e+02
9.872877756246288072e+02
9.880419367352646987e+02
9.872191016679726090e+02
9.875620539803928750e+02
9.874933800237365631e+02
9.883846803122543179e+02
9.874933800237365631e+02
9.872191016679726090e+02
9.886589586680182720e+02
9.872877756246288072e+02
9.865336145139932569e+02
9.872191016679726090e+02
9.873562408458546997e+02
9.876989844228443189e+02
9.870819624900905183e+02
9.860537317591215469e+02
9.872191016679726090e+02
9.861908709370034103e+02
9.863280101148855010e+02
9.860537317591215469e+02
9.859165925812394562e+02
9.869450320476393017e+02
9.861221969803472120e+02
9.860537317591215469e+02
9.860537317591215469e+02
9.858481273600137911e+02
9.858481273600137911e+02
9.872191016679726090e+02
9.862593361582293028e+02
9.862593361582293028e+02
9.861908709370034103e+02
9.859850578024651213e+02
9.871506364467469439e+02
9.873562408458546997e+02
9.860537317591215469e+02
9.859850578024651213e+02
9.850252922927217014e+02
9.846140834945063034e+02
9.859850578024651213e+02
9.860537317591215469e+02
9.861908709370034103e+02
9.859850578024651213e+02
9.858481273600137911e+02
9.863280101148855010e+02
9.850939662493780133e+02
9.848196878936140592e+02
9.859165925812394562e+02
9.850939662493780133e+02
9.850252922927217014e+02
9.859850578024651213e+02
9.860537317591215469e+02
9.848881531148396107e+02
9.848196878936140592e+02
9.848196878936140592e+02
9.850252922927217014e+02
9.852311054272599904e+02
9.835856440281064579e+02
9.833113656723425038e+02
9.848881531148396107e+02
9.837227832059885486e+02
9.849568270714960363e+02
9.848196878936140592e+02
9.836543179847628835e+02
9.836543179847628835e+02
9.836543179847628835e+02
9.836543179847628835e+02
9.834485048502245945e+02
9.833113656723425038e+02
9.835171788068807928e+02
9.827630176962452424e+02
9.838599223838706394e+02
9.836543179847628835e+02
9.845454095378499915e+02
9.837227832059885486e+02
9.824887393404810609e+02
9.823516001625991976e+02
9.822144609847171068e+02
9.817345782298453969e+02
9.819403913643836859e+02
9.824202741192553958e+02
9.835171788068807928e+02
9.826943437395887031e+02
9.822144609847171068e+02
9.822144609847171068e+02
9.822831349413733051e+02
9.824202741192553958e+02
9.822144609847171068e+02
9.822831349413733051e+02
9.798835124315843359e+02
9.821459957634914417e+02
9.824887393404810609e+02
9.824202741192553958e+02
9.810490910758659311e+02
9.809806258546401523e+02
9.810490910758659311e+02
9.805005343643379092e+02
9.813918346528555503e+02
9.809806258546401523e+02
9.810490910758659311e+02
9.791295600563790913e+02
9.810490910758659311e+02
9.809806258546401523e+02
9.798150472103584434e+02
9.795407688545944893e+02
9.809806258546401523e+02
9.810490910758659311e+02
9.812546954749736869e+02
9.813918346528555503e+02
9.811175562970915962e+02
9.808434866767582889e+02
9.812546954749736869e+02
9.813233694316299989e+02
9.804320691431122441e+02
9.798150472103584434e+02
9.800206516094661993e+02
9.822144609847171068e+02
9.802949299652301534e+02
9.811862302537479081e+02
9.814605086095119759e+02
9.824887393404810609e+02
9.811862302537479081e+02
9.825574132971374866e+02
9.810490910758659311e+02
9.811862302537479081e+02
9.822831349413733051e+02
9.820775305422655492e+02
9.822144609847171068e+02
9.822144609847171068e+02
9.826943437395887031e+02
9.822144609847171068e+02
9.822831349413733051e+02
9.824887393404810609e+02
9.824202741192553958e+02
9.826258785183631517e+02
9.825574132971374866e+02
9.822831349413733051e+02
9.837227832059885486e+02
9.834485048502245945e+02
9.835171788068807928e+02
9.837227832059885486e+02
9.832429004511168387e+02
9.833800396289988157e+02
9.834485048502245945e+02
9.848196878936140592e+02
9.851624314706037921e+02
9.850252922927217014e+02
9.847512226723883941e+02
9.848881531148396107e+02
9.863280101148855010e+02
9.861221969803472120e+02
9.848196878936140592e+02
9.837912484272142137e+02
9.845454095378499915e+02
9.859165925812394562e+02
9.861221969803472120e+02
9.844082703599680144e+02
9.859850578024651213e+02
9.858481273600137911e+02
9.860537317591215469e+02
9.864651492927673644e+02
9.861221969803472120e+02
9.857109881821317003e+02
9.861908709370034103e+02
9.857794534033573655e+02
9.873562408458546997e+02
9.860537317591215469e+02
9.852995706484856555e+02
9.871506364467469439e+02
9.859850578024651213e+02
9.860537317591215469e+02
9.854367098263677462e+02
9.857794534033573655e+02
9.872191016679726090e+02
9.872877756246288072e+02
9.876305192016186538e+02
9.873562408458546997e+02
9.859850578024651213e+02
9.878361236007264097e+02
9.871506364467469439e+02
