1.878327564009271353e-02
3.313568734463761406e-02
4.615862246846035022e-02
5.875661603255041832e-02
7.143785029892965599e-02
8.287687164383533700e-02
9.484428017859526661e-02
1.073254516965272132e-01
1.207800612770729837e-01
1.327239348382571460e-01
1.429856697860092396e-01
1.537600935956056902e-01
1.647787375751405825e-01
1.749018054077250972e-01
1.865022541263807454e-01
1.983524370390121749e-01
2.091808571012966356e-01
2.191705956934389132e-01
2.298352569070744311e-01
2.398462300517864021e-01
2.512079462900407290e-01
2.599898198178777209e-01
2.719459339740629145e-01
2.820693106612659484e-01
2.883638323847392826e-01
3.004538545350616263e-01
3.126692731409858039e-01
3.212839242775784032e-01
3.302852662946669238e-01
3.413529853080990439e-01
3.514396452146125172e-01
3.589383134795666175e-01
3.677894698876503776e-01
3.788096939220020887e-01
3.867035051496234832e-01
3.934877367096124012e-01
4.033084101092060947e-01
4.141593855190052187e-01
4.212856631343273595e-01
4.299109061787654285e-01
4.377375552808159265e-01
4.455819162262970590e-01
4.557203956291448477e-01
4.637589404320072162e-01
4.729670903100929857e-01
4.808134282196772635e-01
4.876085699556573783e-01
4.947826152683105216e-01
5.009040575363140624e-01
5.083967680912758746e-01
5.153409951152699842e-01
5.218101455549678525e-01
5.274775786295139435e-01
5.324060917987796238e-01
5.375618877980016252e-01
5.434753399012032249e-01
5.510816212787141843e-01
5.583084135449897234e-01
5.645650122839912521e-01
5.700424811017033022e-01
5.725650029013552578e-01
5.775234669830391354e-01
5.823975738569591165e-01
5.895463606952516811e-01
5.949814155037197461e-01
6.008809251039656241e-01
6.035705579498471529e-01
6.073455218699710390e-01
6.127923984994302353e-01
6.173468822193174388e-01
6.224284028658402246e-01
6.261863053487020103e-01
6.316438835203026514e-01
6.351366537074307761e-01
6.387123853140136420e-01
6.417220505740297565e-01
6.450603790740044863e-01
6.487380948432751593e-01
6.533441781624488298e-01
6.575151609853010504e-01
6.606800565950139426e-01
6.633417713019602591e-01
6.653129809940847572e-01
6.688463073941637305e-01
6.737384079159987049e-01
6.761577909139081521e-01
6.783165463113454141e-01
6.808422033186988243e-01
6.817621171615401154e-01
6.827248657107266583e-01
6.840993358528361101e-01
6.848002883489039405e-01
6.865817810513853425e-01
6.879248556376739154e-01
6.892812582859926263e-01
6.899476452320735254e-01
6.909253954870085979e-01
6.925432974715719503e-01
6.941252864533906664e-01
6.949322303218550267e-01
6.953006178654408398e-01
6.959461948453723457e-01
6.968121849991953942e-01
6.970874518496863459e-01
6.970423693752288985e-01
6.970088196453995133e-01
6.974279210389411343e-01
6.968316089925608026e-01
6.982314054553353522e-01
6.985367269733541162e-01
6.988461962987038145e-01
6.984670632076277474e-01
6.984778419598924870e-01
6.983900358237720152e-01
6.982405857159327267e-01
6.984390273135414606e-01
6.981559118515965334e-01
6.981739821685344349e-01
6.983165730436856622e-01
6.982369507921064589e-01
6.985573366249261396e-01
6.983078985443458286e-01
6.983240926655142067e-01
6.983404894638062244e-01
6.983230227244209276e-01
6.986180713072488446e-01
6.985987315605691750e-01
6.986972896732754901e-01
6.979618370878507561e-01
6.976815406037235601e-01
6.973715263546312881e-01
6.966851756196977830e-01
6.965066013213965235e-01
6.967291651934414132e-01
6.958906953741735846e-01
6.930600250654705974e-01
6.918467987346381687e-01
6.899845316573350873e-01
6.876090601038721273e-01
6.876023383000411382e-01
6.841189695022439343e-01
6.829628605276576447e-01
6.817931288027309078e-01
6.790937742481535366e-01
6.771097706394478832e-01
6.759468669263070106e-01
6.733068041286968120e-01
6.722069145716451644e-01
6.718350040557515834e-01
6.709838764010487289e-01
6.685087671449234659e-01
6.646991793719189134e-01
6.634070333621486792e-01
6.624268722037844892e-01
6.598349358151720523e-01
6.567868702460377683e-01
6.563377196983029016e-01
6.534357375560143621e-01
6.508752019552119794e-01
6.467058050918581547e-01
6.456237997945107887e-01
6.418634439886784504e-01
6.393544172857499319e-01
6.363062974996533949e-01
6.334479857487960164e-01
6.289235889151596481e-01
6.265186235310432616e-01
6.230046734673858611e-01
6.204637745969660001e-01
6.176997974494105037e-01
6.154680956843341377e-01
6.120585615568555626e-01
6.106325970073063214e-01
6.071051622836474149e-01
6.027668691113940991e-01
6.017718851505798883e-01
5.964758869250675888e-01
5.897528559529082726e-01
5.908597684067712352e-01
5.871170465405898264e-01
5.840383514378456598e-01
5.792437279291591246e-01
5.762262522358986283e-01
5.724908889248859767e-01
5.702026692018944409e-01
5.669403228218365953e-01
5.611303754982197578e-01
5.600674363805512312e-01
5.558550338549812508e-01
5.524956203108475350e-01
5.485882239256619775e-01
5.467848864484512461e-01
5.434855430852197911e-01
5.396539376015511147e-01
5.360970475821705827e-01
5.329534175843335664e-01
5.302654785664812076e-01
5.263763660730429450e-01
5.225470657276518605e-01
5.190016315792560508e-01
5.162762106956390040e-01
5.128581314857839635e-01
5.106419579037685397e-01
5.070983558878698894e-01
5.038178881139472320e-01
5.014068429192388709e-01
4.964961109336661349e-01
4.938567256819609286e-01
4.916666180132118202e-01
4.885139327319528713e-01
4.845088718809030803e-01
4.822462250757343916e-01
4.787193262192780407e-01
4.768593572325322549e-01
4.732045165106718576e-01
4.709675262037100740e-01
4.681140001631781677e-01
4.628239202443559241e-01
4.628238545057256070e-01
4.595778661349712024e-01
4.584577102665236548e-01
4.544989825929313665e-01
4.524655933506961936e-01
4.501499567473296604e-01
4.479205727935995918e-01
4.450970404816618764e-01
4.422301475050395836e-01
4.406723175785781654e-01
4.373190898326641540e-01
4.321048317098477587e-01
4.334051639603395678e-01
4.316618750013477834e-01
4.282617479122838855e-01
4.266744402913432155e-01
4.253439286809609365e-01
4.223573190694490109e-01
4.205703901773565345e-01
4.181271075180039154e-01
4.170103094237721519e-01
4.142531306237058342e-01
4.087811210975113574e-01
4.115072686561153659e-01
4.100714837991563111e-01
4.040627174441650538e-01
4.058509470453169898e-01
4.047786703943065945e-01
4.024093107949152648e-01
4.017489370133471294e-01
3.955851009302373544e-01
3.982880041707592134e-01
3.975598816590580897e-01
3.959389632331259956e-01
3.919822462608436586e-01
3.931454267486615972e-01
3.925341497857872675e-01
3.899988563366792449e-01
3.896934208439503111e-01
3.889732712721043484e-01
3.885560309752443264e-01
3.830171274612680365e-01
3.864607818015814433e-01
3.821594565302204316e-01
3.815822871696267216e-01
3.832746448148606211e-01
3.833816954358149620e-01
3.827304908056471389e-01
3.812010139063006231e-01
3.753317435102148658e-01
3.778265565360341971e-01
3.803705640788996312e-01
3.798126086146418889e-01
3.792728449767129861e-01
3.757163492974707197e-01
3.786413566079280257e-01
3.784753785404522675e-01
3.780805853329338717e-01
3.780578700089812783e-01
3.790400673676339593e-01
3.754054663645859935e-01
3.786019156016061649e-01
3.757591403398792829e-01
3.780102636624110835e-01
3.756852651288538070e-01
3.728623134400614880e-01
3.790501538583654351e-01
3.781990189770300104e-01
3.792858696493063286e-01
3.797408744895359178e-01
3.799873593867693078e-01
3.801404234906033408e-01
3.810344799473943667e-01
3.773638187214768402e-01
3.790223636860384770e-01
3.831040370865812505e-01
3.810632752976430559e-01
3.819392910248821105e-01
3.852164536227213332e-01
3.861662849007083675e-01
3.873377313671030886e-01
3.879584766277457963e-01
3.887097177144039351e-01
3.897310897013862019e-01
3.899953195212797485e-01
3.916151682637160070e-01
3.934662811004422389e-01
3.917341018425586907e-01
3.958275222612899213e-01
3.931418973735436584e-01
3.975695968032793015e-01
3.988763478498416060e-01
3.973761987344556212e-01
4.022798221995438350e-01
4.036850267116899871e-01
4.022980850781309181e-01
4.029984615120653646e-01
4.080694764961706467e-01
4.085331822280240388e-01
4.101030180353225640e-01
4.091801802041098446e-01
4.126005696078840490e-01
4.119562703317135588e-01
4.161668039249252216e-01
4.152272193404007439e-01
4.168175227681996109e-01
4.180820135551495675e-01
4.219575415623815773e-01
4.249641646361628222e-01
4.253939038665757177e-01
4.276040051864074543e-01
4.292867660066535529e-01
4.308002672066085781e-01
4.325182558839079094e-01
4.343768264933786649e-01
4.363496567140353610e-01
4.381097861238384406e-01
4.392831751122013850e-01
4.403603622239504189e-01
4.423633873294344765e-01
4.441120669646665964e-01
4.460003198614113651e-01
4.470580363376677746e-01
4.492127378305709740e-01
4.513240370649981292e-01
4.524090001331035338e-01
4.507461906595778278e-01
4.558150625961875924e-01
4.573757874003447910e-01
4.587333610603233636e-01
4.605310398337221778e-01
4.623450888502644296e-01
4.651682708939280930e-01
4.660983579737367766e-01
4.671159909133197896e-01
4.688397148700670369e-01
4.699889873239913585e-01
4.717121086804413888e-01
4.703789042002265997e-01
4.751135149536485636e-01
4.764243212997331667e-01
4.786017158966351381e-01
4.810006153094433801e-01
4.816057449454689832e-01
4.833901401300799705e-01
4.846013512326440287e-01
4.853143290017307154e-01
4.875638480618740833e-01
4.899769785037629832e-01
4.905761032774247909e-01
4.919370462303296887e-01
4.938566267943716448e-01
4.955153330949860213e-01
4.967905915062345024e-01
4.969914289984492251e-01
4.995735762216498288e-01
4.987816608981783251e-01
5.018768927359414933e-01
5.032183375849289542e-01
5.046450524136778526e-01
5.052560093239879535e-01
5.066449679912182757e-01
5.077437481875795022e-01
5.086168104292330128e-01
5.093550684625237635e-01
5.100522825270994431e-01
5.110136954120779729e-01
5.125625605142158925e-01
5.138714049567415509e-01
5.138077889258466646e-01
5.151501490166238151e-01
5.163946940978054734e-01
5.177624926619158741e-01
5.189996557061228311e-01
5.201592997574447930e-01
5.201352160361508714e-01
5.217160371760053428e-01
5.223563394431084417e-01
5.232420131271210417e-01
5.240188163894903273e-01
5.245019167035500640e-01
5.248807350170183739e-01
5.260046376658030765e-01
5.262996724587184483e-01
5.271573381841203609e-01
5.274148191284094844e-01
5.282995628225257700e-01
5.296379475401747916e-01
5.291315339426673203e-01
5.296678082379197017e-01
5.303311407315515202e-01
5.307571167580477089e-01
5.317792312127093135e-01
5.326257129799125689e-01
5.327488477749655615e-01
5.335381459856551878e-01
5.333630503705550918e-01
5.357288297249698239e-01
5.390905702748095552e-01
5.353256791743347121e-01
5.353554893058222186e-01
5.353948388014410087e-01
5.485521613554266152e-01
5.349375862863420261e-01
5.353612052733301985e-01
5.357929022061711510e-01
5.342128726097918889e-01
5.348245646001311693e-01
5.346498484034512000e-01
5.347955057977049620e-01
5.346705044033823739e-01
5.344887560178092079e-01
5.344323840925311320e-01
5.339838467016361223e-01
5.346260238405177168e-01
5.339759488951913990e-01
5.338458226560411912e-01
5.340687311417225969e-01
5.332437267700049777e-01
5.334054354689677924e-01
5.331166208823486796e-01
5.325267864458377298e-01
5.330616984672847947e-01
5.316356621811266780e-01
5.319025503251808562e-01
5.305949858861077617e-01
5.312693956649793270e-01
5.294465909435196460e-01
5.286410803493887256e-01
5.296086747743876666e-01
5.271861965765516356e-01
5.263308491043102721e-01
5.253161687682119663e-01
5.234952846075282551e-01
5.233979905201315841e-01
5.225523721953949652e-01
5.217113161430426693e-01
5.205657663101841415e-01
5.189916959148870301e-01
5.180788837143911474e-01
5.168613374960107087e-01
5.148921965427324388e-01
5.140559012267557071e-01
5.123718626392937958e-01
5.119958406009045282e-01
5.103616600235625356e-01
5.095336262743651590e-01
5.076021723340955472e-01
5.059941272296005765e-01
5.039926285275587725e-01
5.025471945781623262e-01
5.016729060315107125e-01
5.005334037346121923e-01
4.985638395909962606e-01
4.976185695688716826e-01
4.946974918009770517e-01
4.937980992804675284e-01
4.928455723075869099e-01
4.908999862688192550e-01
4.902346742500959254e-01
4.885625197505372719e-01
4.860197171338814792e-01
4.850434705521796674e-01
4.833541185645908178e-01
4.815355853875740721e-01
4.808808975452353307e-01
4.791128302500728964e-01
4.774139028151518360e-01
4.766844085952005039e-01
4.744375116635526357e-01
4.732792640310391485e-01
4.713700205861038328e-01
4.701684525316490726e-01
4.689611294369499528e-01
4.680477749820633471e-01
4.663547081679864093e-01
4.652709476304577318e-01
4.637666262234544923e-01
4.616331684410919234e-01
4.611538388679988776e-01
4.597993035535525297e-01
4.579351226099693806e-01
4.570221307967265445e-01
4.559501425922836138e-01
4.541963024167542939e-01
4.489533902836286283e-01
4.526392520334400205e-01
4.500439852475615621e-01
4.502148480341106596e-01
4.485365672513234037e-01
4.480600423523729559e-01
4.461578814784947777e-01
4.458771750507821707e-01
4.447241579624935937e-01
4.433654233780424669e-01
4.424734404184574310e-01
4.413806994182925547e-01
4.408149214730242016e-01
4.396447389947092388e-01
4.392327315217148809e-01
4.384504618625725825e-01
4.369176533306550203e-01
4.363412231529915086e-01
4.353973635598252234e-01
4.345306689858250970e-01
4.340896548849265679e-01
4.326150536454881901e-01
4.327159719182140374e-01
4.287471224393660241e-01
4.311754073293515566e-01
4.298873502368044663e-01
4.295692898645671054e-01
4.288194269683091586e-01
4.293356066789895675e-01
4.282285801770383538e-01
4.274490464295123138e-01
4.276472954953521310e-01
4.265076442316499405e-01
4.264530779119962700e-01
4.262431807938848460e-01
4.259477889547563789e-01
4.262613396259495313e-01
4.257343913766606369e-01
4.252077552102082603e-01
4.253104084527981610e-01
4.247380465668021965e-01
4.252754390024832687e-01
4.250318420357022675e-01
4.248511641716403719e-01
4.246866416173769587e-01
4.247349821534361358e-01
4.244507711267159755e-01
4.245203879315735396e-01
4.248273284152186968e-01
4.252102567046905368e-01
4.255806820966079873e-01
4.253597633602300698e-01
4.257376161333140674e-01
4.257517889936687783e-01
4.265605833293896754e-01
4.260862763185110924e-01
4.266254921069533856e-01
4.278844469789409577e-01
4.279689054629677858e-01
4.282158883023434170e-01
4.281134199222065284e-01
4.291055819424252071e-01
4.296439900005890045e-01
4.304279477161093159e-01
4.310531828654128317e-01
4.315315170308934856e-01
4.320262904424351236e-01
4.324511559390464832e-01
4.324970971529178976e-01
4.341800563341858266e-01
4.343391308359698111e-01
4.355584755466551661e-01
4.368584962105062086e-01
4.367116994480050307e-01
4.376280206615070223e-01
4.384712968419537393e-01
4.397685758308373938e-01
4.406213318394114897e-01
4.410467325775356828e-01
4.423227512424860453e-01
4.433209020541936107e-01
4.438989913116448971e-01
4.445162802271827029e-01
4.458060634918560861e-01
4.463158640247085751e-01
4.476276182943109139e-01
4.487563856425513809e-01
4.493271206098660153e-01
4.501021468057819219e-01
4.517015758386255797e-01
4.527004726028976411e-01
4.536735174266045001e-01
4.544453476560614269e-01
4.557107558996165153e-01
4.567092102214048155e-01
4.576555322918151036e-01
4.591622882547501949e-01
4.599278126837355041e-01
4.614145834520489431e-01
4.618880151915372156e-01
4.633518480246409110e-01
4.638438659037915079e-01
4.658329540677930702e-01
4.666861817189236761e-01
4.672529534943407059e-01
4.687388633805937288e-01
4.692719016236379659e-01
4.705689665896155005e-01
4.723747649580526953e-01
4.729026423435530591e-01
4.743847269015877277e-01
4.755954451021112694e-01
4.766265097976662979e-01
4.782273096564899073e-01
4.799056101147540776e-01
4.801346953409612595e-01
4.809637975736028026e-01
4.827834049245732784e-01
4.836955338474302479e-01
4.854103702480304094e-01
4.867106695346298806e-01
4.876957456283059766e-01
4.885608377950864112e-01
4.900873243545030844e-01
4.903848810109509015e-01
4.919007696133853580e-01
4.922744164820423429e-01
4.936584574806582304e-01
4.948691943689968453e-01
4.956219175155026635e-01
4.964899429153417643e-01
4.975526256282808424e-01
4.990974477786221941e-01
4.997789717450229485e-01
5.010062235419479038e-01
5.015873221188036357e-01
5.021029106018618515e-01
5.024039536082872681e-01
5.025968345737023002e-01
5.040253942287943323e-01
4.806572058457074248e-01
4.674476495130600595e-01
5.164694486943172125e-01
3.828600890995761952e-01
5.103224979313498721e-01
5.276436152098478161e-01
5.116506847400716929e-01
5.132526186334380736e-01
5.057394365843548290e-01
5.090125683209059115e-01
5.073823180274412703e-01
5.009788792545507574e-01
5.034704684250835838e-01
5.039542344786730466e-01
5.073137738338135971e-01
5.043928721684219907e-01
5.220341600427673701e-01
5.219652990990407693e-01
5.218822008919150601e-01
5.226036230537215443e-01
5.229246924843388156e-01
5.234129124592695748e-01
5.236262833502639547e-01
5.240741013882536103e-01
5.239091851307183800e-01
5.249736004570070280e-01
5.253233782515579486e-01
5.253242850564291411e-01
5.256576483333437189e-01
5.253085404254567159e-01
5.255738653725506859e-01
5.257731409552335311e-01
5.257193558031366676e-01
5.257926108656695297e-01
5.262722674842383874e-01
5.263290811954652870e-01
5.261386340529582428e-01
5.260290145884660706e-01
5.259321788180758572e-01
5.262496105124110368e-01
5.263433846757356038e-01
5.264243908129450089e-01
5.260500913220617081e-01
5.263869011275866816e-01
5.262711849710677292e-01
5.265208083560121155e-01
5.261045035217069010e-01
5.263631975946497787e-01
5.262138602404340393e-01
5.260667169320050185e-01
5.263561546250359324e-01
5.264286746780219017e-01
5.260414970539681878e-01
5.259237607192633890e-01
5.260855703946432094e-01
5.260871455679861919e-01
5.261749452392646687e-01
5.263308469587624217e-01
5.258702432064242815e-01
5.259422250649485875e-01
5.257657999562886930e-01
5.258080672991661819e-01
5.258740127116835472e-01
5.260626006380465514e-01
5.263105979281463842e-01
5.263991940934154012e-01
5.256713606720715415e-01
5.258770881233783001e-01
5.254450209829862883e-01
5.255588260023258407e-01
5.256876462383429649e-01
5.260173506647469743e-01
5.254038365137934097e-01
5.257828299636884140e-01
5.252521200584402417e-01
5.253742982084094182e-01
5.255660402535299314e-01
5.253068463016473677e-01
5.251425229827989538e-01
5.253624732629704752e-01
5.249557763766707907e-01
5.250048996296208248e-01
5.251750961387264827e-01
5.251793386553735843e-01
5.249121730236495642e-01
5.249491091500946283e-01
5.241667603776011264e-01
5.246023344245460684e-01
5.242450228216199992e-01
5.235113835296109075e-01
5.226101558198338326e-01
5.240667174174622467e-01
5.230430239300909445e-01
5.226476479904498262e-01
5.218422916045361015e-01
5.207750239840989170e-01
5.206515926869272892e-01
5.206121540366028810e-01
5.200066849429608729e-01
5.182611751371732911e-01
5.182937116543809841e-01
5.182332269435544481e-01
5.169336735354745915e-01
5.170909796073175357e-01
5.158982801014589947e-01
5.151056474895321369e-01
5.128972206759823127e-01
5.133511662144664145e-01
5.126224914442658598e-01
5.127434006439735015e-01
5.106434675059026151e-01
5.103333842854974600e-01
5.087836588428449325e-01
5.086967600821596935e-01
5.077176537706016290e-01
5.074940135752332715e-01
5.059259418766259842e-01
5.051849499045178993e-01
5.032130367212609423e-01
5.032551227603277999e-01
5.024874397186196440e-01
5.014173729463371476e-01
5.005083843562476709e-01
4.997741688350555989e-01
4.986446978930959562e-01
4.977255281471221204e-01
4.964580598947621604e-01
4.962699979462265598e-01
4.952196311503546111e-01
4.946550536583758095e-01
4.941933624507527933e-01
4.917473897638305891e-01
4.920960682461410496e-01
4.906068117222704417e-01
4.890599082166233735e-01
4.889500441650764251e-01
4.878047478350518440e-01
4.880398507943825015e-01
4.863601132321342391e-01
4.863344167261241524e-01
4.835030286597479798e-01
4.830744465648734720e-01
4.824669668126492228e-01
4.807809215847612672e-01
4.805244042570415708e-01
4.805834447360493034e-01
4.795908477759676658e-01
4.787316110342727526e-01
4.782648185113964057e-01
4.761684126707750320e-01
4.756720810178205472e-01
4.749167649673775582e-01
4.743442781748178905e-01
4.702218320704514287e-01
4.728868264904583230e-01
4.719442298340792430e-01
4.714994355936896753e-01
4.705743303669595590e-01
4.698509294834034011e-01
4.694102416724770799e-01
4.683332325864039136e-01
4.680710449641620752e-01
4.683674069488458214e-01
4.670015304334318440e-01
4.664640889861446649e-01
4.651901984611355179e-01
4.650405343907251243e-01
4.645918200108301033e-01
4.636819232619909803e-01
4.632821111278783155e-01
4.630626319190421780e-01
4.628513893358693343e-01
4.620016356772056465e-01
4.615299446482253876e-01
4.605991880110517633e-01
4.601945873408499477e-01
4.595646096939892122e-01
4.596416307452459438e-01
4.593789056887762623e-01
4.576189927229400989e-01
4.583771400496366999e-01
4.579714717600401053e-01
4.537507410587947043e-01
4.570442128973302709e-01
4.566445398212167772e-01
4.564162158782419376e-01
4.565811232918086104e-01
4.554524276861400267e-01
4.552041605190292328e-01
4.546112118168120220e-01
4.551524447070076085e-01
4.554836338977539811e-01
4.550060160184288272e-01
4.540961225788460731e-01
4.513850862566981537e-01
4.533729273188585318e-01
4.534549554356439582e-01
4.530934020559288511e-01
4.527541116118710129e-01
4.528774806151356080e-01
4.526022583846961989e-01
4.522682967534130127e-01
4.519881991991964165e-01
4.491282897646605710e-01
4.486253443361957194e-01
4.518174027479601174e-01
4.518957944855044317e-01
4.516324767165756371e-01
4.513970620317835913e-01
4.508459511979871492e-01
4.514044626744129207e-01
4.509996111321729062e-01
4.479855576671304407e-01
4.509777570744033515e-01
4.507788838127915199e-01
4.504688556201694172e-01
4.504773031626226332e-01
4.502542495775171405e-01
4.506686991716586932e-01
4.505087779944044746e-01
4.497960386195460347e-01
4.493946348547863678e-01
4.498697631798574958e-01
4.497588348504953371e-01
4.493183191971903967e-01
4.491500404195957197e-01
4.493227301707942156e-01
4.487458137427993710e-01
4.489054513256640067e-01
4.487448001057340874e-01
4.485733193508869565e-01
4.480945495307057103e-01
4.484010675189634143e-01
4.473985295995437927e-01
4.481302866597857149e-01
4.474698078119935252e-01
4.468605384177673501e-01
4.474207299191876319e-01
4.470330849317852295e-01
4.468457846701224256e-01
4.470327010382422750e-01
4.470404884407308543e-01
4.469228220578350674e-01
4.467730508499535569e-01
4.461934880788456237e-01
4.467457303696985571e-01
4.463576985221853755e-01
4.462528514977039951e-01
4.462117251610059343e-01
4.461966971711625041e-01
4.455052968760950249e-01
4.454278470023647629e-01
4.457502634869975888e-01
4.454805153348558311e-01
4.453371526624132493e-01
4.456461843712445914e-01
4.415787124734303903e-01
4.443709057633457582e-01
4.448856954485102544e-01
4.449628809308698862e-01
4.416928202917769775e-01
4.414308744649996230e-01
4.440972104128473874e-01
4.439985615885621018e-01
4.437166999698253234e-01
4.438029772416265395e-01
4.440914668610619342e-01
4.436509638182971615e-01
4.410458112782251194e-01
4.440772480689394452e-01
4.440189936304438922e-01
4.439051898598043167e-01
4.440189936304438922e-01
4.443993498488953420e-01
4.410608539756850077e-01
4.441963315250346267e-01
4.439553353012975490e-01
4.442563670825163680e-01
4.442762121335889769e-01
4.439440595880752571e-01
4.439041880675528295e-01
4.437692969714860380e-01
4.444894885787039618e-01
4.443094636310690460e-01
4.446826706385525463e-01
4.441702561151942841e-01
4.441612176506321008e-01
4.443514023146845626e-01
4.445601947611652061e-01
4.448475616724042458e-01
4.453463427872749736e-01
4.459573496862531683e-01
4.453353415092990431e-01
4.459057427560051967e-01
4.461100547902547286e-01
4.460316545371146857e-01
4.466569683015855774e-01
4.463352389972155554e-01
4.464763507402496057e-01
4.470209433231857044e-01
4.476008973721005146e-01
4.473665963206135965e-01
4.481646735580263607e-01
4.486834147346149826e-01
4.485585752815142713e-01
4.498308837868669197e-01
4.490438248068667759e-01
4.494411906031126058e-01
4.501310646778603486e-01
4.505142136542082953e-01
4.506568091180836455e-01
4.511897552358440922e-01
4.511542942560983760e-01
4.513153979179081454e-01
4.526822933235944979e-01
4.524389502126101581e-01
4.524705914172214571e-01
4.527128347158688726e-01
4.535231487291231378e-01
4.539564857530825615e-01
4.548299023827461207e-01
4.545032977878234459e-01
4.549006641966945041e-01
4.563524334381077741e-01
4.562341629141265509e-01
4.567379636205348148e-01
4.570381209762693908e-01
4.570424625488495041e-01
4.579909257341970297e-01
4.581660326149455953e-01
4.589127070344209414e-01
4.596109969019540054e-01
4.598090281942815993e-01
4.604083349081247722e-01
4.614644407908336521e-01
4.622404371205666163e-01
4.625506246337043881e-01
4.629214964546747302e-01
4.640362187243555758e-01
4.648535388961334003e-01
4.653950177213386774e-01
4.660473968206466089e-01
4.666608148443904813e-01
4.666159507584355937e-01
4.673559213658578515e-01
4.680566430651174059e-01
4.693492736893699613e-01
4.699343381613922399e-01
4.700891212382159456e-01
4.700900950564052549e-01
4.710952328274674583e-01
4.713939490282379463e-01
4.730957847898694113e-01
4.733188273972643856e-01
4.743904062671107646e-01
4.746023162452437383e-01
4.753891259861409702e-01
4.760960563499047060e-01
4.766797723879753201e-01
4.766540902898473986e-01
4.784057439840186943e-01
4.784014727885431695e-01
4.765837337041253230e-01
4.800075123576178493e-01
4.806322202708970814e-01
4.805807476725449945e-01
4.806891818137150607e-01
4.811628410978826542e-01
4.821758215981370443e-01
4.815578373358921360e-01
4.788249874304925657e-01
4.817405005566383069e-01
4.481542814208030467e-01
3.908634530214533109e-01
4.838289397002046299e-01
4.843302616201712318e-01
4.835461807287456115e-01
3.347930817604541920e-01
3.399096127893611041e-01
3.663907964426307839e-01
4.410803156040720707e-01
5.022644544278123124e-01
1.180877663238405068e-01
3.238057485951765790e-01
2.617709934189955123e-01
5.395598751203529719e-01
4.141279886349464867e-01
4.727450653357956889e-01
4.988043542078728909e-01
4.982185324029983486e-01
4.977143061012824221e-01
4.977348064641142211e-01
4.966285565006693936e-01
4.972784202043421531e-01
4.973017909002775960e-01
4.972203191501088915e-01
4.973529075409985900e-01
4.983493349180411203e-01
4.988640370136900870e-01
4.997004753557209300e-01
5.002673589538607635e-01
5.006181059883130224e-01
5.007717472003848647e-01
5.009305789244654639e-01
5.011724824032071091e-01
5.015075955233162519e-01
5.016357775449578060e-01
5.015194056540017709e-01
5.019646408766449408e-01
5.020565881200856895e-01
5.025870839157083880e-01
5.025870870950197578e-01
5.028080108001808934e-01
5.024995127072127143e-01
5.025281766118477877e-01
5.026473134622466699e-01
5.029948102510053420e-01
5.026945844611843128e-01
5.029591886713201676e-01
5.029816460945278900e-01
5.028551487014037980e-01
5.028533971971562710e-01
5.027799253075536656e-01
5.027950576707703734e-01
5.026366297189053256e-01
5.024047237560168577e-01
5.025830592837851052e-01
5.024319495950864134e-01
5.025585573976434350e-01
5.025508076584491723e-01
5.026241060607007372e-01
5.026975168416818462e-01
5.027390116273460219e-01
5.026087727546322270e-01
5.026477846872590138e-01
5.026104051419150176e-01
5.026477846872590138e-01
5.026598858489449428e-01
5.025527323538345748e-01
5.026087727546322270e-01
5.026122170884215201e-01
5.026477846872590138e-01
5.025749144096642862e-01
5.025749144096642862e-01
5.026359731470699810e-01
5.027571196914845109e-01
5.027994073643349271e-01
5.028902128256440562e-01
5.028203110214967131e-01
5.027499982567756875e-01
5.028977870000517214e-01
5.027015288720023678e-01
5.030470360352411463e-01
5.028321878453236859e-01
5.029094901273649665e-01
5.030221912278268759e-01
5.030239341242422890e-01
5.028535591197135224e-01
5.028347036621151345e-01
5.030641794772384712e-01
5.030444844468322518e-01
5.029416982255190405e-01
5.031477204184454655e-01
5.032166146792963479e-01
5.032028930751019091e-01
5.033002465487638188e-01
5.031083224044868851e-01
5.033218342615579655e-01
5.027888257898086577e-01
5.027016335048810625e-01
5.029533610244799613e-01
5.030684946663103174e-01
5.031675336992136316e-01
5.033479751378229228e-01
5.033713682274922885e-01
5.033733238845458091e-01
5.030352187906868000e-01
5.032455904541289771e-01
5.032154572511144952e-01
5.030776224355913984e-01
5.030916428492219206e-01
5.031120243604434439e-01
5.030842812676059594e-01
5.035517020959743295e-01
5.032724239470013350e-01
5.033128359608448621e-01
5.025881151889403098e-01
5.028463241507418191e-01
5.031998608872093603e-01
5.030701681246730894e-01
5.023338012768295835e-01
5.031278505029569414e-01
5.023957943251559088e-01
5.021723084543053828e-01
5.020687784580682989e-01
5.023327726161395113e-01
5.027678000152124849e-01
5.017601054161111573e-01
5.015562614321126267e-01
5.014862994340519853e-01
5.010134313166777487e-01
5.015099221965162446e-01
5.007561103442343953e-01
5.006557647661910027e-01
5.002610088961418899e-01
5.002188228537549630e-01
4.992059196428798029e-01
4.993601544809525006e-01
4.987933040786991512e-01
4.985705623302498224e-01
4.974850310820217447e-01
4.980097072630289001e-01
4.969578562103272867e-01
4.969348661363425790e-01
4.962265967296617952e-01
4.966922075020763216e-01
4.956107709301463271e-01
4.950408292382105224e-01
4.956045397434737931e-01
4.952708818739026131e-01
4.945393365773518290e-01
4.937465220154276802e-01
4.933046939403605280e-01
4.935645705845272957e-01
4.921907804938986386e-01
4.933165197662375268e-01
4.909830920279606437e-01
4.902857524835765313e-01
4.901448761607281046e-01
4.902667506784915696e-01
4.892430388097821492e-01
4.893800206385081619e-01
4.890334431278680616e-01
4.885489708038832646e-01
4.877735356237219433e-01
4.870017326999136476e-01
4.865243794547869927e-01
4.866532316704216266e-01
4.859906914107711695e-01
4.855421052328405263e-01
4.845358453734809889e-01
4.860365818842448671e-01
4.844960176376439387e-01
4.832897019603931144e-01
4.831711098886387612e-01
4.828925186571967898e-01
4.820945860190334886e-01
4.818024715947160641e-01
4.806702073431263211e-01
4.809580305778282105e-01
4.803333821388146019e-01
4.797862686554570932e-01
4.798486861727507824e-01
4.791097551280579792e-01
4.791989290359880971e-01
4.788277538099903197e-01
4.772560928724198792e-01
4.778321784357587032e-01
4.772337392486553087e-01
4.765080232456823661e-01
4.766383470262491318e-01
4.766601607209801084e-01
4.757750221398138191e-01
4.758135251805841182e-01
4.752937240971448207e-01
4.752796906361153595e-01
4.746311862951818061e-01
4.748913942386547848e-01
4.740152023585122998e-01
4.745702501806013385e-01
4.737196132864896492e-01
4.730379941137294320e-01
4.735193938666649727e-01
4.734858790819215790e-01
4.733453716464847694e-01
4.730478160527661902e-01
4.726264862946911727e-01
4.728002528997906628e-01
4.728379777817762197e-01
4.721576663612351843e-01
4.723282444144454306e-01
4.719934431480808934e-01
4.720115425731095660e-01
4.717401680617120951e-01
4.718022653049009363e-01
4.709662568863623444e-01
4.712556910940031152e-01
4.717599554391603833e-01
4.710710181456783663e-01
4.713626179295887786e-01
4.714967229291101569e-01
4.709336842302702664e-01
4.707010986224090532e-01
4.709011162937264405e-01
4.707654118686837585e-01
4.709697936283359088e-01
4.709662769261057647e-01
4.708219425822457449e-01
4.703614457749459854e-01
4.705168652937407048e-01
4.709093255465648387e-01
4.708370197591712492e-01
4.708076047623164229e-01
4.701933985696201135e-01
4.703548330679182543e-01
4.703517134481012274e-01
4.702252223914855644e-01
4.702880588291238895e-01
4.703718661869038531e-01
4.699616230531803995e-01
4.695902874476975963e-01
4.701308325254591747e-01
4.699208019154177407e-01
4.700262391250599192e-01
4.701223893125321407e-01
4.700424208549309202e-01
4.695939890799897265e-01
4.695079837234720777e-01
4.694981083672288835e-01
4.700802538459198932e-01
4.696755665468321794e-01
4.697774693033232585e-01
4.692389049825241853e-01
4.697456708977354456e-01
4.689511037268923044e-01
4.693570944671608958e-01
4.694394109204359511e-01
4.688564662439972386e-01
4.689142961199053161e-01
4.692461889367569028e-01
4.689829862813937322e-01
4.687844691172360911e-01
4.687439262952021735e-01
4.687553743088775926e-01
4.688504426718054785e-01
4.682975623859281233e-01
4.683812174676456608e-01
4.682980724965820629e-01
4.681011590813416445e-01
4.680670926383421748e-01
4.686469997968036316e-01
4.683112740856812950e-01
4.678743127954059222e-01
4.678443987858627584e-01
4.678160503635157563e-01
4.679658547751950892e-01
4.668417121130436498e-01
4.679451804714551688e-01
4.673569610450755141e-01
4.672680276892346440e-01
4.678388351269499590e-01
4.678720736183815676e-01
4.675883755198110281e-01
4.672064915285347730e-01
4.671688906175625600e-01
4.677729868566080640e-01
4.674300891505496769e-01
4.669654219334357093e-01
4.677854027977871865e-01
4.677098972107778252e-01
4.675219461660392595e-01
4.675841738905651690e-01
4.674900844143471956e-01
4.667049019228038942e-01
4.665963015482896825e-01
4.667404992992923995e-01
4.670548279694243243e-01
4.667962208326779106e-01
4.672541311172381806e-01
4.670055174965227485e-01
4.672554774873317607e-01
4.670548441107273407e-01
4.676136253875085025e-01
4.674896502375133767e-01
4.670432334831314813e-01
4.671517737723273611e-01
4.671633877288329240e-01
4.671924506900818619e-01
4.676803304081914581e-01
4.678491835804042820e-01
4.679394366979788833e-01
4.676068106774546873e-01
4.679839238484125308e-01
4.684033450757772998e-01
4.684056921684346397e-01
4.682840250511113855e-01
4.689802080109126692e-01
4.688735135030998591e-01
4.681075598186107412e-01
4.690087024413280292e-01
4.691291172358046380e-01
4.694509002462977088e-01
4.693429889869768501e-01
4.696865252239809663e-01
4.701666609994467616e-01
4.703199462738201775e-01
4.703753486547888052e-01
4.708889957106319191e-01
4.712910235447490548e-01
4.711397931662593686e-01
4.715532596287650424e-01
4.707311604728150467e-01
4.690879869866443341e-01
4.720563447708302496e-01
4.722418052529444021e-01
4.722627157713250035e-01
4.724320446620645098e-01
4.728198079162894141e-01
4.723137774340912531e-01
4.735519014404877547e-01
4.731792886047662683e-01
4.740183167988630264e-01
4.738144217360633070e-01
4.734087822660278944e-01
4.735371919032472232e-01
4.742024693878935104e-01
4.737312491562389316e-01
4.737342161342746882e-01
4.741483172784192734e-01
4.748910936768339641e-01
4.739692811292024466e-01
4.747323468554495718e-01
4.751347220313631436e-01
4.745689493862829678e-01
4.748672260547860402e-01
4.750701489191642701e-01
4.744672253576116550e-01
4.754449720860382533e-01
4.756862797775747165e-01
4.720196894747800687e-01
4.755640114593361334e-01
4.754838025088680142e-01
4.752496073751557581e-01
4.749426073111680524e-01
4.753106999879418426e-01
4.743509305373959650e-01
4.752162485703311234e-01
4.750080398845420437e-01
4.751949577929978075e-01
4.756122033713084396e-01
4.755516122753954411e-01
4.753669499753129801e-01
4.753716594238493465e-01
4.755255342130495499e-01
4.821027097365880865e-01
4.759128087977186339e-01
4.755792819559905849e-01
4.755147488421306856e-01
4.752765298739659028e-01
4.751929091696076024e-01
4.756462234565942970e-01
4.863280920021978981e-01
4.750252653272966086e-01
4.872385887571180074e-01
4.751046193372258086e-01
4.758100860959856293e-01
4.750825155594156080e-01
4.754480918633871567e-01
4.757690699885225305e-01
4.762597000938473268e-01
4.754716512350746771e-01
4.753917516763691009e-01
4.755796389507070954e-01
4.755140362448282421e-01
4.746940090993144734e-01
4.761986790505028377e-01
4.752555465067125895e-01
4.750439477568400015e-01
4.742613678682864875e-01
4.745857928170543749e-01
4.749522688673946669e-01
4.748838707088163802e-01
4.757483094788446110e-01
4.752000320866662242e-01
4.759875259674939962e-01
4.752575325508991422e-01
4.746634920593310047e-01
4.746641262990669574e-01
4.746586128739589960e-01
4.745284873579848073e-01
4.735159476299926062e-01
4.743662001868835798e-01
4.743359582343075198e-01
4.707272496070459833e-01
4.745466665902726144e-01
4.741973387172029319e-01
4.734699549106672900e-01
4.737572429641919713e-01
4.738869763247221534e-01
4.736457017864662000e-01
4.738862232004274477e-01
4.689560977375129003e-01
4.701080169883963267e-01
4.730718449110069002e-01
4.728122402887590114e-01
4.732738622549526042e-01
4.730295203142125260e-01
4.733884658930603284e-01
4.738953685589091247e-01
4.729775630234167028e-01
4.734801975058601786e-01
4.737679064213491942e-01
4.736652007625291594e-01
4.723240939726844889e-01
4.729940680700353561e-01
4.727368035402821911e-01
4.736756182581607355e-01
4.729047608210497078e-01
4.730202898922624133e-01
4.730945401520300631e-01
4.728604019442926854e-01
4.726292703746873824e-01
4.734813676990684561e-01
4.729179418530076173e-01
4.732378146598760771e-01
4.732408716132333604e-01
4.726029454443120836e-01
4.741232177985294505e-01
4.729915758789812741e-01
4.737619188846599605e-01
4.730141544103264595e-01
4.740538645969095688e-01
4.740838909929846468e-01
4.738439568873007435e-01
4.743103657246970362e-01
4.742273393132039327e-01
4.740194088961761087e-01
4.749362852140279201e-01
4.748276531369773901e-01
4.748535995694260214e-01
4.748526552042594551e-01
4.741487012924646138e-01
4.744933198945109898e-01
4.744582113617253349e-01
4.755403510116580357e-01
4.756613804593187167e-01
4.759212939686042754e-01
4.760722036426591197e-01
4.755204747081358541e-01
4.763006939512366422e-01
4.763346845103839100e-01
4.760998982690510251e-01
4.761634349204565964e-01
4.763200977537204173e-01
4.758520023420569900e-01
4.758060187986066225e-01
4.762336570586027662e-01
4.766892880583367686e-01
4.768210786694611070e-01
4.761568924682814674e-01
4.763715573616429388e-01
4.761607482192141694e-01
4.764625176029372300e-01
4.767620159540782998e-01
4.768420718864619934e-01
4.761209840259403303e-01
4.764987391322024202e-01
4.763855762213724532e-01
4.768687062032427870e-01
4.775041110122202892e-01
4.779385790388864796e-01
4.790060597525146457e-01
4.793547932396813316e-01
4.802107054275203679e-01
4.804941032633671116e-01
4.811475451934140724e-01
4.815445896351197019e-01
4.821799586086054079e-01
4.827123192261838502e-01
4.829929116047891324e-01
4.833724445458172925e-01
4.837867049319475310e-01
4.842367665352149686e-01
4.845020116736251659e-01
4.849150771600321819e-01
4.852271042912112420e-01
4.854202867235591912e-01
4.855736682358058887e-01
4.860886702332855025e-01
4.863843580386598142e-01
4.866306470952094232e-01
4.869689405414309169e-01
4.871419063997400878e-01
4.875419557209173527e-01
4.880851935344189263e-01
4.884430339752596217e-01
4.886342116076076159e-01
4.885540200570911429e-01
4.887529885853160727e-01
4.890155247228612501e-01
4.891266400638206169e-01
4.890811961233598182e-01
4.893098889303831300e-01
4.892496303344185948e-01
4.891481576663733177e-01
4.893411343919908951e-01
4.895446045126393697e-01
4.897225634234343428e-01
4.900182937357191459e-01
4.898636275261430417e-01
4.899756415838824597e-01
4.899093575790817168e-01
4.899936631645698815e-01
4.899996540252334887e-01
4.899527454384102199e-01
4.902169936795055527e-01
4.900445564368410833e-01
4.901483735647610973e-01
4.902696703119041599e-01
4.902595812371059458e-01
4.902034409294516171e-01
4.900590656038922299e-01
4.899472376715264810e-01
4.902334243460799157e-01
4.902553448084827625e-01
4.901067044637815173e-01
4.904007656340352295e-01
4.900780158471362280e-01
4.902397311023755644e-01
4.900504200974306612e-01
4.903018360508992757e-01
4.899756613524938187e-01
4.900975365413782203e-01
4.902091905170409269e-01
4.903752992394174726e-01
4.900757779282318705e-01
4.901601544859610637e-01
4.903473535686079798e-01
4.899941046724760607e-01
4.902190253315776847e-01
4.904272541738180502e-01
4.902568713669800959e-01
4.904818797661787411e-01
4.906938870446530543e-01
4.906890757606570119e-01
4.906311617970209316e-01
4.901972168450827172e-01
4.899313348486431519e-01
4.901693782577828951e-01
4.904084134114153337e-01
4.903761072298174484e-01
4.905905210431646402e-01
4.905681091274730066e-01
4.904550021554021644e-01
4.905414169373807365e-01
4.905078145145286839e-01
4.904526326357469546e-01
4.906974596525859322e-01
4.907187572865545078e-01
4.903010591269908458e-01
4.906352553201876465e-01
4.903938694396383635e-01
4.906605087373428487e-01
4.902378820677044668e-01
4.901933116935152102e-01
4.896184778210840860e-01
4.904051978825570979e-01
4.897425984300978752e-01
4.903291660419995535e-01
4.896791697340867056e-01
4.894720499069448727e-01
4.896397169410729999e-01
4.891415339485598035e-01
4.895048582591877695e-01
4.892648513777821395e-01
4.889492904333922474e-01
4.887542599740088978e-01
4.879903538532200935e-01
4.882747605653786627e-01
4.877315833143746615e-01
4.878465651960162686e-01
4.864038418353937021e-01
4.860337443873425367e-01
4.861329721778732127e-01
4.855430811968894922e-01
4.855932845463171721e-01
4.847985512449595191e-01
4.844544140893428663e-01
4.843344605630028887e-01
4.837205768061293987e-01
4.830892900217698127e-01
4.833039815130819039e-01
4.824376415988217426e-01
4.821534667283406406e-01
4.814600919617883501e-01
4.812231771976691053e-01
4.808874184098123061e-01
4.804096841487032754e-01
4.801356711212534933e-01
4.794036217654173981e-01
4.789785887023067512e-01
4.788090955800919368e-01
4.785095438435673088e-01
4.777003405360922828e-01
4.777768972538905534e-01
4.772810315094123679e-01
4.775476072373731062e-01
4.772168573780171674e-01
4.769780394089960240e-01
4.766640497703055201e-01
4.759117667026002696e-01
4.756721356461530714e-01
4.755156182089123051e-01
4.748670963327681349e-01
4.755427164159412579e-01
4.747550315270313015e-01
4.743014433844858213e-01
4.738658233966702715e-01
4.744597304522794601e-01
4.737769394083918839e-01
4.740048051483982117e-01
4.736446099942340782e-01
4.733160866390359600e-01
4.736627622159457762e-01
4.730833792404604554e-01
4.725539415199813131e-01
4.728845796363698728e-01
4.724050917114471781e-01
4.726128367666297403e-01
4.724494947440436854e-01
4.721495462617582572e-01
4.723316941576106154e-01
4.718917256991903009e-01
4.721794078311766785e-01
4.721930974062552577e-01
4.719945630274744452e-01
4.716509038987375946e-01
4.719258488725350253e-01
4.716932109203438306e-01
4.715313667882648496e-01
4.717528525547165508e-01
4.719977258866955294e-01
4.717653489156458102e-01
4.718445302678531128e-01
4.723794097308092188e-01
4.729841593023211277e-01
4.717489379046974074e-01
4.720580653380999636e-01
4.729775545068838349e-01
4.727707275927170993e-01
4.723548722693545754e-01
4.722790046805759312e-01
4.729868146167591214e-01
4.726312030869376235e-01
4.733592230829098413e-01
4.726344015844878843e-01
4.732487796275962055e-01
4.737863920280438457e-01
4.736214124343246512e-01
4.736282196260357957e-01
4.735203364963124217e-01
4.741315476033267085e-01
4.739884601942969122e-01
4.742333663670673105e-01
4.744603921106670952e-01
4.743550289799637887e-01
4.744556628442279100e-01
4.745256574097075908e-01
4.742130353461968539e-01
4.753718490022856846e-01
4.742671876958570731e-01
4.751285828051154403e-01
4.750146539216679176e-01
4.750279200821214132e-01
4.749699060305410669e-01
4.753854255576609456e-01
4.749769342086728741e-01
4.751682779742002483e-01
4.753151640029100733e-01
4.754388415972993776e-01
4.754680418791875640e-01
4.755352241247233769e-01
4.755349549359198513e-01
4.754939476876431925e-01
4.753218829368532905e-01
4.752101188595241332e-01
4.754405277002952124e-01
4.753633863754812561e-01
4.753538060270779964e-01
4.754993625585400840e-01
4.755497017014613803e-01
4.753996828918853335e-01
4.756478418466405511e-01
4.758447548661435822e-01
4.758917251570254359e-01
4.759553069324293229e-01
4.759502093993507321e-01
4.760243587258920495e-01
4.760217893859520211e-01
4.760170889270654015e-01
4.759792826557195378e-01
4.758487129348493716e-01
4.758181381540234067e-01
4.757495486130771112e-01
4.760883498886412379e-01
4.757500996055725184e-01
4.757050589507280103e-01
4.757429527654641332e-01
4.755419118842251214e-01
4.754875934587414199e-01
4.758767626135598783e-01
4.754874890509693253e-01
4.757947745293547581e-01
4.759509856847481402e-01
4.759302861272569074e-01
4.759409134813048503e-01
4.756073440283360432e-01
4.760798065373717525e-01
4.764021184759873462e-01
4.762416384952155024e-01
4.758504479971746304e-01
4.765283784401818101e-01
4.759780141505642326e-01
4.759700563917141913e-01
4.764991156814602502e-01
4.764223317737292240e-01
4.764130604614304487e-01
4.763545674910447114e-01
4.762897741283007025e-01
4.762742229777962577e-01
4.764480057147680303e-01
4.763195905395798402e-01
4.764007791650519685e-01
4.761693588218554041e-01
4.763998303020056668e-01
4.760908622086216235e-01
4.765277781087069453e-01
4.761807682962471144e-01
4.765301532723305034e-01
4.762231033034222127e-01
4.761909735821168721e-01
4.765273443710400514e-01
4.760323690600077873e-01
4.757958676053579139e-01
4.760539380224939610e-01
4.762555869413447884e-01
4.765008868551567356e-01
4.761834319914541314e-01
4.760836773876277461e-01
4.761834319914541314e-01
4.764530338033822199e-01
4.767907411838949727e-01
4.765871524569900708e-01
4.760145709726656960e-01
4.767587285967792576e-01
4.764919670722190803e-01
4.765422246106227888e-01
4.741115557436695882e-01
4.763618256416355390e-01
4.760450576670525735e-01
4.763103033424737065e-01
4.762542666658979296e-01
4.762848739759960037e-01
4.764133214308233222e-01
4.763437334281394042e-01
4.764089209930813529e-01
4.758300189632151955e-01
4.755356656651039682e-01
4.757369045126580986e-01
4.756402480995053361e-01
4.761375766450228753e-01
4.756944653025788061e-01
4.753633863754812561e-01
4.756039691281251924e-01
4.754636256490668011e-01
4.754261290417824970e-01
4.755163357244936440e-01
4.750859331803013452e-01
4.756768603718463662e-01
4.754927779325408554e-01
4.746847857148740468e-01
4.753200987193283988e-01
4.751534000436487548e-01
4.749692031305160489e-01
4.746638240809947229e-01
4.747628348674590715e-01
4.747242540587837123e-01
4.744970272543496126e-01
4.745948311433482725e-01
4.746966306954031323e-01
4.745855653132579066e-01
4.745146011608261105e-01
4.738547929838886619e-01
4.741663023008109712e-01
4.742293841474375937e-01
4.743420442022976413e-01
4.744244383436702628e-01
4.734034464441751466e-01
4.738436216979134974e-01
4.739465505574330662e-01
4.736125228210961158e-01
4.735819778277239878e-01
4.739419778020763641e-01
4.739483489796853521e-01
4.740517790890957373e-01
4.736696458757480577e-01
4.740901137344843974e-01
4.728032051497366162e-01
4.738711041121199119e-01
4.736245038552359121e-01
4.736701546284515230e-01
4.736438218359214636e-01
4.732318855783042566e-01
4.730955399726863297e-01
4.731298218674387379e-01
4.729412270893441073e-01
4.732989520243884862e-01
4.738035770966322335e-01
4.734919201937002886e-01
4.733202848176304434e-01
4.733161145964522309e-01
4.735133210402553972e-01
4.733692038295119198e-01
4.733067539934799339e-01
4.734136732767631472e-01
4.731959013641703349e-01
4.732436335319172849e-01
4.734713063046506742e-01
4.735490005829683380e-01
4.738396430914272872e-01
4.733131719446631580e-01
4.733219272958877899e-01
4.735367416415417474e-01
4.734689938006538812e-01
4.738003853399096466e-01
4.739605129561136887e-01
4.737390290978615859e-01
4.737328698340649846e-01
4.735905482721255999e-01
4.735342714542541409e-01
4.738178221930631762e-01
4.739678823176609601e-01
4.741584889335248021e-01
4.742471450875316297e-01
4.744173397843510220e-01
4.739748939149109330e-01
4.743959380903942091e-01
4.742784429915704592e-01
4.747438416497838931e-01
4.741528230255460108e-01
4.740165281646367967e-01
4.746266101412903726e-01
4.744705838226810912e-01
4.746220581978379260e-01
4.746571332036665924e-01
4.744362584908218827e-01
4.745166802513893778e-01
4.744503476789822538e-01
4.747607952384932384e-01
4.747090790364320578e-01
4.747369689502072276e-01
4.746603914858032458e-01
4.748519801543224506e-01
4.749408268028162960e-01
4.753344223298923144e-01
4.754560238126678273e-01
4.759215507621255004e-01
4.754945169910712588e-01
4.753717217846714083e-01
4.751616988688121546e-01
4.759063333404276452e-01
4.757056658337373567e-01
4.755671608686533047e-01
4.755603042020484228e-01
4.757599519002869703e-01
4.758095903876397581e-01
4.754640501469325486e-01
4.762250647130306658e-01
4.758152300117247102e-01
4.761603548623133952e-01
4.759422131358022612e-01
4.767389917875914929e-01
4.764694702787620195e-01
4.763910407854229923e-01
4.764709214680716842e-01
4.762570435237591937e-01
4.764338368079628627e-01
4.766671904343061095e-01
4.764315994295900136e-01
4.762040401543543022e-01
4.769603289981275696e-01
4.766669627914954521e-01
4.764516170312040888e-01
4.762869084319424906e-01
4.763172463125663336e-01
4.767662986533207081e-01
4.771052126815826244e-01
4.768531313231775259e-01
4.768688153912993832e-01
4.767857986941047010e-01
4.765406333349246348e-01
4.765553133312558920e-01
4.766150175913091425e-01
4.767259986276217720e-01
4.769272732421646066e-01
4.769513348754815807e-01
4.768716876534631055e-01
4.766430893461796603e-01
4.770560913552276405e-01
4.770049005481769577e-01
4.768578648338107073e-01
4.765416698691083974e-01
4.769214875962261013e-01
4.770606921375733500e-01
4.768730283579693530e-01
4.771545293599422921e-01
4.768296707499210529e-01
4.773376440458224068e-01
4.774289217592768697e-01
4.778563891870423186e-01
4.777726631475088248e-01
4.778819160078415229e-01
4.788410231988842747e-01
4.789904770969584114e-01
4.792845189576365739e-01
4.797348258730736448e-01
4.799622310619443555e-01
4.805679748118245054e-01
4.806073267514157088e-01
4.811346297621604817e-01
4.812711412678447598e-01
4.817729872978156469e-01
4.817773770273409695e-01
4.819194129890662093e-01
4.820480156811397521e-01
4.825479084805507357e-01
4.822714865879745849e-01
4.827389309697034947e-01
4.826502213058083690e-01
4.831653802478835802e-01
4.833145325914410817e-01
4.832892148036276869e-01
4.834826388197174252e-01
4.837127068016436326e-01
4.841525177817725401e-01
4.841737884997868169e-01
4.843666587139916491e-01
4.845213578287553280e-01
4.847704198751700555e-01
4.848501679096653971e-01
4.848559940353385778e-01
4.850844696795132416e-01
4.851062357118882118e-01
4.849966690465930541e-01
4.852333353214952072e-01
4.852241907222236139e-01
4.851294434815468515e-01
4.854639136070335592e-01
4.856237996575798466e-01
4.856793145334263873e-01
4.855733398160900771e-01
4.854717409257922056e-01
4.856698234821437699e-01
4.857458457815339581e-01
4.857316250362736509e-01
4.855344327694839368e-01
4.857889394189052190e-01
nan
nan
