7.534504270790720604e-02
7.609951227171969645e-02
7.681645235428330443e-02
7.752202076009319376e-02
7.819134006150700589e-02
7.890300247862329364e-02
7.958925518075060657e-02
8.026833636396529803e-02
8.095895946530780318e-02
8.163914296617690025e-02
8.226923074442850370e-02
8.289206524009229415e-02
8.352000635486089841e-02
8.414545876389620260e-02
8.478827404142079416e-02
8.541367211783569557e-02
8.603659029159099747e-02
8.663960875641070480e-02
8.724488712701640447e-02
8.783732438267340126e-02
8.842746181123130322e-02
8.902830940876349519e-02
8.961557407118719842e-02
9.019541397224159485e-02
9.072530252912079651e-02
9.128266312293069340e-02
9.185503383358499530e-02
9.236272305780489356e-02
9.288869889690350157e-02
9.343293542163949583e-02
9.396203432158320434e-02
9.448423312159469345e-02
9.495680347024569590e-02
9.546732360426589403e-02
9.596783507367169508e-02
9.647680980123010674e-02
9.697325148919150317e-02
9.746487028422590182e-02
9.794970204668350389e-02
9.840964997513940160e-02
9.886982201813679372e-02
9.933647373928239377e-02
9.978467850767469560e-02
1.002583848095142949e-01
1.006785762976112053e-01
1.011145137264640032e-01
1.015310114041781953e-01
1.019249814783174946e-01
1.023185008113848965e-01
1.027203666576572971e-01
1.031060010711135067e-01
1.034651980536018950e-01
1.038227497646713043e-01
1.041828707364469975e-01
1.045239412172870030e-01
1.048496973490131018e-01
1.051793315330678963e-01
1.054956201148122968e-01
1.058006008638582990e-01
1.060930601597002004e-01
1.064154887311138942e-01
1.067235783453687054e-01
1.070138001862199068e-01
1.073042475120647016e-01
1.075815719906897949e-01
1.078419575294355948e-01
1.081298585867623979e-01
1.083750021311559036e-01
1.086168024171517005e-01
1.088875053462751014e-01
1.091142349298137998e-01
1.093557584413757944e-01
1.096280653713447989e-01
1.098977795504230970e-01
1.100773581857303063e-01
1.102436394966229000e-01
1.104176987056073034e-01
1.105840196241762996e-01
1.107675503659984045e-01
1.109475193658664982e-01
1.111140222417501960e-01
1.112889625627122986e-01
1.114502730056057961e-01
1.116230400905453973e-01
1.117866240502342068e-01
1.119445764958122980e-01
1.120997012926038955e-01
1.122214851969016020e-01
1.123290985434390044e-01
1.124362891503190021e-01
1.125365816188506063e-01
1.126239163349058992e-01
1.127079637919550931e-01
1.127999322038693991e-01
1.128841021991924959e-01
1.129569020627551046e-01
1.130322262850165932e-01
1.131016282101268977e-01
1.131654404851458046e-01
1.132121967382841987e-01
1.132753169947468969e-01
1.133383979238175993e-01
1.134021224053567006e-01
1.134545612563220007e-01
1.134817494570540958e-01
1.135022751078478970e-01
1.135195506540248034e-01
1.135347558937590956e-01
1.135547071209057068e-01
1.135637397810130983e-01
1.135610754043060028e-01
1.135516340348189934e-01
1.135309402162501952e-01
1.135160683616499994e-01
1.134892625809617028e-01
1.134636764952335064e-01
1.134341288259396036e-01
1.134004284852760946e-01
1.133739235579229038e-01
1.133428774940792028e-01
1.133056991802848940e-01
1.132690053971893984e-01
1.132186094492475953e-01
1.131638001516147018e-01
1.131145442462161976e-01
1.130615504828834939e-01
1.129992195330213056e-01
1.129388480570320957e-01
1.128689259598587014e-01
1.127999761009304963e-01
1.127193832473847024e-01
1.126274129659686069e-01
1.125419988833475937e-01
1.124507494077665037e-01
1.123536115634447968e-01
1.122617817659378042e-01
1.121658890975800044e-01
1.120647079172649024e-01
1.119593528425767981e-01
1.118532212024541950e-01
1.117462987832752996e-01
1.116476625314232057e-01
1.115373060148402012e-01
1.114304325448872979e-01
1.113295582948864021e-01
1.112252776391716019e-01
1.111203877801955064e-01
1.110143758146149018e-01
1.108989963923048966e-01
1.107807754666133987e-01
1.106613208407177945e-01
1.105340814533889021e-01
1.104046337234022013e-01
1.102698040796546985e-01
1.101316866279249962e-01
1.099814392204851998e-01
1.098373345914089999e-01
1.096827880901238006e-01
1.095316593738717981e-01
1.093757394591303028e-01
1.092133523880594037e-01
1.090549760807364987e-01
1.088991023697012950e-01
1.087379763611230066e-01
1.085767507657302011e-01
1.084177891455687937e-01
1.082478485911707033e-01
1.080799634974287937e-01
1.079148272274283032e-01
1.077430907852629932e-01
1.075698779348931017e-01
1.074007690003252052e-01
1.072273492203860007e-01
1.070497125220224027e-01
1.068711785161290950e-01
1.066934463302955938e-01
1.065139714931605947e-01
1.063359550519605012e-01
1.061571173000630947e-01
1.059781987758710020e-01
1.057979641379246938e-01
1.056151066745232014e-01
1.054352290196018949e-01
1.052552574408853053e-01
1.050696834459309975e-01
1.048904338189110969e-01
1.047069615533467030e-01
1.045214718855823066e-01
1.043403144464807031e-01
1.041550154899573977e-01
1.039745216637096986e-01
1.037848645879795029e-01
1.036013045119447001e-01
1.034177810344090037e-01
1.032324881389360960e-01
1.030459430667856058e-01
1.028561704076993988e-01
1.026695123547397975e-01
1.024841848764001945e-01
1.022959812861628931e-01
1.021130089007984965e-01
1.019289014718030018e-01
1.017416321415268998e-01
1.015595361546146047e-01
1.013743616708301931e-01
1.011954324895431995e-01
1.010165198704962991e-01
1.008398735693609022e-01
1.006633844354589968e-01
1.004855279957882069e-01
1.003143418141269061e-01
1.001396739223636007e-01
9.996820876691329960e-02
9.980219134926529567e-02
9.964053385000949670e-02
9.948070309263530586e-02
9.932020285441529872e-02
9.916094802881919579e-02
9.900776588115399457e-02
9.885466403394489732e-02
9.870651348420289573e-02
9.856185953999649363e-02
9.841511470767079495e-02
9.827575915922659444e-02
9.813447382399799468e-02
9.799549896201589783e-02
9.786386912624320256e-02
9.773027847702739357e-02
9.760128381792790297e-02
9.747266038868469817e-02
9.734739052206629883e-02
9.722080499219000471e-02
9.709923376409540507e-02
9.697894874918119856e-02
9.686538689265490609e-02
9.674714622120569874e-02
9.663467224580570003e-02
9.652544163833859381e-02
9.641530050780200423e-02
9.630943485467879928e-02
9.620497648710510386e-02
9.610463535878069341e-02
9.600403570435239731e-02
9.590858693618099784e-02
9.581444471747879721e-02
9.572503984816839451e-02
9.563693862094320430e-02
9.555227845533330322e-02
9.546970911747590383e-02
9.538991061195239984e-02
9.531795773190039622e-02
9.524375922552540119e-02
9.517510874457839332e-02
9.511143423420810594e-02
9.504696393256900633e-02
9.498749720071550384e-02
9.492739795601899677e-02
9.487330320322830135e-02
9.482532123314070527e-02
9.477262300153549424e-02
9.472625530900970203e-02
9.468299721735029539e-02
9.464181276021370326e-02
9.460378817670299367e-02
9.457119375736409983e-02
9.453666550584159667e-02
9.450606115530220397e-02
9.447430274979619347e-02
9.444789430004139896e-02
9.442592930560690656e-02
9.440178905283880262e-02
9.438986837176770173e-02
9.437232344559889907e-02
9.435808902541259480e-02
9.434646918670119842e-02
9.433609036857279473e-02
9.433313575381220561e-02
9.432770985142739650e-02
9.432516371511419362e-02
9.432356573862800408e-02
9.432932625834819507e-02
9.433412492287239492e-02
9.434283335331010434e-02
9.435086050224869569e-02
9.436585153111469448e-02
9.438555155005939890e-02
9.440180899983109664e-02
9.442051287851919994e-02
9.444709416556290593e-02
9.446960125879140524e-02
9.449734023722160259e-02
9.452842993762709811e-02
9.456371628186799327e-02
9.459752984033920065e-02
9.463558071079219980e-02
9.468132027143009999e-02
9.472033759848400014e-02
9.476535505219420286e-02
9.481593507951290023e-02
9.486417356976989401e-02
9.491621370680200509e-02
9.496768540388669799e-02
9.502623717972150108e-02
9.508182837505629870e-02
9.514401418532569821e-02
9.520787753910550655e-02
9.527128075498840498e-02
9.533942333000540448e-02
9.540825772146929729e-02
9.547650941375289413e-02
9.554737841750940430e-02
9.562116338533789561e-02
9.569679375126860510e-02
9.577188797539709642e-02
9.585030082813110475e-02
9.593004508390109986e-02
9.600273422578470273e-02
9.608571324039069661e-02
9.617081162791239757e-02
9.625270116992430680e-02
9.634031951148940009e-02
9.642581459297200341e-02
9.651256179710500371e-02
9.659645429954100138e-02
9.668761283632019976e-02
9.677529447898509940e-02
9.686538347142420458e-02
9.695774735795539834e-02
9.704711625943819586e-02
9.714018744579279441e-02
9.722882716422140414e-02
9.732187594938410125e-02
9.741656993972110101e-02
9.750999911237509532e-02
9.760464041809510660e-02
9.769990325881179605e-02
9.779635941977400659e-02
9.788960261408069519e-02
9.798208577234120142e-02
9.807913609399900035e-02
9.817496201273810674e-02
9.826615450675489638e-02
9.836359656118090489e-02
9.845756349692069698e-02
9.854969101142789512e-02
9.864450834771819332e-02
9.873845130955849481e-02
9.883483234269420381e-02
9.892173325646040627e-02
9.901704964235430451e-02
9.911165316280010074e-02
9.919881461988740157e-02
9.928900004370569410e-02
9.938016216407839776e-02
9.947024793957350008e-02
9.956204718341779558e-02
9.964683933265469640e-02
9.973463087155200191e-02
9.982339340260329430e-02
9.990934256867660401e-02
9.999443861170499714e-02
1.000816134743632985e-01
1.001669462693790952e-01
1.002514179390119053e-01
1.003347244705502933e-01
1.004173505453750948e-01
1.004973155177994043e-01
1.005775385459175969e-01
1.006576015297157983e-01
1.007336795821346942e-01
1.008069224669744940e-01
1.008845190735666031e-01
1.009549460204342969e-01
1.010312110072032060e-01
1.011017996163798977e-01
1.011722430867349060e-01
1.012444543817715009e-01
1.013124428181702980e-01
1.013797892229828940e-01
1.014474653056452041e-01
1.015143415984933045e-01
1.015752922388653001e-01
1.016359537473951052e-01
1.017006481117311012e-01
1.017632025398910040e-01
1.018195066492292994e-01
1.018780622123680035e-01
1.019340390275752933e-01
1.019901306338572983e-01
1.020417096545307017e-01
1.020981250656275985e-01
1.021506697661130059e-01
1.022001385663809936e-01
1.022452270185729012e-01
1.022929185435862975e-01
1.023390614808215998e-01
1.023809061235585044e-01
1.024243868426860937e-01
1.024649184300199939e-01
1.025040884955583931e-01
1.025425290337062950e-01
1.025801507743916013e-01
1.026211598987705059e-01
1.026627387828702026e-01
1.027017662907911966e-01
1.027433048129760967e-01
1.027803350775624014e-01
1.028198200889420960e-01
1.028599057364247976e-01
1.029030298511984937e-01
1.029383842780907943e-01
1.029780830399806002e-01
1.030153388158114997e-01
1.030468078986782055e-01
1.030756989527390061e-01
1.030966101619574943e-01
1.031262501566219958e-01
1.031397116934734959e-01
1.031546514829454059e-01
1.031681460864821015e-01
1.031753552851310957e-01
1.031781775775803961e-01
1.031731698978876066e-01
1.031754161335840941e-01
1.031641783288450021e-01
1.031593890922058998e-01
1.031490556285730026e-01
1.031347092764594991e-01
1.031182661388593963e-01
1.031034485175798959e-01
1.030848691131208000e-01
1.030682418003874973e-01
1.030426046339558976e-01
1.030242503723207970e-01
1.030012536481219043e-01
1.029769808974436013e-01
1.029481898339645041e-01
1.029202303740233970e-01
1.028886319803243021e-01
1.028573116227821937e-01
1.028245785004999052e-01
1.027899435192294042e-01
1.027487087873360933e-01
1.027105683387622981e-01
1.026686734222631986e-01
1.026248954633571936e-01
1.025815542170516043e-01
1.025373996956004952e-01
1.024928017835063931e-01
1.024469405467147987e-01
1.023987872913614955e-01
1.023472654531210058e-01
1.022963688018000000e-01
1.022435420104606946e-01
1.021893097121823052e-01
1.021366071613437065e-01
1.020771763939815058e-01
1.020200826621026069e-01
1.019581743916972982e-01
1.018953121369877979e-01
1.018332300728902046e-01
1.017660748233419066e-01
1.017000453030561941e-01
1.016338627812324036e-01
1.015620453754585983e-01
1.014937897246404042e-01
1.014202623606131060e-01
1.013452030401078979e-01
1.012730443976695011e-01
1.011982541828883031e-01
1.011245018567072940e-01
1.010456008434347935e-01
1.009690940484980065e-01
1.008912313230424934e-01
1.008147640976488069e-01
1.007375014500812016e-01
1.006574843809187048e-01
1.005792351981958932e-01
1.005001535951550035e-01
1.004198318016237962e-01
1.003397682602797936e-01
1.002656973996070983e-01
1.001826111677329018e-01
1.001071229195339002e-01
1.000300712539892029e-01
9.995055082374360023e-02
9.987501125052129780e-02
9.979946678540349558e-02
9.972160650978030560e-02
9.964618937268629462e-02
9.957243517228349383e-02
9.949944491876640262e-02
9.942556341755259819e-02
9.935028182005679886e-02
9.927723999029509916e-02
9.920658861836390008e-02
9.913492401597109871e-02
9.906320144415499407e-02
9.899429162782899527e-02
9.892471667978000593e-02
9.885652171048399384e-02
9.879035406116090656e-02
9.872308112529590285e-02
9.865671776619730493e-02
9.859131200043970422e-02
9.852942236619870175e-02
9.846586075889410261e-02
9.840330076206040000e-02
9.834361128726039347e-02
9.828171147396720653e-02
9.822341445349890010e-02
9.816698735749640470e-02
9.810822474665449600e-02
9.805442690975819942e-02
9.800022266097549450e-02
9.794477607170359867e-02
9.789489486171110144e-02
9.784405539004860375e-02
9.779236561173559883e-02
9.774634592583200665e-02
9.769792133838639536e-02
9.765340546628289986e-02
9.760917621903460184e-02
9.756574423068019308e-02
9.752291375080529567e-02
9.748331436054899490e-02
9.744624313121889869e-02
9.740836882359829585e-02
9.737028596289279414e-02
9.733586163355030518e-02
9.730141477028600439e-02
9.726861842620139476e-02
9.723916320051440021e-02
9.720845056428149833e-02
9.718029916334630647e-02
9.715330548736370031e-02
9.713174676347649528e-02
9.710380114328100165e-02
9.708344595568600688e-02
9.706192051941620047e-02
9.704260792257869694e-02
9.702713911622010134e-02
9.701265303562700559e-02
9.699617382234680674e-02
9.698483826028729549e-02
9.697585593322899378e-02
9.696723109780690242e-02
9.695733211812200547e-02
9.695349733677520454e-02
9.695028139114519883e-02
9.694928555465770481e-02
9.695073199648800155e-02
9.695038940386610515e-02
9.695328508602629736e-02
9.695958394324870333e-02
9.696695157938529930e-02
9.697988581740339675e-02
9.698826585763309360e-02
9.700113109683999868e-02
9.701492924343579904e-02
9.703186393834489776e-02
9.704711744287150554e-02
9.707074867690269893e-02
9.709049419855429741e-02
9.711284650955720466e-02
9.713839165812600263e-02
9.716234421332389792e-02
9.718927267671420567e-02
9.721884831280519501e-02
9.725131421855219560e-02
9.728456562270119956e-02
9.731609936517369996e-02
9.735028874436239821e-02
9.738372370010089929e-02
9.742337761040149868e-02
9.746058486528029474e-02
9.750153390954689747e-02
9.754457445305420027e-02
9.758597839654059580e-02
9.762750047919580010e-02
9.767350857102899409e-02
9.771822524468609661e-02
9.776448380968739971e-02
9.781442771934920066e-02
9.786318151316029945e-02
9.791155126960079946e-02
9.796530789539349693e-02
9.801411763658640641e-02
9.806946358360810190e-02
9.812225192051800271e-02
9.817785225858620402e-02
9.823369705976070509e-02
9.828957936016219366e-02
9.834844817858440225e-02
9.840327596943490573e-02
9.846163959620420070e-02
9.852254199551410685e-02
9.858055296534200262e-02
9.864194984836380242e-02
9.870342441407080336e-02
9.876428018222670191e-02
9.882514724166720221e-02
9.889063883486849671e-02
9.895502317998919328e-02
9.902030878708249773e-02
9.908297777489810665e-02
9.914859190277409973e-02
9.921438200175759781e-02
9.927998215412700556e-02
9.934506781273290399e-02
9.941226992651459871e-02
9.947893929664250456e-02
9.954821400883839821e-02
9.961287250538830573e-02
9.967927920347499637e-02
9.974556270041119721e-02
9.981209003265320567e-02
9.987915342044589861e-02
9.994656614329759658e-02
1.000126583904777933e-01
1.000761559920571031e-01
1.001419366998091975e-01
1.002090178361865064e-01
1.002722172307505960e-01
1.003367182290331033e-01
1.003993112353308986e-01
1.004616542448330957e-01
1.005243375707951942e-01
1.005872824628493006e-01
1.006473117486171021e-01
1.007074777690410011e-01
1.007644566287377030e-01
1.008189982613073021e-01
1.008755828639164021e-01
1.009297462627767039e-01
1.009823397904667935e-01
1.010408115315268029e-01
1.010974093810007024e-01
1.011339374387933976e-01
1.012021693214955054e-01
1.011401057149536042e-01
1.012459974708383031e-01
1.013332998938513974e-01
1.013916379344336066e-01
1.014662908677225056e-01
1.015336856763280060e-01
1.015854059290619005e-01
1.016453625456767984e-01
1.017103605378075065e-01
1.017867071999452033e-01
1.018750069743585979e-01
1.019573124482535953e-01
1.020478549753748992e-01
1.021335566679399953e-01
1.022173925556766061e-01
1.022980105070567941e-01
1.023699749469646064e-01
1.024472340398241005e-01
1.025258896121716001e-01
1.025863009205228993e-01
1.026484205418102952e-01
1.026977945435962047e-01
1.027541362912165052e-01
1.027953458313616980e-01
1.028313235848447027e-01
1.028643062973102068e-01
1.028842274551079045e-01
1.029078254971502043e-01
1.029263674868677036e-01
1.029435872848440958e-01
1.029561572271446013e-01
1.029727823657893976e-01
1.029812044901019935e-01
1.029886231296718024e-01
1.029923440087305020e-01
1.029984441796110983e-01
1.030002493598704966e-01
1.029990845852068043e-01
1.030027323681859952e-01
1.030009209347919064e-01
1.029949674511503044e-01
1.029931502181321012e-01
1.029882375042892040e-01
1.029835165753343051e-01
1.029787693583887054e-01
1.029717044458337005e-01
1.029684524814078045e-01
1.029607217218290044e-01
1.029507326843973058e-01
1.029456634374300017e-01
1.029345551911182016e-01
1.029232524385180064e-01
1.029081498896553953e-01
1.028958902490489935e-01
1.028798468994779058e-01
1.028677216769968011e-01
1.028550150314286038e-01
1.028396258656806977e-01
1.028275327723946059e-01
1.028072181039206973e-01
1.027902140910205014e-01
1.027659802198059025e-01
1.027455834387576011e-01
1.027208462552326035e-01
1.027028213553028979e-01
1.026765720021348971e-01
1.026574083707884055e-01
1.026348516849998060e-01
1.026052901462012057e-01
1.025887902381324018e-01
1.025707260682352934e-01
1.025625015603117973e-01
1.025371232360900997e-01
1.025252733479152939e-01
1.025102850060832932e-01
1.025074686895879050e-01
1.024925293789623049e-01
1.024690055823535006e-01
1.024530323777430030e-01
1.024410683647519055e-01
1.024234052949886953e-01
1.024124850392530983e-01
1.023944420061760063e-01
1.023811217309481963e-01
1.023707330687071981e-01
1.023469385276725985e-01
1.023476598691619999e-01
1.023216011479918947e-01
1.023076426404850026e-01
1.022937590952926051e-01
1.022712175524627953e-01
1.022577072037603035e-01
1.022464962296083940e-01
1.022244661490112061e-01
1.021999371015183955e-01
1.021743934115321023e-01
1.021438030264237989e-01
1.021063909322555974e-01
1.020869469990375034e-01
1.020571116982930959e-01
1.020246672227120982e-01
1.019946006808090944e-01
1.019626360193988945e-01
1.019271018543387031e-01
1.018948146748255984e-01
1.018564261532183962e-01
1.018208945571720953e-01
1.017841801964580045e-01
1.017529737247109961e-01
1.017125235882662959e-01
1.016711502091603020e-01
1.016344839984305998e-01
1.015926097281543011e-01
1.015565769875201030e-01
1.015157653996262010e-01
1.014752081075933066e-01
1.014332516411720064e-01
1.013927951811861017e-01
1.013531786331958034e-01
1.013093694596237937e-01
1.012665331035601940e-01
1.012247218891628026e-01
1.011842502844167019e-01
1.011410116935138048e-01
1.010996598459980023e-01
1.010564637976739955e-01
1.010130331066911025e-01
1.009713632153013962e-01
1.009315750967839931e-01
1.008850766242160996e-01
1.008424667513122958e-01
1.007987067322702046e-01
1.007585163278538060e-01
1.007128473297707050e-01
1.006716015578110052e-01
1.006299992452993064e-01
1.005858856033453042e-01
1.005392185904238067e-01
1.005003740571145943e-01
1.004572145368329006e-01
1.004134759763325030e-01
1.003688791329249985e-01
1.003270499905920959e-01
1.002846460653187971e-01
1.002433340668942990e-01
1.002001314045557062e-01
1.001575007023299962e-01
1.001144986412906973e-01
1.000716740378895936e-01
1.000302140101019949e-01
9.998798409712790491e-02
9.994649126147789331e-02
9.990578702229040153e-02
9.986695531205540266e-02
9.982494427521579339e-02
9.978478503187160342e-02
9.974599731853289741e-02
9.970410777141019976e-02
9.966613340304560087e-02
9.962872658630779477e-02
9.959135470180349725e-02
9.955369370552680230e-02
9.951630369083409866e-02
9.948007474831870034e-02
9.944534888722370014e-02
9.940866449839390329e-02
9.937325760006540665e-02
9.933779224540599528e-02
9.930549475299009499e-02
9.926952283815780598e-02
9.923897653913399397e-02
9.920613537795019976e-02
9.917554554838020620e-02
9.914340560663209567e-02
9.911383382639619988e-02
9.908319967445189391e-02
9.905601973483070533e-02
9.902687599354489945e-02
9.899710466448390089e-02
9.897175741776040314e-02
9.894561995407849531e-02
9.892078018810150641e-02
9.889600599769360345e-02
9.886801400827409381e-02
9.884560557821850391e-02
9.882622167692360626e-02
9.879988951711099476e-02
9.878309216216890620e-02
9.876064951673570180e-02
9.873934661351850550e-02
9.871926407390049785e-02
9.869926704532509809e-02
9.868413217973069640e-02
9.866541622013939861e-02
9.865000958157789379e-02
9.863446903289460610e-02
9.861676237644889653e-02
9.860528001209109550e-02
9.859132389923329354e-02
9.857665935037319971e-02
9.856639404078540445e-02
9.855143687961050170e-02
9.854208766245299567e-02
9.852997783676289978e-02
9.851731051959999874e-02
9.850838710107219509e-02
9.849723330690239587e-02
9.848715469430729952e-02
9.847826541509220599e-02
9.846917684328329590e-02
9.846101940640650252e-02
9.845149115338659718e-02
9.844174526483820409e-02
9.843293282855719584e-02
9.842749343913370641e-02
9.841771969036799961e-02
9.840949420965849903e-02
9.840435737459729548e-02
9.839509600905059494e-02
9.838593175011299541e-02
9.837805244650620062e-02
9.837353538887090576e-02
9.836518864279969465e-02
9.835702435294449431e-02
9.835053746085299642e-02
9.834399352621149559e-02
9.833553851453810668e-02
9.833060969332040047e-02
9.832258394909640375e-02
9.831243758871190119e-02
9.830674727400140478e-02
9.830189522815409309e-02
9.829291857968039392e-02
9.828662898598709841e-02
9.827710398654039559e-02
9.827077776313260238e-02
9.826468181141030656e-02
9.825598397099290227e-02
9.824656655414160111e-02
9.823760964627109571e-02
9.823349943996899369e-02
9.822228887198959646e-02
9.821398791750469981e-02
9.820346373148659824e-02
9.819824487267249380e-02
9.818935560543209928e-02
9.818155849756199371e-02
9.817293892690640011e-02
9.816236294585320432e-02
9.815478376467309807e-02
9.814664847246580559e-02
9.813690481181229497e-02
9.812985155694779749e-02
9.812098816156510084e-02
9.811196978552530479e-02
9.810340163191369478e-02
9.809423453738519427e-02
9.808885872858019717e-02
9.807992819368460680e-02
9.807314620668740324e-02
9.806534165005069414e-02
9.805973493449729461e-02
9.805295374790290452e-02
9.804411840306059833e-02
9.804002541722339759e-02
9.803208495944219780e-02
9.802891264600330223e-02
9.802624607699139681e-02
9.802126681454209622e-02
9.801454307758640516e-02
9.801320562809140435e-02
9.800884977296339673e-02
9.800500507861470423e-02
9.800217024828719592e-02
9.800125519786520578e-02
9.799848687491530264e-02
9.799765511592579970e-02
9.799652833884560377e-02
9.799914883838339863e-02
9.799788823033969698e-02
9.799921494861839333e-02
9.799928243323340060e-02
9.800195175047639318e-02
9.800382750278849309e-02
9.800757904759570260e-02
9.801100930343570328e-02
9.801533322215830180e-02
9.801876093231229325e-02
9.802666061355740090e-02
9.803019747947740170e-02
9.803701301025130599e-02
9.804485481549589376e-02
9.805070886557619436e-02
9.805801954525120157e-02
9.806734195768039564e-02
9.807812118346580232e-02
9.808507448815829977e-02
9.809296616466650631e-02
9.810354011784609696e-02
9.811566724533479777e-02
9.812433831606399981e-02
9.814090666451809331e-02
9.815112634991010609e-02
9.816288916003079734e-02
9.817694784996580659e-02
9.818834116155319980e-02
9.820107573967759573e-02
9.821621123422780153e-02
9.822972263171819707e-02
9.824854976845319443e-02
9.826112596041419733e-02
9.827805729208849428e-02
9.829125544913519530e-02
9.830771653605140104e-02
9.832661524726439561e-02
9.834636927869809531e-02
9.836290541058879955e-02
9.838143892891740294e-02
9.839954064527629829e-02
9.841742575390899361e-02
9.843662060991340002e-02
9.845746297748900200e-02
9.847671970577880074e-02
9.850045035670440541e-02
9.851969719400170689e-02
9.854176554999749538e-02
9.856621934136229612e-02
9.858608997068270263e-02
9.861119233914389381e-02
9.863719014618650693e-02
9.866166778358639866e-02
9.868498437637329701e-02
9.871202880201790375e-02
9.873387804741040608e-02
9.876193418139819769e-02
9.879041105621229335e-02
9.881948555830000203e-02
9.884838134799009413e-02
9.887583676190410398e-02
9.890498627108580687e-02
9.893465749234009454e-02
9.896729656328159819e-02
9.899686207157259998e-02
9.902825988314099825e-02
9.906142844343980569e-02
9.909485718816539446e-02
9.912572239235679927e-02
9.916137412109439497e-02
9.919646499584529320e-02
9.923246322794969376e-02
9.927017059471619775e-02
9.930860214847750389e-02
9.934378071977149893e-02
9.938609725467639766e-02
9.942444218376679521e-02
9.946598584751049910e-02
9.950567476634150643e-02
9.954875044039510068e-02
9.959345606179159649e-02
9.963511524329360380e-02
9.967784656738490345e-02
9.971998891631879414e-02
9.976130877465939906e-02
9.980441427921860065e-02
9.985439723499489606e-02
9.989918751324609880e-02
9.994610768990430660e-02
9.998987114561559697e-02
1.000313005471745037e-01
1.000862260601548953e-01
1.001241094539787047e-01
1.001768227457552063e-01
1.002257903734320027e-01
1.002758639437195953e-01
1.003119147871124051e-01
1.003540185578724042e-01
1.003964345718035972e-01
1.004403923759276951e-01
1.004965242477208059e-01
1.005389386737071955e-01
1.005914145643855007e-01
1.006425239353375967e-01
1.007010172628308026e-01
1.007565390473733058e-01
1.008194028130205977e-01
1.008829684843969010e-01
1.009576186921665036e-01
1.010332269831901997e-01
1.011094190516279023e-01
1.011846033341446960e-01
1.012615461870822048e-01
1.013441373384418032e-01
1.014162438702020941e-01
1.014859191194087962e-01
1.015475149185983972e-01
1.016068731841618944e-01
1.016573980537258948e-01
1.017117779734806049e-01
1.017556932660887009e-01
1.017928682647326055e-01
1.018274917450484041e-01
1.018500468774228979e-01
1.018703793128574037e-01
1.018867984958149037e-01
1.018991115316996016e-01
1.019082343116319012e-01
1.019188048640359973e-01
1.019205061124542067e-01
1.019229900717377041e-01
1.019243375236300042e-01
1.019267354064243014e-01
1.019277631585346067e-01
1.019260746715782012e-01
1.019279526604612990e-01
1.019314989782865999e-01
1.019326409203915040e-01
1.019343233945221028e-01
1.019336410585302971e-01
1.019340472266689057e-01
1.019360901916575995e-01
1.019344870065856945e-01
1.019359777996080019e-01
1.019366651712270977e-01
1.019356335880721998e-01
1.019328153029537970e-01
1.019301399320438062e-01
1.019298425994443064e-01
1.019250177892983000e-01
1.019241663497942041e-01
1.019212132131716020e-01
1.019190625090948960e-01
1.019170983509687933e-01
1.019143750388457059e-01
1.019146187561141004e-01
1.019146435896965963e-01
1.019105733967055061e-01
1.019117063434071963e-01
1.019104851686744029e-01
1.019127212675209060e-01
1.019128863056306955e-01
1.019153313736767957e-01
1.019136948822572941e-01
1.019135098693538938e-01
1.019119704039006952e-01
1.019081340198678964e-01
1.019104074882050959e-01
1.019068899175692017e-01
1.019048529137585035e-01
1.019041231004433057e-01
1.018987030120314941e-01
1.018981414317658984e-01
1.018895892066668946e-01
1.018832655365135981e-01
1.018802466097288029e-01
1.018695071027617000e-01
1.018593221172909985e-01
1.018521657122519047e-01
1.018362444765318064e-01
1.018211771216409045e-01
1.018063234394371019e-01
1.017916741468987002e-01
1.017743976921192950e-01
1.017553291541947041e-01
1.017372511907248950e-01
1.017191110776349966e-01
1.017017646395395047e-01
1.016864657584001935e-01
1.016706504672337946e-01
1.016507218697580983e-01
1.016357580774816943e-01
1.016257010356819979e-01
1.016054972800727041e-01
1.015952272267481027e-01
1.015831409551405939e-01
1.015634002654975943e-01
1.015521701276882044e-01
1.015307858120847034e-01
1.015226470576185980e-01
1.015185802629301054e-01
1.014915415255874948e-01
1.014806320238327009e-01
1.014743288255756937e-01
1.014617886061944946e-01
1.014331936322484945e-01
1.014124664447574042e-01
1.014029754914309023e-01
1.013670710115709972e-01
1.013523946483030069e-01
1.013323523499540940e-01
1.013117477478304995e-01
1.013063426287968971e-01
1.012894824006917993e-01
1.012846303277114973e-01
1.012641547652367996e-01
1.012401225639665975e-01
1.012361979239368992e-01
1.012135978375529044e-01
1.011947386613026023e-01
1.011780306254727035e-01
1.011563288493171064e-01
1.011230511855086972e-01
1.011030343761435968e-01
1.010817795673532027e-01
1.010674492291974980e-01
1.010454906920014995e-01
1.010233236606258023e-01
1.010028240591605009e-01
1.009818760819820027e-01
1.009574948990125953e-01
1.009365445116432031e-01
1.009148780519077970e-01
1.008948086419270002e-01
1.008757444770241041e-01
1.008512957603666937e-01
1.008317318420632047e-01
1.008098893445885935e-01
1.007908835175709006e-01
1.007692240527194999e-01
1.007497979842987973e-01
1.007270696509846991e-01
1.007052302959228068e-01
1.006835733981505943e-01
1.006619961480099967e-01
1.006420888959577015e-01
1.006208424118776035e-01
1.006017549074597062e-01
1.005807165213108006e-01
1.005562262443743943e-01
1.005329326986429961e-01
1.005128509973917950e-01
1.004927215147440045e-01
1.004706878238643963e-01
1.004490457201863002e-01
1.004268912959593030e-01
1.004042076085016055e-01
1.003843123509405993e-01
1.003582180739334001e-01
1.003381204655812986e-01
1.003185010220238038e-01
1.002959864876678958e-01
1.002754306565199066e-01
1.002518122068741940e-01
1.002311869451773946e-01
1.002089076498985931e-01
1.001828392480141050e-01
1.001655133322389007e-01
1.001452625677203973e-01
1.001231434690103006e-01
1.001019604713891953e-01
1.000816372847927044e-01
1.000635735337809945e-01
1.000416951545246014e-01
1.000247246332904988e-01
1.000059492646710041e-01
9.998783337246999747e-02
9.996850832566460399e-02
9.995305077806460048e-02
9.993160931258729396e-02
9.991755214827190146e-02
9.990114029749780356e-02
9.988659843888800238e-02
9.987005315090920210e-02
9.985884625028959571e-02
9.984206502647499648e-02
9.982884142330600286e-02
9.981769699394890671e-02
9.980564033657700340e-02
9.979519531026770363e-02
9.978462766416590357e-02
9.977144727929189438e-02
9.976022620248349571e-02
9.975155367765099756e-02
9.974231898340120417e-02
9.973249849651259769e-02
9.972694236827160663e-02
9.972004140500520530e-02
9.971509186260869850e-02
9.970442834274829969e-02
9.969821454826059692e-02
9.969180582119820111e-02
9.968892353334779521e-02
9.968259328830700317e-02
9.967938887765559475e-02
9.967490499563959327e-02
9.966557472772810677e-02
9.966363429028639309e-02
9.965864530168190571e-02
9.965734251556679357e-02
9.965618466581149804e-02
9.965150592321869727e-02
9.964773232025180005e-02
9.964300624160719877e-02
9.964097079522619971e-02
9.963601076494910114e-02
9.963296574154539842e-02
9.963135810338989706e-02
9.962813263174860601e-02
9.962599755764560416e-02
9.962409901445569427e-02
9.962052220179530571e-02
9.961743882768979430e-02
9.961726751618929510e-02
9.961283750249000368e-02
9.961171697898679733e-02
9.960693616791059524e-02
9.960392079494009843e-02
9.959975846325809512e-02
9.959752418738269941e-02
9.959390770655700276e-02
9.958936067615289933e-02
9.958633292886380495e-02
9.958402694692010393e-02
9.957846386824480145e-02
9.957687838697260041e-02
9.957038829320960516e-02
9.956528556102800520e-02
9.956048831237469809e-02
9.955542524590499376e-02
9.955066869910170202e-02
9.954497002577719633e-02
9.953886050162459587e-02
9.953520867484899615e-02
9.952988484114619339e-02
9.952142608812049318e-02
9.951605622074169433e-02
9.951124207855209514e-02
9.950289477034640617e-02
9.949800756611619501e-02
9.949027757415609963e-02
9.948459301239970243e-02
9.947733056309389366e-02
9.947239773378320493e-02
9.946495803885530007e-02
9.945930271114740429e-02
9.945080446222180626e-02
9.944478485415360336e-02
9.943828616387000163e-02
9.943174353260629539e-02
9.942237606862530663e-02
9.941582845706800620e-02
9.940777385096330465e-02
9.940036105899770214e-02
9.939233667290929553e-02
9.938528434680320156e-02
9.937903457033959997e-02
9.937236300353949336e-02
9.936618998731419627e-02
9.935653278697149926e-02
9.935117144482180640e-02
9.934438868570839853e-02
9.933598313475880404e-02
9.933192921126460240e-02
9.932707871063879701e-02
9.931819936330560372e-02
9.931074800795160196e-02
9.930809304612529809e-02
9.930304905096619394e-02
9.929863224525900534e-02
9.929398009117329504e-02
9.928952687993400361e-02
9.928362858476459663e-02
9.928123654302489776e-02
9.927864964741919818e-02
9.927342311008910403e-02
9.927449516106509608e-02
9.927245214197190359e-02
9.927084295875759912e-02
9.927154863555980036e-02
9.927205914347339566e-02
9.927035582664550661e-02
9.927452553241690458e-02
9.927470788475989405e-02
9.927935114082479806e-02
9.928131431841100141e-02
9.928692492871900310e-02
9.929023017167659670e-02
9.929433265605290548e-02
9.930167960746309752e-02
9.930627596506369503e-02
9.931182561174170531e-02
9.932056707481509705e-02
9.932720036337820690e-02
9.933481521449399887e-02
9.934324698101809625e-02
9.935265327696690685e-02
9.936414135273370640e-02
9.937365625461730412e-02
9.938349408963159659e-02
9.939324064081600518e-02
9.940345325516500297e-02
9.941774058065580566e-02
9.943164110118579702e-02
9.944560263428109392e-02
9.945851033336849945e-02
9.947003463923430322e-02
9.948596412968570279e-02
9.949792321156700203e-02
9.951094418417000265e-02
9.952583445546450691e-02
9.954321048558349705e-02
9.955581496297159771e-02
9.957205864387909389e-02
9.958862098621240611e-02
9.959970261745990094e-02
9.961865753174059535e-02
9.963236998194159588e-02
9.964959336793720313e-02
9.965899816047710247e-02
9.967794020691700396e-02
9.968967725333459373e-02
9.970319835684350596e-02
9.971730519615580601e-02
9.972969353213219368e-02
9.974572468765380284e-02
9.975651844862580553e-02
9.976671829067669528e-02
9.977357534938649519e-02
9.978121815799009808e-02
9.979688499815690672e-02
9.980606745967030013e-02
9.981845875837419557e-02
9.982855037794009789e-02
9.983154556218430675e-02
9.983996765941950680e-02
9.984605550077099712e-02
9.985619932433099921e-02
9.986169072834399918e-02
9.986907555925879365e-02
9.987318980895949772e-02
9.987965710888439819e-02
9.988602983443810313e-02
9.988015917419260092e-02
9.988343581123730608e-02
9.989130572683470322e-02
9.989450973459210181e-02
9.989973917676620019e-02
9.990297450269319812e-02
9.990942092354840320e-02
9.990635956999679990e-02
9.991205753407560175e-02
9.991109705401420016e-02
9.991437570572520022e-02
9.991692805901669638e-02
9.991794211573279405e-02
9.991573235503789507e-02
9.992563899238060543e-02
9.992140541143669508e-02
9.991978687055530495e-02
9.992346616083799815e-02
9.992628058445869599e-02
9.992483167967540492e-02
9.992251253100070674e-02
9.992105239236269421e-02
9.992489219818040391e-02
9.992287477424399711e-02
9.991388184694670327e-02
9.991527737470369541e-02
9.990778745272529959e-02
9.990774024291419753e-02
9.989663307325440111e-02
9.989982773173730624e-02
9.989266421477299707e-02
9.988621143744459696e-02
9.988066411251389498e-02
9.987092872543749944e-02
9.985917432935489946e-02
9.984435482652999350e-02
9.984236197291659898e-02
9.983564107861360448e-02
9.981727188849119636e-02
9.981126318592389857e-02
9.980140977563159432e-02
9.978646695402369760e-02
9.978053980920109645e-02
9.976682028903199884e-02
9.976319258944460477e-02
9.974945902701669309e-02
9.972956789609059569e-02
9.971630223231180146e-02
9.971611072202719861e-02
9.970576753785480306e-02
9.969418324421999711e-02
9.968284175175490258e-02
9.966992548079789405e-02
9.966144391787379320e-02
9.964900428428380419e-02
9.963797955242259530e-02
9.962922118339140320e-02
9.962010398060190675e-02
9.961056064589439429e-02
9.960159486031909537e-02
9.959529336805539312e-02
9.958657205959070557e-02
9.957956446864950351e-02
9.957388122304150491e-02
9.956826120620640430e-02
9.956298135722140008e-02
9.956013101700569856e-02
9.955649813561849582e-02
9.954876970773879341e-02
9.954866088943779834e-02
9.954446756196040635e-02
9.954522544785179838e-02
9.954605076225189753e-02
9.954662629861990575e-02
9.954404326718190033e-02
9.954602818164350053e-02
9.955149193093669469e-02
9.955643971613839516e-02
9.956197478656650390e-02
9.956937565348429608e-02
9.956751259096470463e-02
9.957637449997880363e-02
9.959126537828499881e-02
9.960362258614180453e-02
9.961050453363100299e-02
9.962491564333950111e-02
9.963056506819679969e-02
9.964793558132560569e-02
9.966302170117109782e-02
9.966743503169450680e-02
9.969044027088659610e-02
9.970417411347019809e-02
9.971234487668099999e-02
9.972933526351189515e-02
9.974344563808899833e-02
9.975116648965720589e-02
9.977688673495120619e-02
9.979504706569559958e-02
9.983060388667089335e-02
9.986732832193180587e-02
9.992685560240249787e-02
9.995454234950529315e-02
9.998253870164519608e-02
1.000002804171782056e-01
1.000250635582425052e-01
1.000566983118901937e-01
1.000831428738749029e-01
1.001115180547926947e-01
1.001392500970025023e-01
1.001679363769580056e-01
1.001918303976318952e-01
1.002256896023877020e-01
1.002545918575337980e-01
1.002857680357902986e-01
1.003117364584515947e-01
1.003332796537683008e-01
1.003618899833026018e-01
1.003858577175539002e-01
1.004139974415307057e-01
1.004446820654504025e-01
1.004680186137125036e-01
1.004871596398277944e-01
1.005120884955675031e-01
1.005416745541383994e-01
1.005666964673627012e-01
1.005926087283180032e-01
1.006153268181101956e-01
1.006390502018548044e-01
1.006683848442204016e-01
1.006948835679506021e-01
1.007245397284625976e-01
1.007548254065499943e-01
1.007817305948915942e-01
1.008115579316467003e-01
1.008403586648967953e-01
1.008681752341065024e-01
1.008922522375550052e-01
1.009196051337744038e-01
1.009437980776325960e-01
1.009733871784601056e-01
1.009965926795480945e-01
1.010211370125090047e-01
1.010423744868711032e-01
1.010742033402181050e-01
1.011056175098978965e-01
1.011322923359297965e-01
1.011570016401094063e-01
1.011861514574665943e-01
1.012139658040334955e-01
1.012442220659123954e-01
1.012680972231354004e-01
1.012826305441641012e-01
1.013056983992907945e-01
1.013199088818279026e-01
1.013363944723981031e-01
1.013480193710258048e-01
1.013599053355150048e-01
1.013663987736514033e-01
1.013779347608718961e-01
1.013824028588495990e-01
1.013902964678028013e-01
1.013983078718980052e-01
1.014016240284554005e-01
1.014054703216148018e-01
1.014089083802204999e-01
1.014100071234659978e-01
1.014090951833219040e-01
1.014094353040013996e-01
1.014082255840307034e-01
1.014017670504059054e-01
1.013963205662928024e-01
1.013923362449201948e-01
1.013847848333997992e-01
1.013779811819130044e-01
1.013730452271886934e-01
1.013685453810032056e-01
1.013596562787633937e-01
1.013534039360877020e-01
1.013468224974854032e-01
1.013413089144764995e-01
1.013353697884088050e-01
1.013280935344009065e-01
1.013228211808961943e-01
1.013163387277346977e-01
1.013063856040358063e-01
1.013000898332098026e-01
1.012929600707598021e-01
1.012817220217536035e-01
1.012762848681512950e-01
1.012680098199463946e-01
1.012552034857483046e-01
1.012435748253694978e-01
1.012333425519034019e-01
1.012227819227830977e-01
1.012086063328739016e-01
1.011947803804219975e-01
1.011813306492188036e-01
1.011716278635624994e-01
1.011543996756690961e-01
1.011430454907551041e-01
1.011221749247410984e-01
1.011005052431060980e-01
1.010960083178361057e-01
1.010756983786851998e-01
1.010585654829450064e-01
1.010459436275419065e-01
1.010186768524758971e-01
1.010001903470043039e-01
1.009870372182426063e-01
1.009657979214830942e-01
1.009378564469364942e-01
1.009218233442412960e-01
1.009272049398974025e-01
1.008990709489579057e-01
1.008846325332199007e-01
1.008526507264522060e-01
1.008166731037010988e-01
1.008070388853856969e-01
1.007811921853755954e-01
1.007706387248866048e-01
1.007462436673065009e-01
1.007369463126956965e-01
1.007123625474975054e-01
1.007083503230283006e-01
1.006927633980348041e-01
1.006650682846593065e-01
1.006522187449561956e-01
1.006311799798193934e-01
1.006089583007298977e-01
1.005835106054752959e-01
1.005481195306501957e-01
1.005267576793758971e-01
1.005141042291033959e-01
1.004890842490839958e-01
1.004647825855727039e-01
1.004398868870100964e-01
1.004127935474886935e-01
1.003903158421192016e-01
1.003662920248821061e-01
1.003422022943418063e-01
1.003175353851502999e-01
1.002911725286045053e-01
1.002666685446083061e-01
1.002422010428784954e-01
1.002176651709401067e-01
1.001923873381487945e-01
1.001697001135122972e-01
1.001461053987043048e-01
1.001246247290147051e-01
1.000969341797203066e-01
1.000759148744416044e-01
1.000575182213483960e-01
1.000303279517203991e-01
1.000086719599450058e-01
9.999004938741110071e-02
9.996501271036539737e-02
9.994442674011469463e-02
9.992451830834850335e-02
9.990322394262990402e-02
9.988614276186490171e-02
9.986677272427180174e-02
9.984791684945680534e-02
9.982695499771609970e-02
9.981319514946390692e-02
9.979397297368819419e-02
9.977950575408679745e-02
9.976515622244340464e-02
9.975076834779400548e-02
9.973593325293110545e-02
9.972200100618769381e-02
9.970866734598879400e-02
9.969739585619119548e-02
9.968702836388969313e-02
9.967814734600199955e-02
9.966671576103980357e-02
9.965741169519780340e-02
9.964858829992280509e-02
9.964136871827909692e-02
9.963257594416370655e-02
9.962665957863919841e-02
9.962206221371479320e-02
9.961567895281929486e-02
9.961253715176569823e-02
9.960718109181759816e-02
9.960267951141249521e-02
9.960142159406899787e-02
9.959908119728400067e-02
9.959641755741370506e-02
9.959541394927319546e-02
9.959801745651179761e-02
9.959774205846640138e-02
9.959620678999869803e-02
9.959902860166650052e-02
9.960115234621109981e-02
9.960324070239620631e-02
9.960787881162219692e-02
9.960881524225180528e-02
9.961071282279640449e-02
9.961536396092170176e-02
9.961985523382480001e-02
9.962397333875820660e-02
9.963303942807250069e-02
9.963879296568420307e-02
9.964356688839509646e-02
9.964916923012810679e-02
9.965507131704559596e-02
9.966394411524240327e-02
9.966936303800490171e-02
9.967889575992859574e-02
9.968769360165140314e-02
9.969570924689119540e-02
9.970228679893379520e-02
9.971054610258890671e-02
9.971857221743959943e-02
9.972997174652230290e-02
9.973905150344329618e-02
9.974474838753299988e-02
9.975372720128880544e-02
9.976318431309179335e-02
9.976989823673640401e-02
9.977846584164340449e-02
9.978767979147150358e-02
9.979888058039590448e-02
9.980427077116750534e-02
9.981220609642349473e-02
9.982271363333000691e-02
9.983025714722970623e-02
9.983704573926910353e-02
9.984446340801719777e-02
9.985345520902830230e-02
9.985130479236470347e-02
9.986607541003120203e-02
9.987023391392430005e-02
9.987622343160869332e-02
9.988540483301060202e-02
9.989393604963089923e-02
9.989685412182200408e-02
9.990317695862720171e-02
9.989847804162629852e-02
9.991164020671029766e-02
9.991476545410289678e-02
9.990597719306190672e-02
9.991201893688779478e-02
9.992973323098529315e-02
9.993390930468290523e-02
9.993362886140459700e-02
9.993956379409839330e-02
9.993217376662699714e-02
9.994206816651950154e-02
9.993791023343640001e-02
9.995090740472180324e-02
9.995187632089680418e-02
9.994123201496070419e-02
9.994749356487180048e-02
9.995841688226310418e-02
9.996134577592820369e-02
9.996589948506280632e-02
9.996786457642979629e-02
9.996119554276500230e-02
9.996867877156689897e-02
9.997016654110310596e-02
9.997174548312770526e-02
9.997740940801169707e-02
9.996605305109110273e-02
9.997796749322719612e-02
9.998246443453169541e-02
9.997792435047049564e-02
9.998525185529899550e-02
9.998853187271510012e-02
9.998926784390109457e-02
9.998420417557039863e-02
9.998674149487740692e-02
9.998590185629989413e-02
9.998827452282700590e-02
1.000027082565269065e-01
1.000039395304578027e-01
9.999945324067799346e-02
1.000022322595433000e-01
1.000120478036722049e-01
1.000102531872926054e-01
1.000116152797872054e-01
1.000162002429139940e-01
1.000226450685150065e-01
1.000167541149267064e-01
1.000165552550849046e-01
1.000226759618695060e-01
1.000213007362008022e-01
1.000267602006390949e-01
1.000331598550737028e-01
1.000354554963852061e-01
1.000367631077675040e-01
1.000422126297288994e-01
1.000471895657930044e-01
1.000435718669756002e-01
1.000486342237601051e-01
1.000483837922129943e-01
1.000478390694068964e-01
1.000517297486542972e-01
1.000532972597878989e-01
1.000477655568285940e-01
1.000478560412517981e-01
1.000514763847066002e-01
1.000502584082199053e-01
1.000489692805780068e-01
1.000495763786534015e-01
1.000439836897623058e-01
1.000423671948176968e-01
1.000374888976363064e-01
1.000329300379309005e-01
1.000317333679846959e-01
1.000269085717414019e-01
1.000206563243735969e-01
1.000100545128551066e-01
1.000100550382351933e-01
1.000023098923649018e-01
9.999969337976169492e-02
9.999028337945009559e-02
9.998633284959379530e-02
9.996251970413659593e-02
9.996675008049710209e-02
9.994730908289779781e-02
9.993776655872910197e-02
9.993157491025600470e-02
9.992809639364029495e-02
9.991224572978420204e-02
9.989856829227809765e-02
9.988631135381929871e-02
9.988709870002039637e-02
9.987879618945620652e-02
9.986152837544309824e-02
9.985415871079969530e-02
9.984583610601030501e-02
9.983423806833889580e-02
9.982812862238349405e-02
9.981626627076839453e-02
9.980675491381520159e-02
9.979760551489549880e-02
9.979008313655310380e-02
9.977935410478830369e-02
9.977129127217039539e-02
9.976536586752210445e-02
9.975862554315920172e-02
9.975076110922040384e-02
9.974066576726969835e-02
9.973611087844509726e-02
9.972792592096789421e-02
9.972433888525769619e-02
9.971839861563240592e-02
9.971290890763449821e-02
9.970820855939679928e-02
9.970212860388609488e-02
9.969860145390579964e-02
9.969368099990219556e-02
9.968787049259500432e-02
9.968816627408019770e-02
9.968309612063780412e-02
9.967945264505580216e-02
9.967635555228440691e-02
9.967314159171999921e-02
9.967127826797569923e-02
9.967110203899019749e-02
9.967063763621729355e-02
9.966700625576220551e-02
9.966726988762540651e-02
9.966407177472820511e-02
9.966529565426110460e-02
9.966517754065569445e-02
9.966521658530569372e-02
9.966555756126330157e-02
9.966781856764800329e-02
9.966863286198279770e-02
9.966890150758249411e-02
9.966674413250729836e-02
9.966723253873539801e-02
9.967017885511310349e-02
9.967148303067749349e-02
9.967146336350990454e-02
9.967492543515669989e-02
9.967474468997880588e-02
9.967889370504209867e-02
9.967789293717430055e-02
9.968223568306550098e-02
9.968554531808250518e-02
9.968763751939910267e-02
9.968733386629899385e-02
9.969004468026329557e-02
9.969104716773970198e-02
9.969334905725099616e-02
9.969631167774009595e-02
9.969802383871399776e-02
9.970152690326700151e-02
9.970335776076490186e-02
9.970570374692989957e-02
9.971051484206000515e-02
9.971405208178669988e-02
9.971599882549479765e-02
9.971899885928320328e-02
9.972040410956670153e-02
9.972376848103800540e-02
9.972560777193539838e-02
9.973024680707280598e-02
9.973334781715130493e-02
9.973503103417810656e-02
9.973974112800690350e-02
9.974475626113270266e-02
9.974670853440449625e-02
9.975037682099860414e-02
9.975485271920400687e-02
9.975769127425590521e-02
9.976182812874630212e-02
9.976751773931230582e-02
9.977378266702920107e-02
9.977637458640180312e-02
9.978187069139760057e-02
9.978650630204090322e-02
9.979235112290399390e-02
9.979794062095299900e-02
9.980618108302180547e-02
9.980416647112970441e-02
9.981727541454220309e-02
9.982566014182869818e-02
9.983049566996810009e-02
9.984092782889629480e-02
9.984864314041019817e-02
9.985736366991429525e-02
9.986705854232690027e-02
9.987454108516680140e-02
9.988862477936549800e-02
9.989961362651310350e-02
9.991086811889640651e-02
9.991500971690760180e-02
9.992211700256889428e-02
9.994480128499530491e-02
9.995316748183590005e-02
9.996078934295299367e-02
9.997627695455449381e-02
9.998533744733099915e-02
1.000059765929924988e-01
1.000071751877227993e-01
1.000275724341973954e-01
1.000377366769971965e-01
1.000596262018951937e-01
1.000723969063899987e-01
1.000899292490397968e-01
1.001168656706265953e-01
1.001380356421014001e-01
1.001613823323270064e-01
1.001809098966215950e-01
1.002029528108961953e-01
1.002332731818103007e-01
1.002424521332894031e-01
1.002754272040139033e-01
1.002927415403938038e-01
1.003181131165764017e-01
1.003385076554967059e-01
1.003556423043921036e-01
1.003897392252728060e-01
1.004095072881457940e-01
1.004344541304368066e-01
1.004534724742586066e-01
1.004735956359296967e-01
1.004960650099060993e-01
1.005155180908156032e-01
1.005390763946447941e-01
1.005570878546063057e-01
1.005741512691543937e-01
1.005955940420785039e-01
1.006126996368353066e-01
1.006294529756953937e-01
1.006494663114367027e-01
1.006649756880712981e-01
1.006834114139243952e-01
1.007033728181694066e-01
1.007159605981766959e-01
1.007367648475460953e-01
1.007519043049067975e-01
1.007684650319049940e-01
1.007832187963531023e-01
1.008007991976326012e-01
1.008167408629924017e-01
1.008333721044265968e-01
1.008506055830128978e-01
1.008653264280439943e-01
1.008804592823619034e-01
1.008978141914614046e-01
1.009110229420898952e-01
1.009302495640869990e-01
1.009379124631590019e-01
1.009534188896610979e-01
1.009708770341242040e-01
1.009796974832097988e-01
1.009943376780434027e-01
1.010097448226834060e-01
1.010231246865428978e-01
1.010379230637957065e-01
1.010473311997021062e-01
1.010554408185700970e-01
1.010682042713054035e-01
1.010785063579176940e-01
1.010855336480595973e-01
1.010955177563274965e-01
1.011072730904717942e-01
1.011142518103883975e-01
1.011210252170999940e-01
1.011244785626411041e-01
1.011325038712501956e-01
1.011371795985246957e-01
1.011415046230827036e-01
1.011450227076974018e-01
1.011446410159781983e-01
1.011464157192882990e-01
1.011493425955475034e-01
1.011501344378705064e-01
1.011506896096783931e-01
1.011506405563146055e-01
1.011499061278488959e-01
1.011464619907355006e-01
1.011450767395404987e-01
1.011448349635351018e-01
1.011409776643789060e-01
1.011367530144055005e-01
1.011318876919558990e-01
1.011276980250628982e-01
1.011234042566444974e-01
1.011172225325464025e-01
1.011087388103636964e-01
1.011047173189102977e-01
1.011000151050588935e-01
1.010914558286829940e-01
1.010837968416682942e-01
