7.497205548504459749e-02
7.581330965549980261e-02
7.649945691499909772e-02
7.730017554558139825e-02
7.793050907104000224e-02
7.881798233808079424e-02
7.940758501594190333e-02
7.996216528359140208e-02
8.081104100961440662e-02
8.155812977985109347e-02
8.203065415273119720e-02
8.259610846597040257e-02
8.313677220964059422e-02
8.367888433410350379e-02
8.450738949407410328e-02
8.495836715277789442e-02
8.570385782274959896e-02
8.631554239513129778e-02
8.685474512804319813e-02
8.755541189399469737e-02
8.798829349074649420e-02
8.856332579738550315e-02
8.959801908622469502e-02
8.999353561679369895e-02
9.045382124814620173e-02
9.086993017007830020e-02
9.169681748045530045e-02
9.194934459879000599e-02
9.230144404484499909e-02
9.311887219695980100e-02
9.355433797134619922e-02
9.418712507515969445e-02
9.400348709088710009e-02
9.499562594991929620e-02
9.563088028573120403e-02
9.613141482868399479e-02
9.681163708238919863e-02
9.728103870825270671e-02
9.780713952173579473e-02
9.825998325467780181e-02
9.864939364662020371e-02
9.912938128915120550e-02
9.960729958227360070e-02
1.001357889987300048e-01
1.005353540115680039e-01
1.010213243411521022e-01
1.013876071421365987e-01
1.018122088397137998e-01
1.022115769161754950e-01
1.026810471006413955e-01
1.031091765017649042e-01
1.034610958791077062e-01
1.038035692827941059e-01
1.041716865907083983e-01
1.045157750288400050e-01
1.048451403280307032e-01
1.050755966802622982e-01
1.053989755040024012e-01
1.057213466200604968e-01
1.060193048643422037e-01
1.063378285540984985e-01
1.066514455768741987e-01
1.069085065632568027e-01
1.070820528590219062e-01
1.074903379703821965e-01
1.077179844782595042e-01
1.080195864294266062e-01
1.083875826256279068e-01
1.084266891392311055e-01
1.087982887266414067e-01
1.089692126297631958e-01
1.092536869633121965e-01
1.095537446846690938e-01
1.097396952775215040e-01
1.099423402493193980e-01
1.100517494660916001e-01
1.101972839580176999e-01
1.104134257723716067e-01
1.107376265932234066e-01
1.109227143741924049e-01
1.111346556033809968e-01
1.112582874734097949e-01
1.113311814365666036e-01
1.114617611154376936e-01
1.116034070159215019e-01
1.117964384793252025e-01
1.118639664380124965e-01
1.120757754091283032e-01
1.121618542705010990e-01
1.123023978767691972e-01
1.124110545629579960e-01
1.125282114293764957e-01
1.126121133341232011e-01
1.127252146978010017e-01
1.127645783399467000e-01
1.128016185475838040e-01
1.128683253772800044e-01
1.129250537073367977e-01
1.129299210943034981e-01
1.129840575345894965e-01
1.130125233700254028e-01
1.131068519669850975e-01
1.131208108797742973e-01
1.132119553084501018e-01
1.132458394563266996e-01
1.132549734334517971e-01
1.132924468321856032e-01
1.132952059904513975e-01
1.133722303599506015e-01
1.133465309688299061e-01
1.133986558356788049e-01
1.134323474065098980e-01
1.133861744992469001e-01
1.134599243933347018e-01
1.134086150643583008e-01
1.134349931672934964e-01
1.134422856111835937e-01
1.133945600591450970e-01
1.133971576746751059e-01
1.134169620582131943e-01
1.133911008313432944e-01
1.133509350165431001e-01
1.133513928542581040e-01
1.133506980866834934e-01
1.133402778920429010e-01
1.133753973801231024e-01
1.132903788163814041e-01
1.133380157966201035e-01
1.132572875250222044e-01
1.132727181048194948e-01
1.132807814455808054e-01
1.129946694967633031e-01
1.130274881058396935e-01
1.131525681755923968e-01
1.131517843916202970e-01
1.131851584029714974e-01
1.131842509553789011e-01
1.130382228463209932e-01
1.129627775549585933e-01
1.129306509648986961e-01
1.128116258399018967e-01
1.127838974333661010e-01
1.127297665034342061e-01
1.126298318285200023e-01
1.125653985258431994e-01
1.124789876964165936e-01
1.123845282803639933e-01
1.123010695796611003e-01
1.120801752487964043e-01
1.119278887560700014e-01
1.118404977948311008e-01
1.117379524745121949e-01
1.115611113567070989e-01
1.114224703182304932e-01
1.112804738560318057e-01
1.111456475726892018e-01
1.109785496685737061e-01
1.108516193497297020e-01
1.106916788753612019e-01
1.105933539705370033e-01
1.104130841423239945e-01
1.102946263610064953e-01
1.101686679088410004e-01
1.100499860341080938e-01
1.098925421565689065e-01
1.097825245592172066e-01
1.096109025227565981e-01
1.094368461949668941e-01
1.092744637283672993e-01
1.090789843256300962e-01
1.089043065806304944e-01
1.087420321967079023e-01
1.085612753878456987e-01
1.083527867465771954e-01
1.082039916311750977e-01
1.079814253705028981e-01
1.078301147950856964e-01
1.076627095956158991e-01
1.074882875545398048e-01
1.073010685563331040e-01
1.071164471026574971e-01
1.069680564160425951e-01
1.068076966687717955e-01
1.066263613783907938e-01
1.064743731560358064e-01
1.062874092241349044e-01
1.061220312859162962e-01
1.059373730137920938e-01
1.057873959503333045e-01
1.055665110965179065e-01
1.054047546580452049e-01
1.052223886193505015e-01
1.050275388063752063e-01
1.048579997585808998e-01
1.047082344983781971e-01
1.044966486179260967e-01
1.043173376300069038e-01
1.041229436429530059e-01
1.039541856923894003e-01
1.037592082543643962e-01
1.036003620174322931e-01
1.034311613050920009e-01
1.032360836002362975e-01
1.030523022693757007e-01
1.028802260907454996e-01
1.026720523374282934e-01
1.025148148704660978e-01
1.023838020805173943e-01
1.022122224112979039e-01
1.020493498533343035e-01
1.018625826269494994e-01
1.016529254636256985e-01
1.014894489364169955e-01
1.013332567672085988e-01
1.011684324202801050e-01
1.010229088201731046e-01
1.008509902154002963e-01
1.006401926425719989e-01
1.005299728968787054e-01
1.003924218051767958e-01
1.002379503857639964e-01
1.001258532919603039e-01
9.995748500887589871e-02
9.980782993917719503e-02
9.965009341251129804e-02
9.952337484189059669e-02
9.943949694965330266e-02
9.928671407025950468e-02
9.914798092854269773e-02
9.903030741178689422e-02
9.890817870106149989e-02
9.877601646260759927e-02
9.867282633215919418e-02
9.850707959898430399e-02
9.842678500293700061e-02
9.828782097803659412e-02
9.822589265397360658e-02
9.809409728645220039e-02
9.799836554590729554e-02
9.788301904854120050e-02
9.777914553217019467e-02
9.762649383941650327e-02
9.756789667617210560e-02
9.744903079547659330e-02
9.735479251317119553e-02
9.727032738050890581e-02
9.721530311005159575e-02
9.710013678418649707e-02
9.704058607800269964e-02
9.693607985982140296e-02
9.688784421299000138e-02
9.677046372550389408e-02
9.673358788813610221e-02
9.668128696378569531e-02
9.663855760196289613e-02
9.655944073631669844e-02
9.651421641058030576e-02
9.639263677003999387e-02
9.639413327598919667e-02
9.632812212019359333e-02
9.628793424045470339e-02
9.620830887008680055e-02
9.618635774127909377e-02
9.612575657390469430e-02
9.614714743447859424e-02
9.609195337347739563e-02
9.607091473029999440e-02
9.602094226851730363e-02
9.597998060727780389e-02
9.593880201317959988e-02
9.591044211968009769e-02
9.593265540489000209e-02
9.590812787887149915e-02
9.588571112273110153e-02
9.589037812727639609e-02
9.588030464464389335e-02
9.585417714662300415e-02
9.585867929770089391e-02
9.580132626137420615e-02
9.580914469135770606e-02
9.583040759692260102e-02
9.583136057621119419e-02
9.581955864883520690e-02
9.580167650913329336e-02
9.584384306768040096e-02
9.585705081475369427e-02
9.587552935029529377e-02
9.587780859580449788e-02
9.593022305861630128e-02
9.594671893139940233e-02
9.595415736562179498e-02
9.596932668653930520e-02
9.604109799690239979e-02
9.606431683959769374e-02
9.605236014518279963e-02
9.613037354323300532e-02
9.619108483014969513e-02
9.622420117245590598e-02
9.626097923793530686e-02
9.626708784466909974e-02
9.634826151042630293e-02
9.640128528907830618e-02
9.647205664969900341e-02
9.650595415169639646e-02
9.658119449372880305e-02
9.664832920582519526e-02
9.669187672158639779e-02
9.678872135510149799e-02
9.686887220713309710e-02
9.692212033690410233e-02
9.698963009890659848e-02
9.706854356257159366e-02
9.713017446525899767e-02
9.718100764934349545e-02
9.735142793229950575e-02
9.738898878985929874e-02
9.741687065871840190e-02
9.750529239673949577e-02
9.761078985728539881e-02
9.772010412087279996e-02
9.779186248000550086e-02
9.784341008543440132e-02
9.791065132469929655e-02
9.799370240461749426e-02
9.808396317271990406e-02
9.821032431243779948e-02
9.828494571387409728e-02
9.840222691628830454e-02
9.843714040296350221e-02
9.853658895373310078e-02
9.860556490403660224e-02
9.871448274017470548e-02
9.882730296258600278e-02
9.893051939679330109e-02
9.901242575970789495e-02
9.911577068348399744e-02
9.920773000022130306e-02
9.931844878250670194e-02
9.938008785008170531e-02
9.946813918451630210e-02
9.958779192471819974e-02
9.966468403770729900e-02
9.975495676104159659e-02
9.985137894469170439e-02
9.994742702178119331e-02
1.000726162025705052e-01
1.001577763054499054e-01
1.002329939121159030e-01
1.002928079763559938e-01
1.003954137863434931e-01
1.005129974087491940e-01
1.005752621913238026e-01
1.006599953879729059e-01
1.007818327401247965e-01
1.008660486304222004e-01
1.009795555128216032e-01
1.010262537267648947e-01
1.010879841562721954e-01
1.012146236490654994e-01
1.013283985033786999e-01
1.013755519426985940e-01
1.014969135688667951e-01
1.015782383904959008e-01
1.016532554290890955e-01
1.017210987949001971e-01
1.018485338148876068e-01
1.019165174004954960e-01
1.019722600365532000e-01
1.020494125985318967e-01
1.021415366780026035e-01
1.021708121877770020e-01
1.022689851123925048e-01
1.023088919625488036e-01
1.024109535437487950e-01
1.024835216706008051e-01
1.025465659854346984e-01
1.026098801153201012e-01
1.026543825577780067e-01
1.027195607248301001e-01
1.027956352496417064e-01
1.028440073535728944e-01
1.029072980262155934e-01
1.029528277093770955e-01
1.030046437866069947e-01
1.031015163574437038e-01
1.031160262835623953e-01
1.031654043685598932e-01
1.032280960155521066e-01
1.032764823265781978e-01
1.033397164453229988e-01
1.033799077506167979e-01
1.034570272988991069e-01
1.034353163889474986e-01
1.034917093360016999e-01
1.035559285719588052e-01
1.035754849817882989e-01
1.035955511178496963e-01
1.036320428318831949e-01
1.036713629856940017e-01
1.036703998105679009e-01
1.037147694229807043e-01
1.036937773241896066e-01
1.036846504734510038e-01
1.037500460966118004e-01
1.037433018687844016e-01
1.037697160287081033e-01
1.037082190307449941e-01
1.037442429887605044e-01
1.037484898802182032e-01
1.037579324649267054e-01
1.037160421279928052e-01
1.037460041298687019e-01
1.037181471817722050e-01
1.036832758653243036e-01
1.036767863656222061e-01
1.036750545219758957e-01
1.036806824777126990e-01
1.036383074966374940e-01
1.036435469134455029e-01
1.036019377110588974e-01
1.035619983755648038e-01
1.036199371729580043e-01
1.035754939773542022e-01
1.035944609325881033e-01
1.036310580745885973e-01
1.036280287919991022e-01
1.036294700956256060e-01
1.036538753221963038e-01
1.036703194144141943e-01
1.036967893420717990e-01
1.037067429404096991e-01
1.037254244687162014e-01
1.037064097243130950e-01
1.037052045944979045e-01
1.037326553337330065e-01
1.037602385263779042e-01
1.037487583332322022e-01
1.037547972761617976e-01
1.038011768190271050e-01
1.037301942357077011e-01
1.037865471518147065e-01
1.037621027833957044e-01
1.037631662687887035e-01
1.037506616450561969e-01
1.037414083099470058e-01
1.037125937094846989e-01
1.036983319597766934e-01
1.036602188503168986e-01
1.036798350336690933e-01
1.036703001211388975e-01
1.036410477263564056e-01
1.035819807979947021e-01
1.035591704326510043e-01
1.035166786354260043e-01
1.034896514351646007e-01
1.034660782012020996e-01
1.033949321605260041e-01
1.033541010433964985e-01
1.032888613270163958e-01
1.032632993481452932e-01
1.032144868455129039e-01
1.031255574464007979e-01
1.030557594853565989e-01
1.030063996439862933e-01
1.029301436359087996e-01
1.028768376217702035e-01
1.028066861188124959e-01
1.027186151052416063e-01
1.026735115952946004e-01
1.025903689245170058e-01
1.025351455752278040e-01
1.024214313229092066e-01
1.023568439343422037e-01
1.022472269894573044e-01
1.022245266067389052e-01
1.021498510303122942e-01
1.020261254798159045e-01
1.019895663489071014e-01
1.018938887582105934e-01
1.018128821191321975e-01
1.017360904016890027e-01
1.016762013178233032e-01
1.015871034269009016e-01
1.015413651802593992e-01
1.014489002606040052e-01
1.014209748922463988e-01
1.013117646835838964e-01
1.012392468750696051e-01
1.011480503557680016e-01
1.010488990581800001e-01
1.010216160406453983e-01
1.009556134012934009e-01
1.008627371742596979e-01
1.007812827069893974e-01
1.006808230671145943e-01
1.006283120861715952e-01
1.005995030613796026e-01
1.004997992110898963e-01
1.004519440073774056e-01
1.003883675563034955e-01
1.002946480812453023e-01
1.002671956206643983e-01
1.001981443848559000e-01
1.001249477769630969e-01
1.000782983312989982e-01
1.000092239596010041e-01
9.995275032847150687e-02
9.989020134603590617e-02
9.984741067253399827e-02
9.974793066711359901e-02
9.972300704358469381e-02
9.963740654410620234e-02
9.957883192483360513e-02
9.953351581845210072e-02
9.948072907330049452e-02
9.940875390774789322e-02
9.937332979812969758e-02
9.936354170969009802e-02
9.927050289195249455e-02
9.925679839759790624e-02
9.916795761834680534e-02
9.911864908808799834e-02
9.906687168382710684e-02
9.904161264850010193e-02
9.901745765905800578e-02
9.895657817177340443e-02
9.894542083249900644e-02
9.888532922295770189e-02
9.885363435554370137e-02
9.885706792229140283e-02
9.875129890073959527e-02
9.872511219797469595e-02
9.873649584095399445e-02
9.869270182292949611e-02
9.864051510007409984e-02
9.860417092388119864e-02
9.862409534073990347e-02
9.857131871801870504e-02
9.854985967344509490e-02
9.849926100436290355e-02
9.852051943440509607e-02
9.846433783024299835e-02
9.848019908800320632e-02
9.844478088085309442e-02
9.841756963053799323e-02
9.841691535749209907e-02
9.842208926419310222e-02
9.838186863936880522e-02
9.837776515097219898e-02
9.838464539329840053e-02
9.838565808012550429e-02
9.841569969352059744e-02
9.838109691509870636e-02
9.837557441860030061e-02
9.838193754681150149e-02
9.839117277186519572e-02
9.843916164765870169e-02
9.840816936976889973e-02
9.841912035135770564e-02
9.844958823476679388e-02
9.845170737900499347e-02
9.845869085549729949e-02
9.848974403185209447e-02
9.850157149499219611e-02
9.851751400350509946e-02
9.856834343119580399e-02
9.856578606230549655e-02
9.857613275969079325e-02
9.862399241714789322e-02
9.866366594462749884e-02
9.870638967057439317e-02
9.874137721977339910e-02
9.874417163387530505e-02
9.876042657667169489e-02
9.883388948573340604e-02
9.886931022630540689e-02
9.889179465705899563e-02
9.896548221297769843e-02
9.899211524268930473e-02
9.898841589313039924e-02
9.906351036023669510e-02
9.909640606559010079e-02
9.913856219399740100e-02
9.920777114823149667e-02
9.922871867247859412e-02
9.927790228331820344e-02
9.935471063943560055e-02
9.940968221941559602e-02
9.944481134505379905e-02
9.952205130016329726e-02
9.956381496160709998e-02
9.963881387919060195e-02
9.970115263747890422e-02
9.973246020649929877e-02
9.981428151441440466e-02
9.984368369769580642e-02
9.992741585173600671e-02
9.997587098626770086e-02
1.000474529932905005e-01
1.000769684276325983e-01
1.001590634537912056e-01
1.002047122741635959e-01
1.002898040187378964e-01
1.003598425552601064e-01
1.004170520575490000e-01
1.004839609630859970e-01
1.005129819615638992e-01
1.005821968689491058e-01
1.006838358097530972e-01
1.007540055270479962e-01
1.008225984095059008e-01
1.008596383990680995e-01
1.009540569322204956e-01
1.009689636818224961e-01
1.010691427702438000e-01
1.010941610679508967e-01
1.011476446178638938e-01
1.012356905047915034e-01
1.012513001137904933e-01
1.013193927244639969e-01
1.013714276734337949e-01
1.013983004085978051e-01
1.014589274256688933e-01
1.014729562340053043e-01
1.015061924210608063e-01
1.014963051353195006e-01
1.015048773024519041e-01
1.014940208869836019e-01
1.014784130136456991e-01
1.014988662137081971e-01
1.015099956586482943e-01
1.014673262041927010e-01
1.014548771560978002e-01
1.013827499633992019e-01
1.014325227492274967e-01
1.013662282327340985e-01
1.014586053340907068e-01
1.014906193911224996e-01
1.012957734331049048e-01
1.014983741181929022e-01
9.915861421184139768e-02
9.940359495909539822e-02
1.007306021003410990e-01
1.012722819872200058e-01
1.014616113315789936e-01
1.015514045528611020e-01
1.014628582575288068e-01
1.016219536171145965e-01
1.017142004165097063e-01
1.017918093825859044e-01
1.018991013695034059e-01
1.020291110654260036e-01
1.021546300622147019e-01
1.022270492289383964e-01
1.022774790483289981e-01
1.023342290329968957e-01
1.023503513026391004e-01
1.024740188395680957e-01
1.025789148897758990e-01
1.026136488902879007e-01
1.027341662533755029e-01
1.027276491829157007e-01
1.028191452648423015e-01
1.028698804225968017e-01
1.029139022287084010e-01
1.029831008012276061e-01
1.029667284332854010e-01
1.030077912184069050e-01
1.030704069345338980e-01
1.030385636722463971e-01
1.030732000287517963e-01
1.031399181120150055e-01
1.031202207132682069e-01
1.031354892849096067e-01
1.031065693992342935e-01
1.031769469179728005e-01
1.031682501263003066e-01
1.031569407086411067e-01
1.032251207570294010e-01
1.032347134842748065e-01
1.032259175124078943e-01
1.032305850800910030e-01
1.032300617537444953e-01
1.032297487505102057e-01
1.032561149437453002e-01
1.032274107933417034e-01
1.032666475158297015e-01
1.032601168529190955e-01
1.032413543607964002e-01
1.032795680783727965e-01
1.032683774742402943e-01
1.032730245444521966e-01
1.032681800746358958e-01
1.032916751422672946e-01
1.032262979932065949e-01
1.032380786512108045e-01
1.032803732120447932e-01
1.032226291233726972e-01
1.032755355597388958e-01
1.032210124925518058e-01
1.032557575250886983e-01
1.031715180440494067e-01
1.031654162725513940e-01
1.031293306507121005e-01
1.032457965613687023e-01
1.031663273431459027e-01
1.032516246103064028e-01
1.032044316914445953e-01
1.030089584971431022e-01
1.030662911428116002e-01
1.030891070540582016e-01
1.032589355372467016e-01
1.030664690526311988e-01
1.031609543783227056e-01
1.032074230387601960e-01
1.033832204200060001e-01
1.033320710474573967e-01
1.031348038535526007e-01
1.030802204975406061e-01
1.030686884255097024e-01
1.029265079222089069e-01
1.029219955886924026e-01
1.028758957781178984e-01
1.028797757057842988e-01
1.029230311406865994e-01
1.027848706918856048e-01
1.029967978176378057e-01
1.028697094945224960e-01
1.029217939930336945e-01
1.030002538667412065e-01
1.029445594391057012e-01
1.031597735508751057e-01
1.033137334878188041e-01
1.033323188399531967e-01
1.033295710200251988e-01
1.033263932876490043e-01
1.032800358610578978e-01
1.030868009964304027e-01
1.032529533731925964e-01
1.032625744555232955e-01
1.032386039863393001e-01
1.032640934232233049e-01
1.032204645553442962e-01
1.032034508072989937e-01
1.031606178398171009e-01
1.031028412629256957e-01
1.031127370271033017e-01
1.030592527482046966e-01
1.030697367877903975e-01
1.030310767213814954e-01
1.029371513429637036e-01
1.029665612426179933e-01
1.028961845579191986e-01
1.029045973708389988e-01
1.028545378816757977e-01
1.027954178834601939e-01
1.027626827857671954e-01
1.027212657745431024e-01
1.027105798916809060e-01
1.026297565866854944e-01
1.026107365764262064e-01
1.025510983282564986e-01
1.025471029516916016e-01
1.024933778699453069e-01
1.024673346573542060e-01
1.024630134893907973e-01
1.023904136490522004e-01
1.023493972629622023e-01
1.022953630602236041e-01
1.022618363224327975e-01
1.021891939033029995e-01
1.021724282702417969e-01
1.021531592517203046e-01
1.020790530166713062e-01
1.020347126346722033e-01
1.020174836323086975e-01
1.019735145897388007e-01
1.019177095080694012e-01
1.018859234168952022e-01
1.018298996397668937e-01
1.018087453495117034e-01
1.017537518401443047e-01
1.017259680487120066e-01
1.016621270828780010e-01
1.016325083050880068e-01
1.016095792068140991e-01
1.015720602580368059e-01
1.014972236000358935e-01
1.014520934260930984e-01
1.014222008715277012e-01
1.014064062559045937e-01
1.013494982884086959e-01
1.012951033127379025e-01
1.012617361000922034e-01
1.012226786632878933e-01
1.012021690195776952e-01
1.011889309245219970e-01
1.011027590469262966e-01
1.010898989742333026e-01
1.010209141971443042e-01
1.009753631414718050e-01
1.010038863472180054e-01
1.009112498223316973e-01
1.008879004128209050e-01
1.008841202884332017e-01
1.008140771463852947e-01
1.008191161451593015e-01
1.007406073475124036e-01
1.007400665313629984e-01
1.006664786537011941e-01
1.006482665174313063e-01
1.006210269916025940e-01
1.005851281285360943e-01
1.005663775699350976e-01
1.005219058020099948e-01
1.004887830739215060e-01
1.004715223346411002e-01
1.004305152108711935e-01
1.003919284395321937e-01
1.003894506329415931e-01
1.003476551741308009e-01
1.003329037017521991e-01
1.003043137012178954e-01
1.002751102289361068e-01
1.002381214850231045e-01
1.002397190480528028e-01
1.002074358297107004e-01
1.002069008433856961e-01
1.001697347316743980e-01
1.001390045362568065e-01
1.001228680268288068e-01
1.000968261859550013e-01
1.000642901542188046e-01
1.000734913121515968e-01
1.000727771841460056e-01
1.000168795626032031e-01
9.999374287574959441e-02
1.000121771403689047e-01
9.997188258175239428e-02
9.998610271716580622e-02
9.996887585769349827e-02
9.994652915511159641e-02
9.996705743495329366e-02
9.992548338515309936e-02
9.992023403310730523e-02
9.992552078514520264e-02
9.988409593706859546e-02
9.989938717658669587e-02
9.986593344677069384e-02
9.985787404226069419e-02
9.985898397389189607e-02
9.984302578941330053e-02
9.985599901257920241e-02
9.982232431470329515e-02
9.984155493251420377e-02
9.983118745974539632e-02
9.979978625547859805e-02
9.982708984069819935e-02
9.981134800335110524e-02
9.979301045276209314e-02
9.977071074968489606e-02
9.978479810334679734e-02
9.976930037903289361e-02
9.975295269585289504e-02
9.975731395030669468e-02
9.974042720979579835e-02
9.973777618175390380e-02
9.974906524814490527e-02
9.973425943346760081e-02
9.969968309569039733e-02
9.969835498142010088e-02
9.972607335023479791e-02
9.969855472504840499e-02
9.967311969385089787e-02
9.969364972915560619e-02
9.968660426701049515e-02
9.966137278646160225e-02
9.965414436924910357e-02
9.965055221448169964e-02
9.962434715565829380e-02
9.965755119574200294e-02
9.963419366145150058e-02
9.962590714942949621e-02
9.962094003186830471e-02
9.957434712777360475e-02
9.957521126954170521e-02
9.958108864079419364e-02
9.959030485042640046e-02
9.955167242464979527e-02
9.956151754490050187e-02
9.954289651560689622e-02
9.954322520587670364e-02
9.951827754641369428e-02
9.952293094901490389e-02
9.949983026325659452e-02
9.952809358061780187e-02
9.946367214472280616e-02
9.947136459600329494e-02
9.946866537650560225e-02
9.946524119410030118e-02
9.945986586475399904e-02
9.946175916512260684e-02
9.944365041515319803e-02
9.942519117018880359e-02
9.944671662818249658e-02
9.940048912529110547e-02
9.943226745358159369e-02
9.942511880237850375e-02
9.942792461150279371e-02
9.939909727607139367e-02
9.939621223389989713e-02
9.939699528902290471e-02
9.940435676967600276e-02
9.936449861474659639e-02
9.940347929009399341e-02
9.937836668844429733e-02
9.938862349174909516e-02
9.936906160024069901e-02
9.940160653605779884e-02
9.938621482854760603e-02
9.940069053274480648e-02
9.934050977032900243e-02
9.934845136782499697e-02
9.938430186651940612e-02
9.939101274202599701e-02
9.936945826843469887e-02
9.938819130737110152e-02
9.938544075100090580e-02
9.938262406651560132e-02
9.939673165207270344e-02
9.941953518326629435e-02
9.942014365140920684e-02
9.940256636871580564e-02
9.940214490832190164e-02
9.941765094443290318e-02
9.948063749932099797e-02
9.945556260204449495e-02
9.944323313448230617e-02
9.943970703959630064e-02
9.948620571809109470e-02
9.945682157561250292e-02
9.954269257059289444e-02
9.949777255809889864e-02
9.953467127642649792e-02
9.953700480054020194e-02
9.956608108907359644e-02
9.952922722160489899e-02
9.957477906974880610e-02
9.959765043818490093e-02
9.963748550837320250e-02
9.961972010142909617e-02
9.964572087798090338e-02
9.969335154441809344e-02
9.964071847964389717e-02
9.971658754211870646e-02
9.971228603858560413e-02
9.972480486617750495e-02
9.975731787817659901e-02
9.978551641332099320e-02
9.978210844971989457e-02
9.978960025866059902e-02
9.981015792493369565e-02
9.982542510083500242e-02
9.991201096782019453e-02
9.987776821255529847e-02
9.992338686132580527e-02
9.995123083599520564e-02
9.995022108664490534e-02
9.998950450958080105e-02
1.000417407428993016e-01
1.000166846118244052e-01
1.000517232205641038e-01
1.000988557375965954e-01
1.000942692076205037e-01
1.001320427645983058e-01
1.001870634858744030e-01
1.002271884182825007e-01
1.002445625272815055e-01
1.002651372644105948e-01
1.002744041769819960e-01
1.003074997874093960e-01
1.003675484881449004e-01
1.003666885754037064e-01
1.004064043945507995e-01
1.004396028118216960e-01
1.004933171065691966e-01
1.004774224955072986e-01
1.005345804265406068e-01
1.005634449610900982e-01
1.006067231408313001e-01
1.006378821911441956e-01
1.006756860027589046e-01
1.006587336750679046e-01
1.007441583124532025e-01
1.007578588373816975e-01
1.007993604983023067e-01
1.008073714654441067e-01
1.008715509300101010e-01
1.009288096946522051e-01
1.009328146094825018e-01
1.009845930234160999e-01
1.010360923174447034e-01
1.010221791127173946e-01
1.010794913234789039e-01
1.010955682142974932e-01
1.011166997322971994e-01
1.011409920665072015e-01
1.011760044005415027e-01
1.012044071035033965e-01
1.012153199120928021e-01
1.012681313911372033e-01
1.012821303033896031e-01
1.012636962354882958e-01
1.012177762368160067e-01
1.011892081370466961e-01
1.010471851990945025e-01
1.009629352849622935e-01
1.009921074993388040e-01
1.009737509255538013e-01
1.009631602109827969e-01
1.009232737389322010e-01
1.008836356600302936e-01
1.009129550147647020e-01
1.008890932274565944e-01
1.008706559415956938e-01
1.008939820050086950e-01
1.009832169451612000e-01
1.011674981469340984e-01
1.012784962492655066e-01
1.013010207863030976e-01
1.013580804470740060e-01
1.013928428351228012e-01
1.014780021777792057e-01
1.015502420114905019e-01
1.015695959798292997e-01
1.016438378375019991e-01
1.016873623675034061e-01
1.017660291745601936e-01
1.018361471648713962e-01
1.018785019467886993e-01
1.019550867255052951e-01
1.019724136260212050e-01
1.020157626500833997e-01
1.020594337415109965e-01
1.020768225024629022e-01
1.020736855215440969e-01
1.021089746349262001e-01
1.020738179982270954e-01
1.021057815894935994e-01
1.021072988857669034e-01
1.021271690525954040e-01
1.021389557534411047e-01
1.021358945651597988e-01
1.021411773467531953e-01
1.021663780834673046e-01
1.021580684923018983e-01
1.022160699047447024e-01
1.022025588893474973e-01
1.022060202078983043e-01
1.021967937503932972e-01
1.022139724003558042e-01
1.021726960710717946e-01
1.022375692069276004e-01
1.022282816646950948e-01
1.022128662434522023e-01
1.022276101174804941e-01
1.022434661117744004e-01
1.022060362336181943e-01
1.022203466682636008e-01
1.022179315118310061e-01
1.022467391990228014e-01
1.022480748901087033e-01
1.022608628976943018e-01
1.022514621267307938e-01
1.022931382119424970e-01
1.022434352316368977e-01
1.022337558996418982e-01
1.022562338635785023e-01
1.022930652270486046e-01
1.022798892495031947e-01
1.022909859250252934e-01
1.022796320502138007e-01
1.022678964518371064e-01
1.022812107018478966e-01
1.022393988181588970e-01
1.022994275488678939e-01
1.022683642692956973e-01
1.022650615445623995e-01
1.022784986490737069e-01
1.022274128205935967e-01
1.022976165633470019e-01
1.022331346926367013e-01
1.022294303737626003e-01
1.022595574616241010e-01
1.022747286660028038e-01
1.022476796973570967e-01
1.023109092128858949e-01
1.022443027037525931e-01
1.021743396088777983e-01
1.022232956004068966e-01
1.022752486857479021e-01
1.022433395741739054e-01
1.022149913036295987e-01
1.021811712694303959e-01
1.021481937457426048e-01
1.021295132880462031e-01
1.021672732625029945e-01
1.021935792857159020e-01
1.020766807379532015e-01
1.021261552453695959e-01
1.021710446713886000e-01
1.020780641043949055e-01
1.021355974790646021e-01
1.021789263537541959e-01
1.020893784662768033e-01
1.020899997308579998e-01
1.019752311669229056e-01
1.020616533456552982e-01
1.021897167650099997e-01
1.021013164784510957e-01
1.021784270320121035e-01
1.023254793537756030e-01
1.023832063108225943e-01
1.021172717291909948e-01
1.020452731939170965e-01
1.021287722339833948e-01
1.018026580691581973e-01
1.018136011502167038e-01
1.017588184030848025e-01
1.016779483220987962e-01
1.018367426122552960e-01
1.018822575859694018e-01
1.020812120092590980e-01
1.020738558692142056e-01
1.019889374678202981e-01
1.022942261903883043e-01
1.022475887714340975e-01
1.022645319883239007e-01
1.023375138307228011e-01
1.023270958410339021e-01
1.020870340596665982e-01
1.021106962387795941e-01
1.021176048506284018e-01
1.023099472296176982e-01
1.022997296220330005e-01
1.022848611097940952e-01
1.022730778339636937e-01
1.022759444962468983e-01
1.022380865099843938e-01
1.022095643955318045e-01
1.022173253750850025e-01
1.022013002072454935e-01
1.021620580919281041e-01
1.021414012974695001e-01
1.021371288396426963e-01
1.021140177063415977e-01
1.021211383378455018e-01
1.020841569402479027e-01
1.020728872888489042e-01
1.020489606887065026e-01
1.019906275016574937e-01
1.019885962292381987e-01
1.019819647328884943e-01
1.019621864758221003e-01
1.019531858189165058e-01
1.019531417980814036e-01
1.019403846435699978e-01
1.018804012489550048e-01
1.018339216316797025e-01
1.018638156089870933e-01
1.018472199517338056e-01
1.018291002863515038e-01
1.017643492307010039e-01
1.017723858994570990e-01
1.017730582471943063e-01
1.017606531310343981e-01
1.016897387041779954e-01
1.016910491581262954e-01
1.016786211163964032e-01
1.016536935887973059e-01
1.016376038051490932e-01
1.016037133741937021e-01
1.015945379429181034e-01
1.015900423947541931e-01
1.015135555918046939e-01
1.015417771959493953e-01
1.015242945440256034e-01
1.014845496075807013e-01
1.014558938219206063e-01
1.014558939758214012e-01
1.014524902723302063e-01
1.013860831501895987e-01
1.013992993537820991e-01
1.013790204361025016e-01
1.013798432909829988e-01
1.013677811766525022e-01
1.013417873053533008e-01
1.012880396257336002e-01
1.013274604215712998e-01
1.012887209748223050e-01
1.012738694762804065e-01
1.012563648062360933e-01
1.012616155550707941e-01
1.012083519334263937e-01
1.012020238457109061e-01
1.012155865263458937e-01
1.011996938435043986e-01
1.011809537286778027e-01
1.011878068720809959e-01
1.011744922324143980e-01
1.011220616817622986e-01
1.011607884379441963e-01
1.011371988358565066e-01
1.010944185328673944e-01
1.010890719784512948e-01
1.011033337641177032e-01
1.010920722863326987e-01
1.010669552973905011e-01
1.010717164985149019e-01
1.010875361101063047e-01
1.010639493721740972e-01
1.010504789655958940e-01
1.010579392759324985e-01
1.010599584983692956e-01
1.010315789914198042e-01
1.010347807842740947e-01
1.010313062560597025e-01
1.010323108918489976e-01
1.010451245064528936e-01
1.010477544368024033e-01
1.010282525245874974e-01
1.010212643934275956e-01
1.010289013307490019e-01
1.009999314866457942e-01
1.009930770006397943e-01
1.010059183984181042e-01
1.009873818938201023e-01
1.009709384788563952e-01
1.009716695453623941e-01
1.009694869430892983e-01
1.009996330733915065e-01
1.010111644036777029e-01
1.010039307831891026e-01
1.009656575692157027e-01
1.009895986719645949e-01
1.009807365752734970e-01
1.009565599121590024e-01
1.009877052902073968e-01
1.009456802600359054e-01
1.009265821250768941e-01
1.009465457648364012e-01
1.009606566033177943e-01
1.009599393365609027e-01
1.009818198281238061e-01
1.009660377177910989e-01
1.009237525393461010e-01
1.009357946151674956e-01
1.009103862226777004e-01
1.009121544258595043e-01
1.009048460721195944e-01
1.008909950305705017e-01
1.008740894961171058e-01
1.009073277174912936e-01
1.008683135617130938e-01
1.008671503599291031e-01
1.008778987256066934e-01
1.008635663573703017e-01
1.008570161160057960e-01
1.008650780223735027e-01
1.008334597249481018e-01
1.008345369862582996e-01
1.008589719545712055e-01
1.008316226609732025e-01
1.008217994058401984e-01
1.007888150542353006e-01
1.007911613787921962e-01
1.008050402914620058e-01
1.008114314157687041e-01
1.007795759298587973e-01
1.007772112825734007e-01
1.007673124451339969e-01
1.007803801872793059e-01
1.007357325344321042e-01
1.007438117917170972e-01
1.007650273201048940e-01
1.007419434239591044e-01
1.007554915637303011e-01
1.007331162303025940e-01
1.007163818660841009e-01
1.007073052475515040e-01
1.006926905924783039e-01
1.007309792237773977e-01
1.007319806190307004e-01
1.006849957768189002e-01
1.006608254289439036e-01
1.006618633566850052e-01
1.006566839482146009e-01
1.006889279402907039e-01
1.006532203844568985e-01
1.006353026031942960e-01
1.006488287669285026e-01
1.006495383907980989e-01
1.006535690118264964e-01
1.006083250976733956e-01
1.006329727731004042e-01
1.006114978682255967e-01
1.006233566052146949e-01
1.006279953765449042e-01
1.006280012211026031e-01
1.006233782109770963e-01
1.006372566741993990e-01
1.006442307594475061e-01
1.006493103572446007e-01
1.006329421668138019e-01
1.006431417251435062e-01
1.006319200918765061e-01
1.006727588363136999e-01
1.006455157227767044e-01
1.006696010056670060e-01
1.006390290614259941e-01
1.006813778494227013e-01
1.006739285676646056e-01
1.006833985492149031e-01
1.007039421885427000e-01
1.006843825208658949e-01
1.006927955541865038e-01
1.007300164080382060e-01
1.007134319619197999e-01
1.007589741759419011e-01
1.007081657910884054e-01
1.007367920498539043e-01
1.007733522446440932e-01
1.007538172966059020e-01
1.007955763042883979e-01
1.007851440298969947e-01
1.007934620703327955e-01
1.008326442298893982e-01
1.008243069708776030e-01
1.008314338545459043e-01
1.008423512503291014e-01
1.008504941268826977e-01
1.009000410627110961e-01
1.009181149223040003e-01
1.009471187084822058e-01
1.009128411726334940e-01
1.009505880465103034e-01
1.009537433071211049e-01
1.009935475197230037e-01
1.009963545552360065e-01
1.010200659079519003e-01
1.010079914537203027e-01
1.010375237801842963e-01
1.010430335922640060e-01
1.010691758955224034e-01
1.010431062877664016e-01
1.011039523564424975e-01
1.010965934364484037e-01
1.010706603695185057e-01
1.011039785070582953e-01
1.011144754331513018e-01
1.011318201032447989e-01
1.011312505420013941e-01
1.011511597258906991e-01
1.011600850413875013e-01
1.011612433359539015e-01
1.011778550719094061e-01
1.011694173930866025e-01
1.011684268499491030e-01
1.011442063319827056e-01
1.011364115761339971e-01
1.010904343675290973e-01
1.009787662738746011e-01
1.009243243177593979e-01
1.010410454398136954e-01
1.009406678568477017e-01
1.009558581703335067e-01
1.010217139421735050e-01
1.010408857221264944e-01
1.010437150937144035e-01
1.010187653716078937e-01
1.010170096859429045e-01
1.009666661428852974e-01
1.009487928158486064e-01
1.009637924818533039e-01
1.009607132370624050e-01
1.010222515558630019e-01
1.009690523589182043e-01
1.008885473244755943e-01
1.009749139183913069e-01
1.009904220509383055e-01
1.009826658919339981e-01
1.009635874577437947e-01
1.009426941369415964e-01
1.010290361628858047e-01
1.009790487870659004e-01
1.009657719095075068e-01
1.009873518567984962e-01
1.009628987751124973e-01
1.010202477812738031e-01
1.009840971448101032e-01
1.010090714780143006e-01
1.010169593260976939e-01
1.009819473055286049e-01
1.009732078261582067e-01
1.010157617733409008e-01
1.008820182993414027e-01
1.008472781310491978e-01
1.009419068975470068e-01
1.009385271659789945e-01
1.008479319932285984e-01
1.009535119523743973e-01
1.008327078390621051e-01
1.008579740868059960e-01
1.008844490258864052e-01
1.008690567523479048e-01
1.009776181366471015e-01
1.009781983263097066e-01
1.008109800008309964e-01
1.007612614200678047e-01
1.010099493953132976e-01
1.010203901220561029e-01
1.010324471353289955e-01
1.009915925597232034e-01
1.009970488747782974e-01
1.009873547261669058e-01
1.009488176170898061e-01
1.009665709337389944e-01
1.009867968123362991e-01
1.009621511665320936e-01
1.009196305817171013e-01
1.009357595822824027e-01
1.009418005158679993e-01
1.009242785333946957e-01
1.009289572916808042e-01
1.009441527445184006e-01
1.009644352694780006e-01
1.009138426746675060e-01
1.009287472746445008e-01
1.009229962969133004e-01
1.007937563317991975e-01
1.008948868461718024e-01
1.007544701454217984e-01
1.008685448436232035e-01
1.008749990537674002e-01
1.008882218786700952e-01
1.007593543070185033e-01
1.007682667101913038e-01
1.008364110637367944e-01
1.008184473277076026e-01
1.008450625707626030e-01
1.008674023777413054e-01
1.006240055052824017e-01
1.006560201722733056e-01
1.008403522482811954e-01
1.008487333666445024e-01
1.007598864177397940e-01
1.008332842459472994e-01
1.006060441491520019e-01
1.007339615710595021e-01
1.007306050263142988e-01
1.005367172410121940e-01
1.006868887547592017e-01
1.005927481772486004e-01
1.004317568087507023e-01
1.004354899672243034e-01
1.002999041398885960e-01
1.001682360898659974e-01
1.002653885372974951e-01
1.003240811234852037e-01
1.006128928905269948e-01
1.007759769767183067e-01
1.015517594690037995e-01
1.015657553823207937e-01
1.016371103811171961e-01
1.015356524668079991e-01
1.014390801347895971e-01
1.015384999582133047e-01
1.016241576307145011e-01
1.016250327427096062e-01
1.016097602454871934e-01
1.016365335887390031e-01
1.015662789212504052e-01
1.016894930847492967e-01
1.016594958632340007e-01
1.016607873395140998e-01
1.016317349708530937e-01
1.016056179502537044e-01
1.015651874252507941e-01
1.015691540950903055e-01
1.014872783447109961e-01
1.015370856127727067e-01
1.014342234523123026e-01
1.013018055654482941e-01
1.012451440377347966e-01
1.013417503644403056e-01
1.013625730937079000e-01
1.012866911283872989e-01
1.012917366748432024e-01
1.011723332525761021e-01
1.011657556613986958e-01
1.011255003602692937e-01
1.011478262304646020e-01
1.011961487552970052e-01
1.011703632919833951e-01
1.012386690818366936e-01
1.013299099453530000e-01
1.013658143058129013e-01
1.013568784621427937e-01
1.013626301643994060e-01
1.013057453676489972e-01
1.013404883521606958e-01
1.012957613825062053e-01
1.012820149821078985e-01
1.012230657636079001e-01
1.012996245539277002e-01
1.013921071991408934e-01
1.014418751777912964e-01
1.013676172748012999e-01
1.013393620933421002e-01
1.013414647040600941e-01
1.014338617780937979e-01
1.014947943055931057e-01
1.014451989160835010e-01
1.014941839155044934e-01
1.015180635658735064e-01
1.015173975367364007e-01
1.015440209666036986e-01
1.015953171597984012e-01
1.015760233129543028e-01
1.016463690121671010e-01
1.015776593643830938e-01
1.015825582474768063e-01
1.016035223456363962e-01
1.015921746482808946e-01
1.015867969851250024e-01
1.015923877261307035e-01
1.016174316327660004e-01
1.015987035365711055e-01
1.016135376654379030e-01
1.016350087003303065e-01
1.016064659271834064e-01
1.016508706893879954e-01
1.016523389017379014e-01
1.016351203691567007e-01
1.016481339017007018e-01
1.016398766169251955e-01
1.016730621448515975e-01
1.016584469259915052e-01
1.016359151806607020e-01
1.016595782608511050e-01
1.016788579953716992e-01
1.017010027038739023e-01
1.017146894745839941e-01
1.017036127405546997e-01
1.016943818654315046e-01
1.016981182467670969e-01
1.017077922747987029e-01
1.017141806662285042e-01
1.016863357655893030e-01
1.017354715407800952e-01
1.017566295220321965e-01
1.017177575585948013e-01
1.016547821841483068e-01
1.017256620041133985e-01
1.017371773206244001e-01
1.017043001337890051e-01
1.017097144589190066e-01
1.016892854529243967e-01
1.017322189898725027e-01
1.016585276988101055e-01
1.017060551206628999e-01
1.015888662187817981e-01
1.014947802094642026e-01
1.016791672357318932e-01
1.016260006471932931e-01
1.016406152845281963e-01
1.016732270243426023e-01
1.015148903367335959e-01
1.014683378204900011e-01
1.015997664220626012e-01
1.015163942903026945e-01
1.012884369666792045e-01
1.013536405973600035e-01
1.018527737509997005e-01
1.016639990486226941e-01
1.017661402903666940e-01
1.015230814116813013e-01
1.011781155329870979e-01
1.012422271986855027e-01
1.010979306857922033e-01
1.011971453871805954e-01
1.010939464418478956e-01
1.012407970178463013e-01
1.012049003446112011e-01
1.015091935554188057e-01
1.016365712758480061e-01
1.014682489882109961e-01
1.016994464455272945e-01
1.017148102886992062e-01
1.017988631407700933e-01
1.017421837003641971e-01
1.015051650923937954e-01
1.015309205634520040e-01
1.017736843076249009e-01
1.017451470644051004e-01
1.017392937055113938e-01
1.017512614036893970e-01
1.017104770019622989e-01
1.016700749592862052e-01
1.016922579265757964e-01
1.016663420320954025e-01
1.016681332204386057e-01
1.016299728821490056e-01
1.016124642717897986e-01
1.016101212149728983e-01
1.015642850546658038e-01
1.015310523952725058e-01
1.014635079688278041e-01
1.014816985728027032e-01
1.014612590264617059e-01
1.014496842031334944e-01
1.014665464919655979e-01
1.014461421530273993e-01
1.013955429195660951e-01
1.013490137226011056e-01
1.013931118025323957e-01
1.013449042489869001e-01
1.012983859972309969e-01
1.013072122781361051e-01
1.012762871146979937e-01
1.012819561976411042e-01
1.012572924705125027e-01
1.012492374175202048e-01
1.011842846832662068e-01
1.012121281846054960e-01
1.011651454926426053e-01
1.011670772737538054e-01
1.011445770706408953e-01
1.011353518800886947e-01
1.011441535063453967e-01
1.010843414949468971e-01
1.010907315282169039e-01
1.010780899743512068e-01
1.010568109845786933e-01
1.010575199816396014e-01
1.010260296141328035e-01
1.010328879054289003e-01
1.010122162311121036e-01
1.010155509707245935e-01
1.009802421603206990e-01
1.010078286211266996e-01
1.010021291036972968e-01
1.009973568889283996e-01
1.009894623327036028e-01
1.009627818923669040e-01
1.009549878063970979e-01
1.009852361099255053e-01
1.009552295279896039e-01
1.009540082801792943e-01
1.009446876405030030e-01
1.009492521410224053e-01
1.009800987338587003e-01
1.009470692597334018e-01
1.009557541834830013e-01
1.009861140582013067e-01
1.009558701216825977e-01
1.009988567637780943e-01
1.009903110455060982e-01
1.009760756730220949e-01
1.009882223538842994e-01
1.009924148683108008e-01
1.009808400926583971e-01
1.009912399245977976e-01
1.009957754206842057e-01
1.010159130166561059e-01
1.010121325510481977e-01
1.010196489973950035e-01
1.010246480301651012e-01
1.010057276496872936e-01
1.010491860229058986e-01
1.010525849988355984e-01
1.010496386417160941e-01
1.010350991505073043e-01
1.010953096928501049e-01
1.010775150823148977e-01
1.010763909390832993e-01
1.011108248761740935e-01
1.010770061353760962e-01
1.011229136985762056e-01
1.010981063717698025e-01
1.011002062291580933e-01
1.011371545207801065e-01
1.011377685890840067e-01
1.011504133304415992e-01
1.011429765640946971e-01
1.011418819406694064e-01
1.011690529270252992e-01
1.011588132857891981e-01
1.011592097797967965e-01
1.011628709076267951e-01
1.011680366208950049e-01
1.009996709926777037e-01
1.011457351150027023e-01
1.011286017841449003e-01
1.011111469154293008e-01
1.011889016409310976e-01
1.011952131774191965e-01
1.011670637331471972e-01
1.011567102198152046e-01
1.009505317939411034e-01
1.011103324504007001e-01
1.011040573930574032e-01
1.008390988514319964e-01
1.008606052104780992e-01
1.011289757541491002e-01
1.011287471083843065e-01
1.010737600109734985e-01
1.011297724864486935e-01
1.008906669581798032e-01
1.010257612394318966e-01
1.008784509497091947e-01
1.011308965651820935e-01
1.010776361109368970e-01
1.008273438869508043e-01
1.008711439609251970e-01
1.010186775396896969e-01
1.010288144675851041e-01
1.010596411349628937e-01
1.010681188036186978e-01
1.008956795875426971e-01
1.010218183923522056e-01
1.010132475371267047e-01
1.010066151338707974e-01
1.010431460277184945e-01
1.007917977483819977e-01
1.009550821138519017e-01
1.009851907741290966e-01
1.008464313925163947e-01
1.009465257985918962e-01
1.009616688418014940e-01
1.009256983707945976e-01
1.007625242484742056e-01
1.007626466330922982e-01
1.006729592923363975e-01
1.006795276047014048e-01
1.008996169302992935e-01
1.008354402356247959e-01
1.006325083048816016e-01
1.006519711332266032e-01
1.008196249797240068e-01
1.006897036048046978e-01
1.006806355695297056e-01
1.007093145198808964e-01
1.007452012597555985e-01
1.005650796767408039e-01
1.004758887039682996e-01
1.005330880326534004e-01
1.004576312495485957e-01
1.004981991292602933e-01
1.005568670078301058e-01
1.005721601009666039e-01
1.005632592935337966e-01
1.005609692254795934e-01
1.005982996711899946e-01
1.005082075484765025e-01
1.005480414655045979e-01
1.005663945359654976e-01
1.004848925414375954e-01
1.005468727925979966e-01
1.005543230490403978e-01
1.004718633858362048e-01
1.004614283585116008e-01
1.005478395260026997e-01
1.005648004283734992e-01
1.005694794756086946e-01
1.005756144018434967e-01
1.005540279111355045e-01
1.005611340810391996e-01
1.005585421363170001e-01
1.005708559260646007e-01
1.006403052397934067e-01
1.006665114930291038e-01
1.006565341406490954e-01
1.005963930839886000e-01
1.007335682242870012e-01
1.007188435743132937e-01
1.008464844031449065e-01
1.008689737143007997e-01
1.009564201879545042e-01
1.007202918912244033e-01
1.009833619641833935e-01
1.007611001025205955e-01
1.008410459788385977e-01
1.009091247122027024e-01
1.011297219280268000e-01
1.010037821605700992e-01
1.008803854410326994e-01
1.008962944767533010e-01
1.011565884586339004e-01
1.011430479122573944e-01
1.010845478725385937e-01
1.010927388693336065e-01
1.011005676642036943e-01
1.011112042250282977e-01
1.011606703557419995e-01
1.011281443226502014e-01
1.010948679510557946e-01
1.011050727792155018e-01
1.011247880855812020e-01
1.011052187956117954e-01
1.010937939582993023e-01
1.010592360789682037e-01
1.010588162531633055e-01
1.010866111111575066e-01
1.010573719669478066e-01
1.010809353729203997e-01
1.010146189143709961e-01
1.010375542177652936e-01
1.010587949845491024e-01
1.010451569400706018e-01
1.010270404270079969e-01
1.009999735309596997e-01
1.010383823390906960e-01
1.010264095734499934e-01
1.010000016584061966e-01
1.010206588194760974e-01
1.010100598325709004e-01
1.010021111413944017e-01
1.009852717387483001e-01
1.009898636133292060e-01
1.009853156845945954e-01
1.010049315748643983e-01
1.010065893012807997e-01
1.009880025571713996e-01
1.010033594674668994e-01
1.009670009436468979e-01
1.009987687675850954e-01
1.009704748679886022e-01
1.009614623270960049e-01
1.009444866570994026e-01
1.009834429326253030e-01
1.009931416975951984e-01
1.009983160845317057e-01
1.009644411303531053e-01
1.009650194807084067e-01
1.009585071657075062e-01
1.009798040910258043e-01
1.009367107318174944e-01
1.010071692299814999e-01
1.009746213335525056e-01
1.009947904124918056e-01
1.009628869895170949e-01
1.009921464507756994e-01
1.010060974529583960e-01
1.010203822063387019e-01
1.009926967574533013e-01
1.009869699110779034e-01
1.009965798959854000e-01
1.009993801988240958e-01
1.009907371208447063e-01
1.009666935337366067e-01
1.009732457085158047e-01
1.009725954213355065e-01
1.009738247395237931e-01
1.009855069051121962e-01
1.010036017755329973e-01
1.009834187837518049e-01
1.010168909178354030e-01
1.009788930629162002e-01
1.009711307543803005e-01
1.009963534332005003e-01
1.010308353325246045e-01
1.010064358740968976e-01
1.010318597439762989e-01
1.009723686760996969e-01
1.009914696869319978e-01
1.009997208491294068e-01
1.009887928320219036e-01
1.010065526305223976e-01
1.010150454095107980e-01
1.010242426902605989e-01
1.010176581047764061e-01
1.010208039770217059e-01
1.010078225717474937e-01
1.010018235736054037e-01
1.010236756420063997e-01
1.010267291722082988e-01
1.010136821205154939e-01
1.010266092247025932e-01
1.008914086678247002e-01
1.010412341051282054e-01
1.010692331897654062e-01
1.010341737342600049e-01
1.010660359644458967e-01
1.010349585740205058e-01
1.010449934903093067e-01
1.010218353266696956e-01
1.010279452609657014e-01
1.010930215637941970e-01
1.010722964355317000e-01
1.010736475221254982e-01
1.008851550360146954e-01
1.007844370180012022e-01
1.009823255986151969e-01
1.009425341249268054e-01
1.007863789043240976e-01
1.008049762764205021e-01
1.007029709817584967e-01
1.008001712496087027e-01
1.004986320539446032e-01
1.005538558735295934e-01
1.004754510785634963e-01
1.005955755525932971e-01
1.004858366607535997e-01
1.005060181298995936e-01
1.006738009443712001e-01
1.007265649201368046e-01
1.007589792737949991e-01
1.007643724988998984e-01
1.008115538944421019e-01
1.009540340834615968e-01
1.006900148318926047e-01
1.008412581471592046e-01
1.007299017623897036e-01
1.007786374181784961e-01
1.008184116026518001e-01
1.006748044393269981e-01
1.009235641973569020e-01
1.007983002352515062e-01
1.009054701615462041e-01
1.008448519633338009e-01
1.007805813894245978e-01
1.008422810112136053e-01
1.008447456498478972e-01
1.008757673710248964e-01
1.008758611840909064e-01
1.008593831975199001e-01
1.008913163666823043e-01
1.008736074693521029e-01
1.008843896028074061e-01
1.009012026250099975e-01
1.008885351361237942e-01
1.008655238669959042e-01
1.009467977691152069e-01
1.009024471414578933e-01
1.009811515325560044e-01
1.009512886588296993e-01
1.009547885701402026e-01
1.009785931242210000e-01
1.010117468330870988e-01
1.010137901077080014e-01
1.010251449724094974e-01
1.010699849164560932e-01
1.010348224540020962e-01
1.010586109016826939e-01
1.010828740348398008e-01
1.010622239909749059e-01
1.011111570620811945e-01
1.010693538402198943e-01
1.010888300441473986e-01
1.011671023131393982e-01
1.011546674220202974e-01
1.011745588992274958e-01
1.012040101646444062e-01
1.012263352666154942e-01
1.013123983521975052e-01
1.012810706461576005e-01
1.012538776366985055e-01
1.012886326272006976e-01
1.012918393394312971e-01
1.012675733001603962e-01
1.012702221955713022e-01
1.013131610992694942e-01
1.013066343100666039e-01
1.012840411307285998e-01
1.012721973178770940e-01
1.012733333594111051e-01
1.012890312608390048e-01
1.012862423890761032e-01
1.012844077220679956e-01
1.012760013780050067e-01
1.012964482903127988e-01
1.013054196354914033e-01
1.013291606790232002e-01
1.013290960960496062e-01
1.013112222864730044e-01
1.013330193749178987e-01
1.013174423450999007e-01
1.013383713410598991e-01
1.013520454309365937e-01
1.013528733591279041e-01
1.013541409819525008e-01
1.013428209868705021e-01
1.013784057110183046e-01
1.013455687492847007e-01
1.014226209258246025e-01
1.013839641464319985e-01
1.013798590181368003e-01
1.013999275968664043e-01
1.014088932878928068e-01
1.014067278959138035e-01
