7.517202688772199604e-02
7.593073020747209689e-02
7.668637726275630284e-02
7.735460999574710061e-02
7.800436249509309916e-02
7.871540370991519930e-02
7.939613538965889505e-02
8.008463777860590216e-02
8.082950053796120193e-02
8.154204063494549515e-02
8.215632414040950626e-02
8.273660019520159836e-02
8.330614154241260116e-02
8.392340259005939829e-02
8.458333543461719894e-02
8.526362308962440184e-02
8.588004221103709424e-02
8.632307850664479310e-02
8.708695833828100641e-02
8.755618422372400678e-02
8.815629780064690446e-02
8.893691426765379382e-02
8.929326548278029851e-02
9.016075195147210675e-02
9.038322486159310054e-02
9.102408014272360404e-02
9.169636384842330679e-02
9.218055042177220049e-02
9.269225403924880036e-02
9.330238841626430080e-02
9.389552903346849722e-02
9.437141063719860223e-02
9.475378797276029497e-02
9.542395964423630583e-02
9.583687849082879462e-02
9.636599501828360670e-02
9.676001134502530687e-02
9.737714298653800393e-02
9.782127255629649576e-02
9.829036520217419859e-02
9.876234900009080164e-02
9.927965634248890614e-02
9.981225842747179500e-02
1.002510971618374019e-01
1.008511065182696037e-01
1.012509049134640016e-01
1.015773370340596060e-01
1.019600714577699047e-01
1.022897939956913943e-01
1.027511031315321011e-01
1.031098855024932953e-01
1.035374682189564022e-01
1.038320563702933991e-01
1.041547061346241032e-01
1.043889423756971940e-01
1.048117212206945009e-01
1.051992069423800941e-01
1.055113830947496945e-01
1.058242018257082029e-01
1.060354605867682015e-01
1.063890797195861937e-01
1.066273996656165041e-01
1.069026566916413956e-01
1.071627621417789999e-01
1.074103367654589969e-01
1.076649697256673033e-01
1.081144134159210957e-01
1.083305134558368993e-01
1.086053390918635952e-01
1.087621266959604011e-01
1.090311641383770042e-01
1.092156305737995020e-01
1.094404490078951936e-01
1.098580746919555068e-01
1.100474451639822937e-01
1.102691722802662949e-01
1.103909478513544068e-01
1.104903304550522020e-01
1.106519518414963987e-01
1.108731165498497012e-01
1.110452532303480011e-01
1.112618744452697067e-01
1.113814562466503982e-01
1.115484223477885978e-01
1.117625735308652030e-01
1.119753988818524976e-01
1.122250276124964058e-01
1.123204718800767943e-01
1.123550260140980944e-01
1.124324771591865002e-01
1.125034131270243043e-01
1.125312774733824017e-01
1.126107229401969029e-01
1.127219330449348023e-01
1.127996646640669065e-01
1.128621732369264052e-01
1.129777592030862948e-01
1.130912825110582942e-01
1.131591137166250982e-01
1.132751492400471960e-01
1.133153766943322954e-01
1.133854299485347050e-01
1.134254567745452968e-01
1.134980479442223994e-01
1.135333123634934965e-01
1.135265380313858069e-01
1.135229665654313019e-01
1.135346529940561011e-01
1.136007803571076058e-01
1.135875583313149945e-01
1.135957131799924941e-01
1.135986829745139065e-01
1.135835349819180051e-01
1.135730035259328030e-01
1.136012518252580011e-01
1.135993327351458998e-01
1.136129299873615967e-01
1.136268097807596050e-01
1.136493215408087010e-01
1.136550700906816952e-01
1.136707473500143950e-01
1.136724557607848018e-01
1.136887665559046939e-01
1.136893035709210936e-01
1.136906505947253010e-01
1.136736712309937003e-01
1.136795403716160946e-01
1.136961968649187055e-01
1.136635337826781972e-01
1.136594344533488066e-01
1.135728098849193013e-01
1.136226197761865953e-01
1.135686720263539978e-01
1.134074329003064013e-01
1.133290628237904052e-01
1.132170927106277980e-01
1.131264170321123058e-01
1.130832533795487066e-01
1.129549747960025968e-01
1.127987867826109047e-01
1.126891775347001051e-01
1.126777233858422961e-01
1.125386111906114955e-01
1.124344512512755051e-01
1.123535801777729021e-01
1.122456316488726069e-01
1.121191023220359934e-01
1.119911372989186998e-01
1.119354116175694941e-01
1.118448968521573023e-01
1.117763021661813960e-01
1.116916829234177039e-01
1.116018395654272966e-01
1.114882791314755067e-01
1.113907014528948969e-01
1.112155140713821933e-01
1.111185433628389951e-01
1.109362243887741933e-01
1.108386686544417937e-01
1.106842064374723988e-01
1.104718617297145988e-01
1.103237074140271945e-01
1.102013599489171936e-01
1.100217208268687019e-01
1.098550795605864050e-01
1.097351384777228017e-01
1.095327694432127047e-01
1.093735006093534967e-01
1.091743125004293047e-01
1.090642508572907954e-01
1.088667874546959957e-01
1.087329147645353933e-01
1.085976408791902992e-01
1.084480501586710943e-01
1.082776733489207999e-01
1.080991766745848931e-01
1.079135256804780035e-01
1.077607602729993980e-01
1.075476857018780041e-01
1.074076215078001023e-01
1.072463465323433979e-01
1.070347265843154955e-01
1.068791317392246004e-01
1.066922042793203990e-01
1.064704571784610976e-01
1.063151971199561008e-01
1.061009283687004007e-01
1.059270218122878027e-01
1.057680569066058035e-01
1.055999326634160934e-01
1.054327819826594986e-01
1.052144807030900991e-01
1.050242110200503010e-01
1.048801077257508069e-01
1.047011062743889026e-01
1.044949088047260055e-01
1.043187459627201025e-01
1.041603292108007062e-01
1.039332159555407947e-01
1.037479328300798948e-01
1.035792506887765058e-01
1.034065823785522975e-01
1.032211492222851051e-01
1.030568262666621965e-01
1.028245786497837960e-01
1.026839973230706943e-01
1.024867076315240932e-01
1.023216704583548992e-01
1.021209782633492047e-01
1.019292202037506978e-01
1.017942618914394054e-01
1.016611384272610025e-01
1.014278539239713006e-01
1.012516830757666936e-01
1.010975574478544942e-01
1.009430800148602980e-01
1.007993282952945047e-01
1.006469011628436938e-01
1.004820382521442040e-01
1.003121505884514014e-01
1.001477719807574995e-01
1.000180295169527944e-01
9.987178686174759401e-02
9.975115724143049367e-02
9.962034379596930445e-02
9.946988106300309884e-02
9.932177381227119684e-02
9.918918943080770600e-02
9.904642296061430540e-02
9.892464489851560128e-02
9.881714282457490506e-02
9.865158096353129902e-02
9.855305325075509881e-02
9.843661292430060106e-02
9.834065092747019954e-02
9.821860591014699993e-02
9.807336357836700380e-02
9.795586665606149934e-02
9.784978291776530446e-02
9.777685116237340435e-02
9.765530928092440444e-02
9.755112557846350174e-02
9.744614884383780151e-02
9.736998007301020386e-02
9.724644872361849768e-02
9.714848971920410359e-02
9.704798528990760120e-02
9.702046270467369615e-02
9.690496086010400023e-02
9.681160245697249811e-02
9.675170225269899560e-02
9.667528615611430121e-02
9.658591303770069914e-02
9.653731899913439718e-02
9.646372999425699424e-02
9.640513119308159740e-02
9.634274743784429496e-02
9.627814598284470393e-02
9.624641727742390407e-02
9.615934543878279506e-02
9.611552786742559584e-02
9.606866576668279811e-02
9.599403266655040512e-02
9.596106760871940533e-02
9.596593847486749318e-02
9.590829622845439828e-02
9.588485085532449936e-02
9.584247955980150502e-02
9.580455935991430416e-02
9.583395867754239406e-02
9.576345231218350018e-02
9.574911428494989329e-02
9.575400231993209943e-02
9.569984658162859759e-02
9.568463613796560074e-02
9.567988633417889854e-02
9.574599376686410146e-02
9.564823848352170532e-02
9.567893203764110677e-02
9.565809037498150535e-02
9.567378992165030682e-02
9.564380533747199320e-02
9.565899570315740397e-02
9.569315687943449888e-02
9.566229109034189715e-02
9.575463580573119471e-02
9.569945838701990337e-02
9.573784137733740152e-02
9.579121592769429538e-02
9.576176233507649460e-02
9.580774310791399795e-02
9.581776813197269427e-02
9.585980019408460451e-02
9.589328819817449778e-02
9.597155404064540429e-02
9.600322636606410664e-02
9.597085767677400459e-02
9.606440506562589909e-02
9.613735344261249705e-02
9.619614186089420205e-02
9.623747621704560606e-02
9.628725095691839653e-02
9.632172045728119858e-02
9.641490403177280233e-02
9.646739279282490198e-02
9.652053165151340541e-02
9.659760919427499981e-02
9.666153378386030393e-02
9.673360629196760263e-02
9.678155049037440172e-02
9.686802069434390094e-02
9.692078218731729755e-02
9.701535716969389433e-02
9.711293366907880475e-02
9.714367329002150664e-02
9.724107182203689526e-02
9.726250937333350000e-02
9.740339776985229570e-02
9.748646807573380091e-02
9.754605879369959709e-02
9.765354944715590180e-02
9.775174429214869565e-02
9.782782525374410232e-02
9.791119428524880375e-02
9.800047969406409931e-02
9.808631216404960218e-02
9.819341400798649311e-02
9.828605853545689663e-02
9.837370386818959644e-02
9.845272154352789629e-02
9.855120203723180539e-02
9.862750472659080614e-02
9.873015692374889629e-02
9.880379729347520124e-02
9.890554814143860674e-02
9.899665634915549850e-02
9.911053137837419480e-02
9.920832253955730318e-02
9.929299230722619940e-02
9.939405035996390358e-02
9.947393342353849643e-02
9.958410730648929732e-02
9.967212372060869907e-02
9.976771801191580691e-02
9.984110628790439368e-02
9.994899872059770374e-02
1.000426931416037030e-01
1.001495082813012999e-01
1.002222849429170032e-01
1.003359944336747051e-01
1.003935544590758983e-01
1.005094145144243001e-01
1.005906631703293030e-01
1.006874288951751933e-01
1.007866332661179060e-01
1.008906708172072064e-01
1.009665897301077059e-01
1.010598202195864964e-01
1.011595050164170034e-01
1.012548660921375049e-01
1.013376828283884951e-01
1.014370414092874984e-01
1.014984944940011957e-01
1.016076982357321939e-01
1.017044678003669045e-01
1.017629585881924953e-01
1.018481957822788969e-01
1.019315606082270009e-01
1.020127908238001035e-01
1.020910007195148933e-01
1.021437693194549023e-01
1.022257274012765005e-01
1.022764438609398002e-01
1.023812296093250945e-01
1.024206842614198004e-01
1.024785370136298002e-01
1.025915020865034999e-01
1.026575368639784935e-01
1.026989470907102991e-01
1.027632081126503005e-01
1.028634788795412952e-01
1.028826745190310060e-01
1.029627545515320042e-01
1.030061330137869990e-01
1.030801679025167006e-01
1.031312165818680932e-01
1.031858250988772069e-01
1.032177286239576025e-01
1.032901097131602025e-01
1.033287247903451056e-01
1.033745176329257942e-01
1.034583034806702967e-01
1.034673486105685963e-01
1.035087779139649972e-01
1.035721871803585992e-01
1.036445654259143950e-01
1.036723398752495001e-01
1.037022188539604983e-01
1.037151159902891945e-01
1.037730450838876967e-01
1.037945545384368062e-01
1.038314211509649976e-01
1.038730978839954022e-01
1.039070398237707943e-01
1.039778056410761986e-01
1.039786894299325054e-01
1.040224581480286986e-01
1.040731142814911026e-01
1.041213968903531989e-01
1.041521893383975939e-01
1.041825120171576968e-01
1.041868179451378995e-01
1.042632508741802022e-01
1.042940980020320985e-01
1.042851180157434027e-01
1.041392856674113049e-01
1.042563593409857048e-01
1.042284342987619961e-01
1.042117261667600964e-01
1.043162992408975948e-01
1.043057327120997940e-01
1.042519153871885040e-01
1.042474204044216007e-01
1.043430977163253975e-01
1.043281238183915993e-01
1.043590831290595045e-01
1.043649926162334013e-01
1.043481673483624972e-01
1.043034689866110948e-01
1.043230313188738961e-01
1.043274670184449054e-01
1.043149936377387038e-01
1.041886472899200972e-01
1.042693526231693035e-01
1.042766020081875022e-01
1.042578537741819938e-01
1.042339804977125972e-01
1.042120326929864005e-01
1.041518232618911938e-01
1.041974201558593938e-01
1.041342289258510023e-01
1.041383598686257961e-01
1.040645952911603001e-01
1.040169118798826980e-01
1.039978290927578986e-01
1.039691823572024970e-01
1.039045313163944051e-01
1.038536719730502045e-01
1.038124860445688996e-01
1.037744594756730004e-01
1.037652978028253958e-01
1.036890165021517041e-01
1.036550563335961045e-01
1.035870471269705051e-01
1.035172402490126958e-01
1.034893487440085025e-01
1.034278584034569043e-01
1.033942184082710936e-01
1.033151857332311047e-01
1.032417328218269009e-01
1.031868899945860979e-01
1.030990875364597020e-01
1.030962399505443994e-01
1.030246978764386978e-01
1.029068895146924983e-01
1.028847163632865963e-01
1.027893424707431030e-01
1.026890089000906947e-01
1.026444569325647982e-01
1.025590338875811969e-01
1.024920360996196961e-01
1.024360338564414968e-01
1.023515329679596936e-01
1.022928255628523936e-01
1.021664243572864006e-01
1.021162040004520988e-01
1.020619543020064024e-01
1.019486766358917024e-01
1.019086753170369980e-01
1.018019736401705039e-01
1.017070062583339957e-01
1.016730607603273939e-01
1.015436151711563983e-01
1.014990461894233059e-01
1.014335496759860983e-01
1.013097382312539985e-01
1.012563031680862036e-01
1.011848313259620935e-01
1.011308375925013964e-01
1.010418299497970046e-01
1.009865965945861976e-01
1.009084934800967975e-01
1.008640830540920991e-01
1.007357583318838068e-01
1.006804746380415977e-01
1.006280477069341067e-01
1.005361564602289953e-01
1.004694010333229970e-01
1.003917381902799943e-01
1.003263833258464938e-01
1.002604254139078943e-01
1.001823351680247026e-01
1.001132902637013045e-01
1.000393049095804066e-01
9.998201297490499906e-02
9.995187831425420000e-02
9.986953482653339320e-02
9.982003945822580382e-02
9.973207387493389364e-02
9.967441028224180433e-02
9.959691688650089414e-02
9.956508551358249359e-02
9.949529174071700122e-02
9.946177500151409667e-02
9.939251623191390494e-02
9.936293128570129751e-02
9.929261012459350555e-02
9.925803080182500626e-02
9.918261870981430472e-02
9.915353038387049456e-02
9.908661463547069337e-02
9.904390732383600016e-02
9.901337137344159989e-02
9.897937649005239535e-02
9.892251578669940260e-02
9.886853675976889355e-02
9.883594610014899418e-02
9.880208784456860627e-02
9.875232595354439813e-02
9.872205459967679786e-02
9.871228751267729917e-02
9.866800842422020212e-02
9.862899322867579865e-02
9.859432514680130377e-02
9.855301029702820403e-02
9.854097464389729999e-02
9.852087075908060043e-02
9.849066482049109728e-02
9.847860786084799978e-02
9.843779788383480445e-02
9.840659267925129516e-02
9.843734754183119939e-02
9.837934226720020103e-02
9.835774048555459559e-02
9.834162224406360620e-02
9.835316015535110201e-02
9.835980829384030621e-02
9.831830821180390090e-02
9.833513480629159365e-02
9.829493622202180314e-02
9.829346657520879327e-02
9.831372919436530411e-02
9.829050357079770206e-02
9.829427610791680037e-02
9.831291029811140003e-02
9.829972278908910566e-02
9.832189745649259904e-02
9.833505936603549602e-02
9.831162128560749780e-02
9.835117265437609557e-02
9.836230915325569479e-02
9.835812828730119972e-02
9.839567672025170686e-02
9.840600748086679450e-02
9.843301064047879634e-02
9.845490239671710053e-02
9.847940987780759436e-02
9.850350173266850251e-02
9.853280225187860397e-02
9.855436525522799640e-02
9.858166280197609710e-02
9.862448484228039658e-02
9.864762571678560577e-02
9.867419987316390639e-02
9.873405327358070194e-02
9.872482533747900524e-02
9.877715275841560116e-02
9.882491025261580520e-02
9.884306391262029368e-02
9.892864414494599579e-02
9.895037892589579609e-02
9.900256569833240650e-02
9.905020701698019625e-02
9.911786187100600498e-02
9.915490234390099411e-02
9.920911730362359793e-02
9.925535452758349475e-02
9.930606115620130292e-02
9.937326924731709754e-02
9.939873601951559889e-02
9.947181318255980675e-02
9.951795934497649487e-02
9.958433838612069933e-02
9.962814875913370005e-02
9.969807619058819459e-02
9.974351247113570629e-02
9.980606664502310321e-02
9.985516184893150626e-02
9.992711094622319656e-02
1.000113570431082066e-01
1.000251102989587054e-01
1.001087479799216973e-01
1.001611430783071049e-01
1.002546554445391952e-01
1.003219340186785047e-01
1.003620167871620006e-01
1.004476475924487022e-01
1.004845802285623951e-01
1.005730200796171037e-01
1.006287352529728063e-01
1.006972672589740991e-01
1.007728565064178045e-01
1.008226812211085038e-01
1.009208954475418057e-01
1.009671352291662966e-01
1.010381201349574015e-01
1.011030276560229008e-01
1.011801230642058042e-01
1.012435365262547016e-01
1.013100056520560011e-01
1.013799221762237968e-01
1.014561168540302066e-01
1.015317789195881032e-01
1.015787839020660943e-01
1.016234764622453018e-01
1.016877648633787018e-01
1.017603571445313965e-01
1.018401731075700978e-01
1.019012842116732015e-01
1.019539662103102068e-01
1.020101010338102937e-01
1.020601351135656948e-01
1.021276623596212019e-01
1.021808791646700992e-01
1.021574774698908034e-01
1.022142143358533983e-01
1.022478177499595020e-01
1.022899753724855060e-01
1.022320636366803037e-01
1.023289221934609999e-01
1.025085949781206068e-01
1.030834313261253937e-01
1.027017738032838939e-01
1.023197783639050035e-01
1.025152987125004939e-01
1.025204954502112048e-01
1.025798734960629011e-01
1.025674606666086008e-01
1.024178003125909980e-01
1.024468020993891948e-01
1.024972470586435064e-01
1.024804110190022932e-01
1.024644942908511935e-01
1.024519829537353932e-01
1.025300572991490050e-01
1.025624638030425001e-01
1.026382940431261048e-01
1.027148744333286068e-01
1.027960085124817041e-01
1.028675061663783946e-01
1.029168575108174999e-01
1.029643083501921019e-01
1.030153247294610941e-01
1.030493757466316995e-01
1.030948647952872055e-01
1.031361888686578021e-01
1.031692481398998051e-01
1.032044277343412003e-01
1.032043169472847965e-01
1.032349072502981024e-01
1.032464721204729985e-01
1.032690055672132040e-01
1.033044043005268003e-01
1.032971025760103939e-01
1.033329225351656971e-01
1.033270710197409931e-01
1.033432381083275037e-01
1.033365529145131023e-01
1.033726775006034992e-01
1.033709440938865992e-01
1.033673594481197971e-01
1.033825200267983052e-01
1.033711517415037001e-01
1.033907479500092985e-01
1.033803703227143961e-01
1.033730589572603997e-01
1.033948027671522940e-01
1.034066725817087001e-01
1.033993839329221953e-01
1.033962077031986976e-01
1.034040228233959052e-01
1.034088198383532053e-01
1.034109712182424978e-01
1.033918214654391959e-01
1.034172443266195007e-01
1.034051451729649934e-01
1.034211135022354011e-01
1.034241341985547985e-01
1.034398407055572983e-01
1.034377951569939030e-01
1.034524349579583058e-01
1.034331996308498064e-01
1.034559874040096028e-01
1.034677244539679020e-01
1.034654349975483029e-01
1.034525413069380950e-01
1.034403117748864953e-01
1.034506918414336979e-01
1.034627216559357993e-01
1.034470539669854056e-01
1.034420637401698012e-01
1.034331073667767997e-01
1.034568066543045950e-01
1.034084433464537989e-01
1.033950313983738045e-01
1.033905545594878961e-01
1.034196566276494034e-01
1.034022966082003003e-01
1.034048413097547053e-01
1.034010871479461025e-01
1.034189328071989933e-01
1.034196343713902067e-01
1.034111193031568010e-01
1.034108988287486958e-01
1.034056235934747991e-01
1.034169933512927020e-01
1.034180322169343941e-01
1.033981226441777063e-01
1.033979652227100948e-01
1.033917947556981937e-01
1.033771135798896984e-01
1.033697770756545065e-01
1.033612185855515009e-01
1.033180799125029969e-01
1.033258902381160999e-01
1.033202974891156006e-01
1.032931217112588035e-01
1.032748988101855059e-01
1.032981738784397030e-01
1.032564130810312980e-01
1.032259537699151963e-01
1.031866777228687970e-01
1.031948913610662988e-01
1.031444190869005018e-01
1.031358786959254981e-01
1.030918141493410017e-01
1.030544541972377021e-01
1.030208433857457972e-01
1.030255456505953932e-01
1.029881013297449938e-01
1.029470213299674974e-01
1.029123034190561059e-01
1.028872969872891979e-01
1.028695970961508999e-01
1.028000359692236992e-01
1.028061441715622942e-01
1.027466822007338937e-01
1.027089375207640987e-01
1.026873869956071023e-01
1.026478237719023051e-01
1.025709576434048059e-01
1.025593227003983032e-01
1.025171863328934035e-01
1.024821729324774944e-01
1.024633532299589062e-01
1.024098221529644998e-01
1.023652002568139069e-01
1.023203435452866988e-01
1.022914612868922046e-01
1.022533693807971961e-01
1.022365977311937013e-01
1.021457421481072048e-01
1.021253575648582018e-01
1.020960352357316026e-01
1.020602155133390060e-01
1.020118444792690038e-01
1.019571485254587018e-01
1.019024977949943983e-01
1.018768485753833025e-01
1.018520216450897048e-01
1.017593414484408987e-01
1.017237428071856992e-01
1.017022184036738969e-01
1.016520462453104068e-01
1.016211111223715990e-01
1.015432334897744954e-01
1.015221990653145945e-01
1.015033654117113993e-01
1.014477180761864938e-01
1.013984829758761974e-01
1.013415915887824065e-01
1.013004658388095003e-01
1.012979197715852958e-01
1.012594270548855951e-01
1.011932076335072955e-01
1.011379812936152034e-01
1.011147621203446062e-01
1.010634684332405026e-01
1.010486117611853057e-01
1.010309797640121937e-01
1.009963909687565942e-01
1.009297077675724019e-01
1.009224025027303934e-01
1.008753026264001956e-01
1.008311476099665038e-01
1.008029323344055012e-01
1.007253839639443982e-01
1.006994323351430992e-01
1.006809771091170952e-01
1.006347620811555016e-01
1.006517393796129006e-01
1.006078795031229989e-01
1.005567510657928987e-01
1.005137896164025046e-01
1.005008809445211981e-01
1.004654002584123990e-01
1.004189813236349982e-01
1.003785575134716057e-01
1.003620573502809060e-01
1.003478466365203964e-01
1.003242523562681010e-01
1.002823998295366975e-01
1.003000980369592038e-01
1.002341017392963940e-01
1.002073638715229031e-01
1.002128774344686057e-01
1.001636222471633947e-01
1.001525064209811966e-01
1.001468867838162941e-01
1.000961079329891062e-01
1.000809222007491978e-01
1.000708407880693956e-01
1.000716310475749937e-01
1.000306427412713944e-01
9.998979704257339451e-02
1.000003967020437062e-01
9.998048205182449855e-02
9.995813443233350637e-02
9.998756695040729447e-02
9.992090496676220290e-02
9.992612260135590174e-02
9.990325904734480289e-02
9.987759587306739573e-02
9.988957780233299888e-02
9.985792524605520415e-02
9.985890629291749310e-02
9.986472494605209971e-02
9.986409095547929549e-02
9.983237765804570119e-02
9.982302235792189782e-02
9.983192575167700034e-02
9.981527758799529915e-02
9.978321527656200396e-02
9.977945094110719781e-02
9.977200075052179706e-02
9.975118207071530241e-02
9.975457223717699995e-02
9.974651945276780118e-02
9.971225404888900412e-02
9.972585211111749393e-02
9.972207868435850608e-02
9.971081778122410644e-02
9.968051919221289359e-02
9.967036136475229680e-02
9.969119648891980323e-02
9.970319514828980545e-02
9.967877010139709892e-02
9.968300830322829320e-02
9.969521937192520056e-02
9.964638312818539789e-02
9.965359677674480443e-02
9.965100919489400244e-02
9.963803081853979393e-02
9.966069613049620413e-02
9.960753579719229533e-02
9.960247854850019789e-02
9.961163168176659366e-02
9.960758415630699414e-02
9.959678664911369994e-02
9.957930359642490348e-02
9.957392211020719974e-02
9.957110047706499434e-02
9.956964434003150177e-02
9.953187405301240631e-02
9.953550919445569578e-02
9.953361349525589874e-02
9.951340926165229417e-02
9.950688330838650120e-02
9.950106289669399806e-02
9.950104893796689332e-02
9.952673862172220498e-02
9.948994848337740227e-02
9.947414551766410595e-02
9.944452211525620089e-02
9.947827473339479476e-02
9.943535070706249757e-02
9.942926578877420152e-02
9.943069922454099430e-02
9.940253143944109693e-02
9.941026067529150356e-02
9.940465380887379687e-02
9.939194261356350257e-02
9.938789882263400488e-02
9.936518566919730344e-02
9.936269923204739396e-02
9.937383147767220315e-02
9.935376858789060628e-02
9.937894992115829662e-02
9.936419101116729380e-02
9.936339474723919485e-02
9.935878710487600074e-02
9.934393182963130453e-02
9.933109211755900003e-02
9.934313234954320060e-02
9.933590530454020073e-02
9.934064536197320661e-02
9.933464932564230188e-02
9.934076664964609782e-02
9.934303025963399369e-02
9.932516896898720138e-02
9.932795796829710366e-02
9.932979975986669374e-02
9.934001003972560417e-02
9.932514796550860614e-02
9.932698589135580125e-02
9.934030028997520301e-02
9.933916293519469420e-02
9.932301781009210406e-02
9.936704194864799666e-02
9.935792502204129906e-02
9.936245046509920020e-02
9.936438174827079417e-02
9.935515358269990382e-02
9.937886607771480307e-02
9.938821653936590061e-02
9.939327426934080334e-02
9.937875773909360388e-02
9.938155353021820015e-02
9.943332755837730463e-02
9.943637466552270043e-02
9.941324098326399794e-02
9.944496242653670659e-02
9.945942599454979383e-02
9.946725060773030369e-02
9.949561046663739361e-02
9.947367650003420547e-02
9.951804967162450333e-02
9.951959326459179633e-02
9.950298371339369452e-02
9.955882064000499965e-02
9.954732400303460682e-02
9.957071249357400677e-02
9.956757329058299466e-02
9.959153237257900582e-02
9.961003840996070224e-02
9.964111245094539604e-02
9.966735712436360084e-02
9.965851282620449836e-02
9.968354535306349351e-02
9.970605653426099779e-02
9.972741281847609385e-02
9.976318553960419888e-02
9.978089091800039501e-02
9.979160292489530626e-02
9.981196092696259514e-02
9.984506389717399955e-02
9.987459342810289797e-02
9.988223535299560474e-02
9.989285072973209945e-02
9.994319029968519452e-02
9.998384835111780167e-02
9.998066198555710660e-02
1.000202218794503939e-01
1.000431757157446006e-01
1.000675053010440935e-01
1.000784826647166947e-01
1.001274381558977938e-01
1.001562587159692957e-01
1.001844171092822061e-01
1.002039855460327006e-01
1.002380715952723017e-01
1.002977130539552952e-01
1.003156789372200014e-01
1.003379201502137968e-01
1.003460850291612999e-01
1.003911725724774967e-01
1.004363192391550946e-01
1.004686356250993062e-01
1.004891591317604999e-01
1.005400832317232956e-01
1.005764671751797068e-01
1.006081718262830937e-01
1.006697746643220037e-01
1.006846713537108001e-01
1.007294346194741036e-01
1.007876981153722068e-01
1.007894440595343971e-01
1.008104973645485014e-01
1.008573620943629956e-01
1.009067192449591976e-01
1.009000731891518954e-01
1.008937293371371946e-01
1.008773198921893016e-01
1.008457229129185034e-01
1.009919883685452963e-01
1.009835529430146012e-01
1.010945874221745033e-01
1.010508694594813989e-01
1.010001693982764959e-01
1.011936930216743996e-01
1.010391567924883993e-01
1.011800511479123005e-01
1.012358813967217941e-01
1.013213174381957932e-01
1.012218517633448056e-01
1.013064480425902025e-01
1.012644218179819949e-01
1.011557465529480948e-01
1.013665675764535007e-01
1.012197143251944015e-01
1.013497211153070038e-01
1.013532426256654045e-01
1.013847283075544059e-01
1.013690148730222035e-01
1.013759779692163937e-01
1.013429533633583984e-01
1.013748572254797031e-01
1.013246445520920025e-01
1.013308239137930000e-01
1.014107328187973944e-01
1.015294525730834063e-01
1.017531155579037977e-01
1.017789178290467028e-01
1.018202387938591941e-01
1.018490538001237955e-01
1.018653414244501954e-01
1.019253792677036058e-01
1.019491414996091944e-01
1.019813056598122963e-01
1.020172280543173993e-01
1.020452585875734064e-01
1.020803187484738972e-01
1.020915360412922024e-01
1.021110497189536975e-01
1.021282592482179036e-01
1.021609997809611037e-01
1.021367388224024009e-01
1.021991009148458945e-01
1.022009458439397944e-01
1.022050094684382043e-01
1.022150664670779946e-01
1.022297718761135954e-01
1.022178364317504057e-01
1.022417097621104998e-01
1.022614253014157010e-01
1.022665405049670018e-01
1.022558601720982008e-01
1.022648050111531065e-01
1.022499247502137026e-01
1.022900066005861947e-01
1.022796794665641051e-01
1.023025614909617992e-01
1.022762736343792028e-01
1.022971058475559969e-01
1.022953040550114989e-01
1.023023932775139061e-01
1.023052827832077044e-01
1.023174912204966036e-01
1.023100158040128049e-01
1.023141473256482942e-01
1.023137103691395960e-01
1.023136581908159065e-01
1.023153449427642026e-01
1.023114393193575028e-01
1.023072746466981986e-01
1.023059287962349989e-01
1.023422343895211972e-01
1.023100096737980941e-01
1.023156365833164938e-01
1.023161382047386020e-01
1.023426063280123977e-01
1.023444423198805048e-01
1.023380929459064004e-01
1.023356860056494066e-01
1.023387181407900970e-01
1.023430778785399953e-01
1.023382858161697995e-01
1.023279611209357010e-01
1.023215303897172940e-01
1.023266056090899045e-01
1.023336463301258992e-01
1.023434952401831022e-01
1.023466415709077953e-01
1.023401284404470007e-01
1.023464169081465952e-01
1.023560835468438068e-01
1.023585522720281971e-01
1.023736032200749935e-01
1.023746713535315933e-01
1.023520463807699038e-01
1.023723756511664001e-01
1.023702857126562032e-01
1.023719043853515004e-01
1.023908217078454974e-01
1.023946295005074975e-01
1.024149338458723996e-01
1.024307983227780994e-01
1.024048602500177013e-01
1.024057971958891033e-01
1.023948907521420038e-01
1.024011715353951996e-01
1.024126575000463002e-01
1.024241137449831973e-01
1.024293037736783013e-01
1.024161802651226000e-01
1.023941434122953020e-01
1.024080156488229032e-01
1.024242240733229947e-01
1.024208345702271039e-01
1.023781727399147995e-01
1.023574884818966996e-01
1.023644988997616939e-01
1.023817367902992992e-01
1.023809718373766969e-01
1.023696061717765948e-01
1.023680792531058009e-01
1.023709163830768959e-01
1.023916566449672993e-01
1.023801734705599015e-01
1.023592721977884951e-01
1.023841429145597032e-01
1.023560979160838963e-01
1.023464641337877984e-01
1.023477043980246942e-01
1.023396571588408993e-01
1.023267262864970967e-01
1.023226909243404037e-01
1.023201405659809049e-01
1.023125031230472937e-01
1.022988179803080988e-01
1.022653072309720051e-01
1.022647255828680046e-01
1.022483705088188949e-01
1.022373169908211976e-01
1.022448975131390048e-01
1.022058147146038959e-01
1.022013704120787042e-01
1.022008555705081062e-01
1.021917711464824935e-01
1.021634974122647976e-01
1.021448638263924014e-01
1.021308954436254968e-01
1.021406744700697061e-01
1.021065405727041020e-01
1.020809364494831978e-01
1.020556569995371976e-01
1.020553854142099981e-01
1.020510320306298041e-01
1.020478237589892978e-01
1.020067933456326043e-01
1.019925824304817041e-01
1.019790071661686032e-01
1.019670287112918045e-01
1.019478126138075036e-01
1.019280863412863058e-01
1.018849903342599061e-01
1.018566097312113977e-01
1.018603718630314986e-01
1.018144555085385011e-01
1.018036204423525964e-01
1.018070873724540026e-01
1.017511866729454983e-01
1.017803054025862020e-01
1.017361623839204976e-01
1.016811313294671004e-01
1.017096768971644943e-01
1.016661838034717963e-01
1.016415070622510991e-01
1.016343416058449051e-01
1.016054359946371999e-01
1.016023978595912980e-01
1.015786228701432981e-01
1.015772479645153936e-01
1.015408036146255993e-01
1.015145614328334944e-01
1.015002683477986972e-01
1.014688399888894060e-01
1.014646344576663056e-01
1.014490747028180956e-01
1.014060436653037994e-01
1.014080725908726999e-01
1.013877170626787949e-01
1.013634864344283015e-01
1.013338257202097970e-01
1.013097905273827037e-01
1.012821652189950933e-01
1.012968103922484014e-01
1.012695691705829959e-01
1.012363798671875037e-01
1.012223901389177061e-01
1.011969839686087946e-01
1.011893563421109032e-01
1.011956007952401065e-01
1.011514761778758986e-01
1.011633317257474990e-01
1.011389532167536048e-01
1.011422376225045022e-01
1.011310384686900932e-01
1.011012128561637052e-01
1.010777698161991062e-01
1.010861850688429958e-01
1.010614406744314991e-01
1.010497535886299009e-01
1.010494360958383020e-01
1.010497903303945039e-01
1.010564693263571040e-01
1.010509296806591933e-01
1.010392433845956062e-01
1.010308653224770009e-01
1.010252520191479986e-01
1.010156512915077048e-01
1.010284460098097997e-01
1.010408885833184028e-01
1.010085993613045047e-01
1.009888186043691044e-01
1.009950940435937056e-01
1.009895895521215059e-01
1.009925297262651983e-01
1.010024337477065937e-01
1.009742403747987960e-01
1.010027356838835016e-01
1.009536444949262063e-01
1.009633504803331971e-01
1.009508485292946040e-01
1.009652736565015002e-01
1.009579623625627975e-01
1.009549441870350034e-01
1.009658607352972026e-01
1.009664375106810036e-01
1.009685933843978006e-01
1.009228501328726935e-01
1.009057843576263991e-01
1.009170006614500958e-01
1.009262672622062013e-01
1.009073012600047031e-01
1.009187064517874932e-01
1.009077091907808060e-01
1.009282615955754969e-01
1.009338816393706983e-01
1.009376116955865987e-01
1.009263358480677053e-01
1.009353681258075008e-01
1.009013993365371065e-01
1.008932603987126031e-01
1.008961572350855068e-01
1.008960104849738054e-01
1.008880532823543952e-01
1.008947588874981038e-01
1.009040409891138051e-01
1.008691763182733014e-01
1.008472095415806069e-01
1.008725199252064053e-01
1.008565971699647013e-01
1.008391971452839014e-01
1.008413283998138010e-01
1.008350997011862038e-01
1.008250012253258943e-01
1.008120649430287036e-01
1.008099298976309066e-01
1.008321353143290938e-01
1.007971657151528061e-01
1.007900246871454020e-01
1.007779302024835039e-01
1.007861632292765958e-01
1.008071515559111064e-01
1.007880139628293953e-01
1.007806411529748036e-01
1.007390438096827934e-01
1.007657116564007055e-01
1.007584445367472048e-01
1.007429700979845938e-01
1.007192983268977993e-01
1.007245716193955060e-01
1.007263329832430027e-01
1.007113091773094993e-01
1.006945425688873935e-01
1.006912392188849953e-01
1.006869377941942978e-01
1.006896099723735977e-01
1.006739290813524063e-01
1.006445282724967999e-01
1.006317033619437973e-01
1.006204064671755993e-01
1.006399916437343001e-01
1.006463056905893966e-01
1.006502310079164936e-01
1.006198917230959056e-01
1.006118465532433032e-01
1.006006133377104067e-01
1.006108429057935988e-01
1.006038506166980068e-01
1.006156811034245036e-01
1.006097251298253004e-01
1.005825073640603945e-01
1.005870854890443949e-01
1.005893014273493979e-01
1.005642096347143938e-01
1.005808362642817977e-01
1.005669907753100056e-01
1.005660305988402003e-01
1.005865188810640964e-01
1.005677905935186967e-01
1.005921146379556014e-01
1.006046471622624033e-01
1.006092130444860983e-01
1.005948791519618024e-01
1.005914605821884994e-01
1.006018534836850969e-01
1.005901234845126974e-01
1.006167932935592008e-01
1.006492797132891026e-01
1.006092259239192016e-01
1.006094265984470021e-01
1.006211153550795045e-01
1.006298052942646987e-01
1.006685799287166949e-01
1.006316908002571064e-01
1.006568391509756050e-01
1.006414592762874954e-01
1.006726937288958956e-01
1.006840264329940948e-01
1.006857010348171932e-01
1.007227969847003940e-01
1.007237153288303988e-01
1.007382745392731010e-01
1.007462683897475952e-01
1.007216853647397992e-01
1.007347457677053026e-01
1.007495692271505039e-01
1.007939477913284004e-01
1.007778985062719040e-01
1.008042293249583055e-01
1.007897931478465986e-01
1.007155566021629978e-01
1.008271024259606991e-01
1.008387747919563954e-01
1.008497664224630996e-01
1.007423246180896986e-01
1.008274616865127982e-01
1.008370909763959961e-01
1.008761482568503037e-01
1.008526476750276069e-01
1.007599541449984010e-01
1.008655728773984045e-01
1.008936625951935007e-01
1.007837648853998069e-01
1.007856708683125962e-01
1.007660633559702007e-01
1.007996438311637016e-01
1.007863485113320023e-01
1.008882598070442033e-01
1.008956837178574956e-01
1.007645201929556061e-01
1.008020726640160014e-01
1.007861913952047966e-01
1.008141561310448991e-01
1.008065252533414946e-01
1.008495123953501993e-01
1.008456882514659064e-01
1.008418140777140037e-01
1.009613814079911992e-01
1.008307791120332947e-01
1.008715673347991976e-01
1.007921246508319962e-01
1.008875167280326030e-01
1.009465689479771972e-01
1.008365140660285042e-01
1.009421801305002975e-01
1.008266344270856985e-01
1.009263287889367033e-01
1.007924525608211025e-01
1.008714346563100994e-01
1.009349601014218056e-01
1.008855709953798002e-01
1.007879690147568952e-01
1.009189991626417010e-01
1.008646046231618937e-01
1.008197802727893999e-01
1.008013893402759931e-01
1.008768436177883976e-01
1.008224174513843996e-01
1.008262782928352058e-01
1.008834522227363001e-01
1.009335132534213975e-01
1.009603834721675975e-01
1.008270188746396012e-01
1.009084989425837048e-01
1.008384906625481997e-01
1.009027204456588028e-01
1.007892227165883975e-01
1.009298640235086059e-01
1.008674731463632956e-01
1.009121622675721031e-01
1.008777074119277944e-01
1.009177589394924940e-01
1.009457031197376065e-01
1.007670574154083953e-01
1.008084815072522039e-01
1.009298267595774012e-01
1.007386875116439012e-01
1.007787135717294058e-01
1.009136552523380026e-01
1.008108418103520060e-01
1.009010388877168984e-01
1.008549036656734010e-01
1.008622194269659933e-01
1.008773640809064037e-01
1.007638356577044009e-01
1.008355024239167980e-01
1.008506787033787017e-01
1.008442068598059960e-01
1.008377288435610003e-01
1.008368943179811933e-01
1.007278766283172949e-01
1.008564100809316993e-01
1.008077331747291028e-01
1.008022890387770959e-01
1.008138400881844060e-01
1.008137734420840037e-01
1.008008660097946957e-01
1.007817307038163940e-01
1.007894637033373009e-01
1.008000550463570011e-01
1.008071605266736975e-01
1.007725296119560965e-01
1.007703697506848045e-01
1.007649448240754975e-01
1.007788369414252955e-01
1.007886456261067043e-01
1.007710720671753934e-01
1.007687741356329963e-01
1.007940439535058991e-01
1.007513809915566994e-01
1.007513794252812983e-01
1.007334243353581044e-01
1.007538971950319023e-01
1.007823312724885068e-01
1.007710181366250068e-01
1.007923836680611057e-01
1.007728883143438059e-01
1.007641588421336054e-01
1.007807655923160933e-01
1.007700202645143983e-01
1.007786061308657000e-01
1.007703465667414977e-01
1.008001143563019980e-01
1.008053197242690935e-01
1.008098128518134934e-01
1.008092698503783996e-01
1.007978516270413988e-01
1.008398004414517990e-01
1.008326658875478010e-01
1.008339437237713021e-01
1.008518463878273069e-01
1.007594141231281937e-01
1.008683803487581965e-01
1.008266084571970977e-01
1.008955828418656026e-01
1.007634206536808935e-01
1.007408474725255965e-01
1.008744330895350039e-01
1.007597825226946020e-01
1.007857731674472040e-01
1.007796254600825947e-01
1.007735569069513060e-01
1.008226264336379019e-01
1.008601057381079968e-01
1.007581084603216964e-01
1.007956765429478957e-01
1.008028052380725986e-01
1.007881079290453008e-01
1.008011426990940984e-01
1.007459943103309052e-01
1.007902665925658053e-01
1.008078138567268939e-01
1.008091900630173066e-01
1.007304439859853934e-01
1.007469906828716982e-01
1.006903207611681006e-01
1.006787935993232047e-01
1.006887253173977953e-01
1.006879277508272996e-01
1.006765658022456961e-01
1.006886866417154025e-01
1.006643686481922956e-01
1.007047567472639932e-01
1.007526826923878932e-01
1.007543210008468998e-01
1.007865486463843940e-01
1.008200074990649037e-01
1.008659454895085988e-01
1.008919297930278014e-01
1.009284372856942974e-01
1.009592363898172002e-01
1.009946034446868035e-01
1.010256589985664005e-01
1.010750739790284014e-01
1.010675624235396058e-01
1.011087803403928065e-01
1.011831572753739972e-01
1.012071363631433935e-01
1.011947001322574952e-01
1.012583335120213063e-01
1.012821578694220043e-01
1.013266650871748054e-01
1.013268123652544955e-01
1.013703701792984940e-01
1.014087475709408992e-01
1.014251227574824998e-01
1.014747450934766065e-01
1.014907025943656005e-01
1.014973794208697960e-01
1.015367855030912952e-01
1.015701978046723991e-01
1.015682787385181057e-01
1.015653004750153021e-01
1.015954995213477069e-01
1.016087671774476980e-01
1.016086288708271945e-01
1.016423934183388056e-01
1.016447112997606039e-01
1.016270515387172058e-01
1.016770030946616971e-01
1.016913879573148050e-01
1.016746050749186003e-01
1.016890083281765944e-01
1.017117684513880044e-01
1.017146960009042006e-01
1.017118710931782938e-01
1.017130611326790002e-01
1.017270968751205068e-01
1.017015651111476959e-01
1.017043087899689030e-01
1.016997097367560998e-01
1.017637603713592992e-01
1.017749560161466948e-01
1.017516510991500062e-01
1.017553761632730980e-01
1.017763434823650004e-01
1.017794282861679001e-01
1.017571169285061972e-01
1.017718664146697038e-01
1.017685911043083036e-01
1.017762150980960068e-01
1.017796619868786001e-01
1.017989150605044940e-01
1.017885320941765981e-01
1.018065819358116020e-01
1.017984023911345931e-01
1.018125448262842958e-01
1.017861309526006952e-01
1.017974034627956992e-01
1.018144562745520038e-01
1.018273823682225021e-01
1.018260980145233030e-01
1.018399837537689034e-01
1.018219492859469971e-01
1.018357783404832961e-01
1.018539486789710041e-01
1.018586211819910992e-01
1.018607062578357064e-01
1.018829020227847992e-01
1.018777962143671972e-01
1.018539893595163948e-01
1.018548001828297050e-01
1.018631295327881991e-01
1.018794612997706989e-01
1.018975741255973011e-01
1.018980078903485020e-01
1.018498707086288035e-01
1.018925990684100003e-01
1.018715988694080948e-01
1.018031461801424953e-01
1.018042949521917040e-01
1.018261774312289036e-01
1.018093364109314974e-01
1.018278611781145981e-01
1.018301964285614064e-01
1.018313954562466012e-01
1.018604595923699035e-01
1.018524250193832970e-01
1.018439913412479969e-01
1.018305081927262934e-01
1.018264121242632991e-01
1.018110319734871066e-01
1.018019043125164003e-01
1.018136451944836041e-01
1.017688402936488962e-01
1.017825159368341004e-01
1.017637536321407965e-01
1.017743373996548018e-01
1.017303706145974013e-01
1.017242760362706971e-01
1.016985826944012961e-01
1.016948057637861030e-01
1.017048730418984998e-01
1.016770923886215067e-01
1.016347852255097967e-01
1.016374532455135982e-01
1.016167835532816033e-01
1.015844153653649024e-01
1.015786019606049057e-01
1.015375066520809028e-01
1.015389739769052002e-01
1.015035508047722052e-01
1.014806606701493946e-01
1.014584560170234961e-01
1.014400465200386986e-01
1.014690358469424042e-01
1.014239273066125935e-01
1.013783670453773933e-01
1.013677181540029032e-01
1.013518642533585978e-01
1.013109030926462040e-01
1.013296853987625951e-01
1.012660285446396052e-01
1.012503448104893067e-01
1.012582218369603021e-01
1.012080340695647035e-01
1.012185536206705039e-01
1.011688763691607068e-01
1.011850370650682063e-01
1.011350526568591951e-01
1.011329192283808021e-01
1.011150372838574979e-01
1.011291561854961024e-01
1.010790889731991993e-01
1.010887388486971933e-01
1.010629284840302983e-01
1.010405386517030935e-01
1.010185262154253000e-01
1.010144858123420003e-01
1.010235360909655933e-01
1.010240025141457970e-01
1.009954175730349984e-01
1.009978273481152988e-01
1.009881584290518025e-01
1.009544816914562937e-01
1.009528472146806050e-01
1.009725680612233029e-01
1.009534927780827013e-01
1.009626949138944935e-01
1.009367136265325038e-01
1.009192370007560013e-01
1.009131120616200000e-01
1.009068910905308036e-01
1.009259118298388991e-01
1.009232743812980004e-01
1.009236343008236975e-01
1.008969699179359941e-01
1.009297808458358009e-01
1.009244650780811992e-01
1.008950703208423977e-01
1.009078774386202026e-01
1.008931975693413002e-01
1.009142896568069048e-01
1.009007803665615960e-01
1.009061729888932057e-01
1.009190751193577013e-01
1.008989472901538065e-01
1.009151375768966019e-01
1.009195864228157047e-01
1.009334357045269942e-01
1.009478993208428044e-01
1.009104593343286005e-01
1.009342555490573001e-01
1.009337145820660975e-01
1.009297840804772028e-01
1.009333272301168039e-01
1.009322329709398947e-01
1.009566699449202937e-01
1.009579974413293973e-01
1.009651516522161036e-01
1.009697466690491069e-01
1.009724301769277938e-01
1.009827079229641961e-01
1.009966766384010062e-01
1.009986543544940940e-01
1.009787786060818982e-01
1.009816597825402007e-01
1.009913198741792945e-01
1.009921707303464977e-01
1.010064755373824008e-01
1.010051262099489061e-01
1.010090196230395976e-01
1.010202580816977058e-01
1.010126712823419953e-01
1.010201217690405995e-01
1.010150416082372937e-01
1.010051083230806002e-01
1.010468425144031984e-01
1.010370678926232058e-01
1.010484970544435063e-01
1.010178208464777988e-01
1.010228735470098949e-01
1.010298421870109015e-01
1.010673910233532008e-01
1.010488313498076052e-01
1.010463107225254009e-01
1.010525877240156939e-01
1.010524728081678980e-01
1.010502024135758042e-01
1.010595347813498940e-01
1.010717612685266970e-01
1.010579524549393010e-01
1.010623042841850977e-01
1.010608575513136931e-01
1.010542904439259010e-01
1.010551822807179978e-01
1.010933255051481017e-01
1.010673047356313997e-01
1.010461431022748047e-01
1.010787560205207020e-01
1.010679836313169017e-01
1.010795668920834028e-01
1.010791483446330935e-01
1.010730736066005053e-01
1.010818791464646038e-01
1.010929965066132002e-01
1.010928463883258022e-01
1.010868017680767034e-01
1.010768184299171008e-01
1.010536131068208998e-01
1.010816100883994983e-01
1.010959379187295060e-01
1.010847706319741995e-01
1.011016895695786982e-01
1.010759333166025981e-01
1.010800764148027941e-01
1.010762334652847982e-01
1.010889600283073064e-01
1.011140378164338965e-01
1.011012855450909992e-01
1.011003283449646017e-01
1.011131199405054942e-01
1.010847520842555053e-01
1.011052489157826945e-01
1.011336404193294985e-01
1.011052881019000038e-01
1.010906620604828943e-01
1.011179869948132942e-01
1.011192867872471035e-01
1.011059363591530064e-01
1.011134022191882004e-01
1.011247008816471005e-01
1.011333884700431063e-01
1.011104987434224972e-01
1.011266206191762940e-01
1.011141660206975046e-01
1.011249899582390976e-01
1.011243777287716000e-01
1.011111958871215993e-01
1.011354717872286063e-01
1.011257238373833994e-01
1.011248834895762949e-01
1.011480392692167968e-01
1.011086579202366970e-01
1.011332942197921969e-01
1.011351594643723067e-01
1.011506456010865945e-01
1.011275587256519060e-01
1.011485400590636935e-01
1.011355094003100058e-01
1.011245893993447942e-01
1.011250533961197962e-01
1.011499339946197035e-01
1.011149847405286017e-01
1.011301578277058050e-01
1.011461028777405069e-01
1.011194222199564008e-01
1.011124978691163995e-01
1.011069133618073962e-01
1.011296258739139975e-01
1.011127988142974943e-01
1.010954239274513000e-01
1.011089030115955023e-01
1.011037006822338019e-01
1.011114158202024021e-01
1.010980646425955060e-01
1.010644881716084992e-01
1.010783504505869956e-01
1.010721765042193049e-01
1.010829595663786939e-01
1.010740933212019993e-01
1.010570412665739021e-01
1.010569048373396034e-01
1.010483724766085972e-01
1.010711279626475972e-01
1.010325905742450042e-01
1.010392760104144028e-01
1.010139197097278951e-01
1.010403751170796949e-01
1.010391730649797953e-01
1.009913214650575014e-01
1.010141590956131069e-01
1.009776677150551055e-01
1.010048218945081983e-01
1.009937447767264018e-01
1.009828924465992067e-01
1.009642427874812981e-01
1.009753678096619034e-01
1.009791022019446011e-01
1.009670360656264032e-01
1.009714798433841987e-01
1.009647508364498042e-01
1.009330742131169939e-01
1.009528043796415059e-01
1.009288290622436940e-01
1.009447404661042019e-01
1.009649498119443017e-01
1.009571191318277966e-01
1.009649065273303947e-01
1.009340360476090048e-01
1.009258329780647057e-01
1.008923213572816974e-01
1.009354180651921978e-01
1.009410148408210056e-01
1.009178147043127000e-01
1.009135156132572042e-01
1.009193957925447055e-01
1.009160230908922040e-01
1.009187306486547947e-01
1.009292617340907944e-01
1.009089799606834037e-01
1.009115230331958935e-01
1.009028162720775057e-01
1.008928347112346968e-01
1.009134341774941962e-01
1.009284221129490011e-01
1.009094221725335000e-01
1.009336093462253059e-01
1.009308780063521011e-01
1.009297631040707022e-01
1.009300645293271931e-01
1.009083930289191994e-01
1.009269430213115964e-01
1.009342008607247015e-01
1.009315824116068933e-01
1.008959333428544047e-01
1.009236065129058002e-01
1.009207428422785047e-01
1.009185335118577970e-01
1.008965281888211940e-01
1.009062679730862028e-01
1.009107239989605054e-01
1.009138670545833977e-01
1.009263439042047961e-01
1.009121780720318995e-01
1.009165848996908948e-01
1.009080317231081936e-01
1.009164815447251978e-01
1.009316166433591039e-01
1.009548990530046986e-01
1.009595989869576937e-01
1.009543346392459962e-01
1.009427705360518984e-01
1.009403658439357032e-01
1.009065854056765965e-01
1.009330161787447000e-01
1.009418343867480028e-01
1.009333483625372008e-01
1.009430618249046036e-01
1.009339695867731007e-01
1.009347454828999069e-01
1.009555674275099957e-01
1.009411037137246947e-01
1.009213986596296936e-01
1.009698085627095954e-01
1.009431887677735978e-01
1.009315352844854935e-01
1.009453463388119976e-01
1.009451711597187940e-01
1.009528595400167039e-01
1.009692710222124951e-01
1.009830270772939936e-01
1.009403099097628959e-01
1.009620273487422948e-01
1.009639672254449977e-01
1.009595055418963938e-01
1.009550462806770021e-01
1.009721926208129034e-01
1.009860019006482007e-01
1.009699559132049979e-01
1.009797855674112038e-01
1.009915755880252952e-01
1.009790129680577936e-01
1.009944444381864065e-01
1.009834273328131943e-01
1.009923644122625030e-01
1.010044558055299968e-01
1.009994972231871013e-01
1.010298859337127042e-01
1.010283001791952989e-01
1.010138551021529940e-01
1.010248745258842951e-01
1.010306626860722062e-01
1.010509618832271944e-01
1.010315098193017985e-01
1.010361869053238992e-01
1.010561224332248986e-01
1.010670474905707994e-01
1.010758097076858986e-01
1.010779079184131041e-01
1.010576677008896002e-01
1.010832027278898981e-01
1.010559451052766983e-01
1.010616975170409021e-01
1.010573393628577954e-01
1.010417374295105031e-01
1.010632005753313994e-01
1.010738535041254965e-01
1.010638386378291953e-01
1.010771541461013001e-01
1.010856875975261054e-01
1.010756622470139060e-01
1.010562414434311995e-01
1.010411037673735052e-01
1.010344984843283000e-01
1.010508600666619045e-01
1.010541419593082024e-01
1.010419454814913964e-01
1.010373252164585983e-01
1.010090423781307978e-01
1.010012174726486051e-01
1.009892673707444011e-01
1.010032911662538946e-01
1.009742225876411048e-01
1.009585573709340933e-01
1.009992993934038935e-01
1.009875468227403039e-01
1.009707042053230031e-01
1.010003523272390014e-01
1.010300724389602972e-01
1.010148778753127002e-01
1.010221919189674966e-01
1.010216922279350976e-01
1.010715104375567025e-01
1.010452876081882057e-01
1.010690003803773052e-01
1.010562233029034945e-01
1.010753150487861962e-01
1.010947676551861990e-01
1.011163680948792970e-01
1.011222813024662964e-01
1.011567539005254063e-01
1.011446716304492954e-01
1.011975052536548958e-01
1.011778729685688938e-01
1.011978924156082954e-01
1.012450095112367027e-01
1.012597266012661007e-01
1.012532848877704950e-01
1.012518163415254968e-01
1.013024748098896033e-01
1.013158531571831944e-01
1.013314895361829004e-01
1.013375848947410951e-01
1.013550231498890064e-01
1.013850511945967037e-01
1.013679077299109998e-01
1.013822157703642979e-01
1.014142466497986034e-01
1.014120469822430981e-01
1.013962794948154028e-01
1.014483195026170959e-01
1.014443720067205040e-01
1.014673798839566959e-01
1.015031948805401041e-01
1.014941266707140993e-01
1.015096921400209934e-01
1.015126426972204066e-01
1.015030897353963041e-01
1.015440601574314067e-01
1.015374387273405010e-01
1.015249893047289048e-01
1.015535423502153950e-01
1.015547540171762991e-01
1.015461823152904036e-01
1.015451480940452039e-01
1.015727493754049054e-01
1.015734732852680011e-01
1.015874722020111975e-01
1.015864236551641958e-01
1.015675875031998021e-01
1.015667310328674938e-01
1.015757018514912985e-01
1.015898854215561975e-01
1.015904967003384979e-01
1.015740797878814938e-01
1.015861305134429932e-01
1.015929045342326975e-01
