1.842670372371010945e+00
2.021693141445614739e+00
2.095055815488840345e+00
1.987321165367555986e+00
1.673770186047032871e+00
9.924582108263086955e-01
1.361047643808519725e+00
2.056722195244369278e+00
1.601360510913879986e+00
1.595245147198228519e+00
1.907774449090612112e+00
2.202829537707519325e+00
1.883964151009643873e+00
2.034467612946763815e+00
1.806463951060226503e+00
2.366284289053017353e+00
2.240013276185216728e+00
1.819638841609212854e+00
2.213293754772403865e+00
1.430402850035064510e+00
2.006414930102335958e+00
2.476208740419924670e+00
1.029909262914104895e+00
1.786524118300096386e+00
2.102015346763432824e+00
2.087954878206212950e+00
1.163807565113795350e+00
1.881780862619270911e+00
2.343775743866178374e+00
1.721986488869567067e+00
1.983478368553001747e+00
1.987709759947835275e+00
2.761193277448194650e+00
1.971907512578903843e+00
1.695190728980571659e+00
2.030709570036009826e+00
1.651184190356956183e+00
1.760618274652960835e+00
1.611849312202644935e+00
1.753513984742513632e+00
1.765162959125526010e+00
1.529834784946308535e+00
1.781872594582959657e+00
1.594252936548863797e+00
1.849657640106163958e+00
1.658032909057894022e+00
1.759588907587499307e+00
1.637978010295514597e+00
1.634462677669238362e+00
1.557876152205019737e+00
1.527866409963718253e+00
1.645646669435867571e+00
1.657032611308182801e+00
1.574430687233802528e+00
1.351233857232746249e+00
1.533239680321438314e+00
1.793393984225309046e+00
1.644239365598494595e+00
1.456622987579482498e+00
1.472393910817969331e+00
1.488835300165142650e+00
1.471091670622906689e+00
1.684895893803071365e+00
1.870641885720084163e+00
1.487747961661879170e+00
1.622720185404783688e+00
1.752577910131736916e+00
1.212902380624690579e+00
1.927317787027063689e+00
1.538124554328268889e+00
1.616973694391482308e+00
1.854481947556518406e+00
1.727373161642749233e+00
1.867290811813694162e+00
1.836509532032589931e+00
1.765162631491082434e+00
1.917335817788562213e+00
1.781476333058161776e+00
1.514655283904598360e+00
1.584853542601013965e+00
1.615180067330741265e+00
1.501883098279470641e+00
1.725239697323150745e+00
1.676094066238589919e+00
1.659977449784699077e+00
1.397666616327799982e+00
1.778640112493265812e+00
1.572291570842054176e+00
1.726844136039715538e+00
1.611749390973619356e+00
1.663954897379269715e+00
1.732071156520377242e+00
1.727069776170309545e+00
1.649522709392883923e+00
1.755815655569385125e+00
1.824030490640239810e+00
1.767637840110382719e+00
1.625862583289994667e+00
1.825740761295484793e+00
1.763843759979104142e+00
1.803811019743903676e+00
1.596653670863015462e+00
1.872924359124444882e+00
1.637581728608211051e+00
1.631249543048463702e+00
1.772025127124732480e+00
1.767449539781819734e+00
1.866413319535568105e+00
1.718608975993081600e+00
1.850058081037055491e+00
1.689702263548185313e+00
1.554103098735830191e+00
1.679742659873262545e+00
1.501179084147817644e+00
1.593306793622488948e+00
1.434610857826410069e+00
1.405380107365225006e+00
1.506159548371839962e+00
1.428936442031209619e+00
1.313575380959338457e+00
1.333698920481552364e+00
1.410087868169435987e+00
1.327173450369957264e+00
1.241042094705152143e+00
1.198095289080030712e+00
1.038546705903441003e+00
1.184070873117641476e+00
9.660401998655854250e-01
1.062642467291424975e+00
9.496105062754522930e-01
7.666732242146329090e-01
1.249028448692788507e+00
1.121293137046472044e+00
7.905893253994302761e-01
6.954628259201972584e-01
5.749626374059501055e-01
5.184699111078133749e-01
5.741289932172711774e-01
5.568614308569931337e-01
5.182901414068634693e-01
5.419551733051115594e-01
5.150410757455786692e-01
4.898570439976484558e-01
4.881834814895986696e-01
4.794113107711148736e-01
4.838000876339793588e-01
4.672924639409181680e-01
4.297377359942450292e-01
4.782211092168962008e-01
4.829874433262334454e-01
4.575731815995554008e-01
4.385752899854353792e-01
4.598225413004634055e-01
4.596446902090518538e-01
4.625253754672785100e-01
4.505480313018817018e-01
4.697621556677271659e-01
4.618641623248221362e-01
4.776642171407521342e-01
4.436230697987547100e-01
4.684829866191569936e-01
4.477468546680429262e-01
4.486527592315010526e-01
4.380534488764336043e-01
4.412937123133086614e-01
4.145208320524484957e-01
4.183049773782356873e-01
4.197860115951310700e-01
4.306382217474534757e-01
4.345022991451410466e-01
4.269157698147665880e-01
4.185913398470498259e-01
4.114213014054258211e-01
4.257837479661333302e-01
4.038504059255030865e-01
4.244539266217266515e-01
4.122739169352185318e-01
4.165246797782690691e-01
4.135397909864662602e-01
4.216862266504844969e-01
4.185358962468037625e-01
4.084015051558126386e-01
3.974595894818148678e-01
4.027101534007441752e-01
3.910336682899153704e-01
4.030606908374079755e-01
3.970266618535367442e-01
3.938345391912683735e-01
3.818017038292516041e-01
4.010563193914811198e-01
3.925721179107116710e-01
3.851913073133432786e-01
3.953230570433695634e-01
3.839477760520303429e-01
3.659257757721336990e-01
3.766987141719838617e-01
3.709354335379411172e-01
3.739494309254206006e-01
3.702169511131024882e-01
3.736472853506744851e-01
3.615235584763146770e-01
3.594273615403377753e-01
3.631369795002826195e-01
3.658599699524627269e-01
3.633831815176066793e-01
3.789889263220793114e-01
3.678418465723011788e-01
3.481197883938478843e-01
3.471785723519964506e-01
3.406041189273058545e-01
3.515523293383755465e-01
3.631040282103653039e-01
3.605753027373332920e-01
3.557296881854351556e-01
3.581386624557859610e-01
3.518120507224803406e-01
3.513684108117734461e-01
3.788956812391565121e-01
3.601836986599997181e-01
3.543468477155918839e-01
3.582232439729929885e-01
3.422419863186492162e-01
3.496020118170195534e-01
3.549549485451780617e-01
3.600447443842790807e-01
3.573660714004129324e-01
3.403643289640338465e-01
3.526244687704834790e-01
3.524930084956956478e-01
3.491579791850335512e-01
3.488228503869777453e-01
3.550147392627726606e-01
3.431910569523753396e-01
3.584310945078972854e-01
3.489617571149930542e-01
3.571328034035364807e-01
3.381804272441158998e-01
3.472266480370079789e-01
3.407784865913415784e-01
3.433736605371544570e-01
3.430805892477107322e-01
3.646424966345212515e-01
3.539766866815557966e-01
3.532629465259133905e-01
3.579540403435222395e-01
3.540017650611331779e-01
3.417106340144677179e-01
3.495657725703048002e-01
3.436565560735674318e-01
3.471994455364168508e-01
3.397357721672048525e-01
3.576835126360942696e-01
3.461388562243277178e-01
3.444891779657792141e-01
3.366100832617467398e-01
3.432200642652460387e-01
3.328075177672091267e-01
3.616777992463339197e-01
3.392700318356509093e-01
3.477683602578532374e-01
3.433180493125903565e-01
3.586473468739747039e-01
3.502926857776884617e-01
3.533989788981380387e-01
3.368819251326098385e-01
3.444408109000680063e-01
3.388664120023381909e-01
3.453274441990290544e-01
3.491842934607322091e-01
3.528991950905773778e-01
3.556473648238728802e-01
3.479052682791780038e-01
3.464758005651748518e-01
3.524470933763311775e-01
3.442887857848478950e-01
3.415000059593999993e-01
3.483971719456020466e-01
3.459165296165869208e-01
3.669819398694454948e-01
3.626657204270138934e-01
3.531282870465629609e-01
3.540545899610829661e-01
3.693483284129018274e-01
3.762888895345578577e-01
3.614607085397908426e-01
3.628391495893565355e-01
3.667961506799160554e-01
3.709675990785497035e-01
3.560620401430593107e-01
3.614148509323150127e-01
3.672461190625779803e-01
3.726746413396740953e-01
3.551906431931276531e-01
3.615928911462287787e-01
3.793761309538860038e-01
3.716288134911746588e-01
3.654508491056433495e-01
3.657105553874965831e-01
3.656711820063799356e-01
3.921539815354938563e-01
3.759731181058469374e-01
3.762959299926789125e-01
3.688143027215513015e-01
3.788596579843441781e-01
3.702979164875507267e-01
3.689452578012024642e-01
3.753841236108327317e-01
3.619937565888139419e-01
3.612531089828889264e-01
3.723824120774958391e-01
3.659469001668513854e-01
3.655805014500534411e-01
3.711479769286026853e-01
3.805487303510691199e-01
3.461411591534263033e-01
3.619843469307270634e-01
3.799062717344676710e-01
3.768724552072795220e-01
3.670334078294937852e-01
3.569191138838103128e-01
3.599484571245617492e-01
3.771288308376291587e-01
3.862562430063514185e-01
3.839880215153558818e-01
3.851942619578330174e-01
3.680629937078025993e-01
3.721106323682056294e-01
3.626696122176756854e-01
3.865109203561503115e-01
3.831645334360075372e-01
3.967863665401293316e-01
3.850213274249137951e-01
3.775457200501502464e-01
3.722640161066247955e-01
3.783607745597121763e-01
3.748170281341655086e-01
3.800441402241901412e-01
3.645546211105059053e-01
3.836820643398276554e-01
3.866444962321184398e-01
3.765948723363958250e-01
3.809539697724176333e-01
3.841206051133009280e-01
3.812728955132577147e-01
3.786243069548294593e-01
3.671532917882693314e-01
3.737235561859280075e-01
3.809743242941964758e-01
3.925909422872427279e-01
3.885554971666225210e-01
3.813474487844588645e-01
3.915556356920777414e-01
3.940688816685793960e-01
3.813431040737397248e-01
3.846139609422032923e-01
3.714959561164281054e-01
3.903462724345624912e-01
4.047698827858354220e-01
3.877079440832261747e-01
3.749987297136215814e-01
3.912674211612065522e-01
3.793376328408046283e-01
3.823551049197350116e-01
3.837545759053496153e-01
3.946294405158171648e-01
3.727395450062360172e-01
3.754645459039913646e-01
3.871303959183448606e-01
3.906993828769462218e-01
3.817073656840952456e-01
4.026989668443382020e-01
3.905578511242467910e-01
4.065697331700824924e-01
3.965130520250221835e-01
3.966919833845685139e-01
3.976695176340256377e-01
3.977541461645417442e-01
4.052720197140925462e-01
4.080274466417701529e-01
4.032590181352179726e-01
4.121757775360710974e-01
4.076059073222135232e-01
4.186625583485831248e-01
4.236425739646533239e-01
4.009351908632382555e-01
4.271777433362598519e-01
4.366861546743712741e-01
4.263886896773069202e-01
4.276342145554777874e-01
4.147681721138463118e-01
4.290050670815955813e-01
4.053566730003104190e-01
4.544455356745242813e-01
4.402522095266755420e-01
4.216128567732204679e-01
4.290788540640895765e-01
4.396763962351459276e-01
4.373725525158034255e-01
4.328604089172618519e-01
4.497332868829241881e-01
4.396986628523882334e-01
4.716350085978499029e-01
5.039962634890291504e-01
4.764738524310287993e-01
4.887605161212372762e-01
4.923225654159923415e-01
5.497481115338832547e-01
5.404413422573881576e-01
5.384344790287872717e-01
5.589674283478198724e-01
6.063295890291715562e-01
6.002192773431366257e-01
6.425879625600415812e-01
6.886101116911159670e-01
7.251662118615770369e-01
7.527384884571878265e-01
7.408806238804056532e-01
8.247096688839054002e-01
8.199920521263992512e-01
8.920557484018829530e-01
9.988716131737348514e-01
8.848448140135860562e-01
9.697719497215470108e-01
9.263819992037999329e-01
8.267993863640044072e-01
8.420004625567015788e-01
8.315111568128413788e-01
7.809582496624331016e-01
7.576274767779626051e-01
7.104934882255234951e-01
6.842234248219242199e-01
6.634712699850507933e-01
6.916535989151053609e-01
6.618156422242295056e-01
6.133334207258609450e-01
5.804647733521711706e-01
5.699127604795163338e-01
5.574674082126994668e-01
5.136469175671187770e-01
5.561450685980036113e-01
5.037533761562540402e-01
5.055695263867496791e-01
4.851507426884948959e-01
4.858889775261192034e-01
4.696672507941150321e-01
4.732863325134382682e-01
4.684720703300780387e-01
4.781155503629264669e-01
4.389535842725829640e-01
4.275076612273718824e-01
4.221406107115565076e-01
4.384608126104185266e-01
4.214873208079393252e-01
4.247992775800794596e-01
4.173951957844523331e-01
4.023975792408737151e-01
4.154887048850314790e-01
4.093034879691437866e-01
4.152800938549071064e-01
3.938902334904781921e-01
3.899857937265018282e-01
4.070508721651108774e-01
4.088241574763402109e-01
3.987749314125214051e-01
4.095125072561452972e-01
3.962469427756193374e-01
3.964669284930555926e-01
4.051842998935531459e-01
3.880190680730381536e-01
3.952391413577948653e-01
3.864351241691352246e-01
4.032221793095306928e-01
3.970158239982236048e-01
4.127250719556397329e-01
3.908618842352815648e-01
3.890232781235360981e-01
4.078759644954652042e-01
3.889393950565281921e-01
3.918207176872957609e-01
3.972132575968796986e-01
3.991210072328972847e-01
3.910314244433085173e-01
3.912262288662834431e-01
3.786771298206139114e-01
3.843621367296502500e-01
3.623491739752842666e-01
3.739745939004153197e-01
3.764944703812338478e-01
3.797182051141299586e-01
3.929975494040013895e-01
3.706896793393674727e-01
3.661502567238221761e-01
3.713395097335875916e-01
3.753661557910495383e-01
3.961780751208178741e-01
3.828634270084781410e-01
3.605099367470551153e-01
3.729659087743369961e-01
3.639772211257244483e-01
3.625938170123488291e-01
3.743238851506131559e-01
3.565245748641574508e-01
3.624421587602812966e-01
3.575595672721317286e-01
3.520631932174111411e-01
3.534074100741959601e-01
3.490527560143042440e-01
3.525141980863192304e-01
3.433071752123133535e-01
3.580630008285715649e-01
3.452713547021269980e-01
3.583745509187308276e-01
3.544426986308034100e-01
3.527384955835116687e-01
3.539708860372600685e-01
3.554102151986485714e-01
3.566313874713609722e-01
3.419693415141747961e-01
3.563556540382218918e-01
3.432670619457966477e-01
3.566974773574602131e-01
3.602275209857742633e-01
3.623168246933780035e-01
3.545203675751477101e-01
3.479436939127585338e-01
3.593269309567818648e-01
3.479967058358068299e-01
3.583356871060783266e-01
3.552392117945387118e-01
3.402574147026525830e-01
3.674232361108439870e-01
3.661685754790749980e-01
3.488608821600343579e-01
3.518795305287248931e-01
3.594249221656005133e-01
3.673285076146272088e-01
3.497163468213639881e-01
3.608243539225571284e-01
3.598066506166530676e-01
3.710240205762945775e-01
3.534635574324878071e-01
3.694421293462047950e-01
3.578189152853405997e-01
3.668694393050075941e-01
3.765175422107651659e-01
3.672082443299386489e-01
3.602604093277620434e-01
3.738148607715489069e-01
3.739918444767530992e-01
3.715102172584611728e-01
3.726693951578053388e-01
3.566430896581168075e-01
3.738314118359272187e-01
3.754217159682028404e-01
3.703228516323459063e-01
3.713708346159186879e-01
3.548032876789155576e-01
3.691368055676076954e-01
3.728081276200087002e-01
3.647551369740157368e-01
3.717551768119837785e-01
3.728734797341312635e-01
3.730214803207930196e-01
3.703626726074945585e-01
3.734678092654167281e-01
3.635908170435632747e-01
3.769372489654717606e-01
3.804717825076723292e-01
3.730996555087564004e-01
3.693401335901361771e-01
3.657355743246674673e-01
3.647143180107695892e-01
3.793535054425659081e-01
3.847722004924293837e-01
3.698810094817345240e-01
3.724609816403540719e-01
3.803064031094905428e-01
3.661781793345498803e-01
3.734233101203032756e-01
3.893709343995493399e-01
3.795414991550138395e-01
3.854339832151689738e-01
3.836933106621042144e-01
3.728053193983837388e-01
3.900157690780880482e-01
3.864536795736658314e-01
3.785586947099522925e-01
3.723199722217888641e-01
3.794621454154523121e-01
3.701299154227796762e-01
3.784978990233034968e-01
3.671143982689928364e-01
3.667942366491273032e-01
3.767675260694239303e-01
3.659559615775045960e-01
3.825659150448380008e-01
3.700583537802391576e-01
3.743007225076865341e-01
3.711987556253738552e-01
3.872933623370944378e-01
3.772925415771203328e-01
3.813151943300226998e-01
3.774818855760329050e-01
3.714929598181261894e-01
3.759869593975016522e-01
3.746843010786444217e-01
3.946636454029330277e-01
3.945280278389183826e-01
3.767225581306506421e-01
3.715832605217664342e-01
3.713445181144998664e-01
3.847960911173984866e-01
3.716390582831992639e-01
3.927363983680742798e-01
3.784012055249915685e-01
3.944070038636022235e-01
4.010567001076849603e-01
3.902892721884614335e-01
4.136100649897213044e-01
4.125741762657491596e-01
4.106333877503715035e-01
4.252682580027785098e-01
4.309024187859532562e-01
4.544138718014892331e-01
4.717681549883317449e-01
5.068774468527452726e-01
5.224867664338379569e-01
5.697152273063437189e-01
6.176754006887068549e-01
6.279358580187170968e-01
6.559496732221991033e-01
7.456021831588085513e-01
8.019274495209981479e-01
9.746238880289090911e-01
9.247592523843203294e-01
1.102451888466260410e+00
9.752603236614577620e-01
9.792977928533321830e-01
1.493913775378536313e+00
1.093126038722301185e+00
2.977032473074904040e+00
2.970125114933363175e+00
2.615121812433396364e+00
1.887243355761208941e+00
1.585549283092648531e+00
1.485258120017387773e+00
1.827878193435084730e+00
1.489834840681169004e+00
1.463223145431665095e+00
1.430665614493952686e+00
1.393780178354230292e+00
1.303682566074458649e+00
1.236861355727557399e+00
1.260245352459784529e+00
1.371770644123841087e+00
1.463380176721951420e+00
1.787755651832733328e+00
1.591472349189354984e+00
1.476620886122776088e+00
1.628687614683878904e+00
1.374784481096929856e+00
1.574101183974043972e+00
1.438159648089354370e+00
1.435741703929180213e+00
1.394848361640548706e+00
1.298675371248475763e+00
1.474719194372544173e+00
1.418908741116088335e+00
1.277538999371451434e+00
1.463231242520006692e+00
1.422777595947651186e+00
1.244890884582035007e+00
1.337801167378104727e+00
1.351918795995503464e+00
1.468147050870027170e+00
1.293346147218843001e+00
1.311692930066474583e+00
1.370663578077712774e+00
1.156990323538761745e+00
1.141967192873401205e+00
1.157333002957142920e+00
1.155402118966899927e+00
1.157100880217012406e+00
1.160219480835267269e+00
1.088725025681027914e+00
1.184264415034442575e+00
1.055989518179816011e+00
1.065112849788894200e+00
1.119252448197526340e+00
1.017986055652503552e+00
1.022619256064794424e+00
1.017182081736337285e+00
1.018862447502112190e+00
9.604888418206661838e-01
1.081637767809816131e+00
1.055292566728104342e+00
9.432647243960884387e-01
1.047165482754654819e+00
9.159654257256969467e-01
1.006503880115137806e+00
9.146939548241447282e-01
1.063089104490976711e+00
1.055418192410441769e+00
1.134061725427030209e+00
8.486340663964362374e-01
9.645128580233707227e-01
7.931960612469325378e-01
8.261899292321291943e-01
1.190912760737125264e+00
1.034707658340148440e+00
1.009599299329495548e+00
7.316460793846062405e-01
1.000748836982387813e+00
8.003000363410209816e-01
7.100129944848052599e-01
5.282958574537328644e-01
5.569900728070387164e-01
7.179883543233394061e-01
7.817527871248776128e-01
7.865645072791983550e-01
9.909623059295606939e-01
1.028777158525959967e+00
1.112869922693024760e+00
1.084299517189527107e+00
1.030545554313561984e+00
1.341162080247476407e+00
9.155255164488069752e-01
1.129266693644742636e+00
1.028951475522491554e+00
9.028680723463292646e-01
9.752632032404404683e-01
6.561637821284483918e-01
5.242040156939066220e-01
5.015054475028714043e-01
4.864898554997774127e-01
4.808177678013402789e-01
4.945054379151363477e-01
6.481622982929906573e-01
4.818261506089849266e-01
4.626602719605978353e-01
4.517614254218161873e-01
4.279174600225547631e-01
4.334327819237140389e-01
4.261954238631180947e-01
4.381795351227783519e-01
4.530861668363443395e-01
4.240069645651559083e-01
4.366665773058985844e-01
4.155597070443178831e-01
4.155556875917819637e-01
4.442056357195886540e-01
4.135193161630039693e-01
4.296549675237374966e-01
4.006180019428515759e-01
4.075931932162861204e-01
4.168066329282587024e-01
4.124153167886723259e-01
4.175758991436779310e-01
4.026054723075317976e-01
4.217532105028207190e-01
4.128687588124920205e-01
4.193797196431326424e-01
3.987397944269931993e-01
4.094004496686611261e-01
3.965379385821114488e-01
3.775703412726366670e-01
3.945354768256790212e-01
3.950928924996301439e-01
4.075419190634754218e-01
3.914710910918260955e-01
4.112604357202246375e-01
3.962138463762927554e-01
3.861041360372879372e-01
3.960187460813718308e-01
4.015560505816494485e-01
3.865726021767132981e-01
3.943207267533045957e-01
3.915574600269062233e-01
3.892373596305648276e-01
3.968332864097398049e-01
3.936426906363723055e-01
3.951489877919786564e-01
3.852065774761650463e-01
3.981816614740200655e-01
3.937827450488515790e-01
3.853829482700419362e-01
3.762493667510826145e-01
3.969333894923910977e-01
3.986977885601234450e-01
3.937215476614018828e-01
3.751132519766591789e-01
3.880227819417848001e-01
3.910966672086404472e-01
3.926523820290520050e-01
3.919611585829047562e-01
3.823742506121664553e-01
3.689327784399267229e-01
3.884347266864165982e-01
3.746920867167974900e-01
3.904191279561515238e-01
3.952163412166878609e-01
3.650558579049410501e-01
3.890423476025972604e-01
3.840671783691443353e-01
3.684695500714710859e-01
3.859031990674560708e-01
3.677105319678531936e-01
3.874835219858714930e-01
3.714521653673698576e-01
3.900076309210580572e-01
3.842682743739971873e-01
3.798076848052011623e-01
3.806352245758003461e-01
3.730553510228986624e-01
3.822109901119178921e-01
3.795602038199258899e-01
3.792640719877092281e-01
3.836180510732063453e-01
3.898040947136165446e-01
3.782620020685248385e-01
3.852869947644274040e-01
3.779281472867863645e-01
3.791792581315460708e-01
3.849019632345159203e-01
3.897429910518997453e-01
3.794886772129060226e-01
3.827390302079309303e-01
3.753802947989091643e-01
3.809067700986747962e-01
3.895941687132894460e-01
3.847099905322598490e-01
3.844778463552465664e-01
3.942380196746367305e-01
3.818025837307592041e-01
3.742406615433914174e-01
3.924618461932144475e-01
3.919341681728854554e-01
3.837013180248836641e-01
3.885300232816138455e-01
3.794107059444691843e-01
3.809758222050076970e-01
3.849642994839486132e-01
3.704261612650437963e-01
3.839992445815189059e-01
3.808497388589754395e-01
3.734828646861899637e-01
3.885629574327835734e-01
3.780603789120708935e-01
3.940610425587278143e-01
3.917385522455458235e-01
3.800128152291725181e-01
3.900441580669908315e-01
3.762664561153892806e-01
3.883798141541058291e-01
3.755524192413077778e-01
3.767822080535048745e-01
3.911114091742803334e-01
3.763153894692610191e-01
3.769819565023679875e-01
3.784611304050061187e-01
3.871867681710683962e-01
3.806028024094967877e-01
3.819573688887294427e-01
3.868631870971642739e-01
3.819970295638837610e-01
3.849329970590563699e-01
3.810830113374897299e-01
3.751290518748885972e-01
3.771506323366035640e-01
3.918944091552841180e-01
3.895434534570725305e-01
3.718411109046677043e-01
3.800058795665915978e-01
3.874424944957312600e-01
3.774966437960686205e-01
3.801114168349885580e-01
3.881558496766138733e-01
3.827528109560225933e-01
3.796751561076679438e-01
3.870343588585388739e-01
3.720519428996936218e-01
3.774215493672193888e-01
3.737157242147661762e-01
3.749554181726034163e-01
3.972781696507837745e-01
3.857698157413779749e-01
3.829684900768420830e-01
3.740231545614656206e-01
3.879519311510768453e-01
3.804225744413102239e-01
3.813314878885672443e-01
3.814105843172107546e-01
3.874024745659652158e-01
3.792505453838237450e-01
3.874481656792192474e-01
3.734472205243971055e-01
3.987227480797977952e-01
3.890061688759709480e-01
3.883966034944981160e-01
3.837972858684962074e-01
3.839788407201938369e-01
3.843412476572384828e-01
3.857066542298403511e-01
3.923689257040346434e-01
3.800897198191768855e-01
3.983243828543426845e-01
3.813973608177897989e-01
3.844237367463122501e-01
3.795041428527345939e-01
3.869378704617991716e-01
3.906645955889919697e-01
3.895630650244438220e-01
3.826703144092001296e-01
3.987034928071337414e-01
3.836767781670346045e-01
3.889205588456035034e-01
3.879441176934272373e-01
3.958015796763832417e-01
3.828053674154397457e-01
3.880298443411054898e-01
3.815529480842343446e-01
4.080700916221233765e-01
4.078852459723426027e-01
3.903586045143421224e-01
3.890090551380787631e-01
4.077194994936397809e-01
3.955015453833820027e-01
4.013263301590478949e-01
4.020072438646711266e-01
3.974397553602219135e-01
3.870847436244893025e-01
3.940955285352594761e-01
4.065280904222228209e-01
4.059049961341574808e-01
4.040168354038106147e-01
3.794689420694662418e-01
3.961723470177972439e-01
4.044435943371629261e-01
4.077111179369879990e-01
3.921431113745487140e-01
4.152684385731661432e-01
3.777261026633011998e-01
4.014121160301014068e-01
3.931367228833841376e-01
3.947564823736899320e-01
3.880879141334108717e-01
4.123136495573485605e-01
3.948729927300862474e-01
3.936091783505128450e-01
3.815031985118836344e-01
3.939136843378018282e-01
3.922467970902379641e-01
3.747859550487451785e-01
4.100566706666676220e-01
3.811074510939234106e-01
3.957019138543950154e-01
3.919501008144921084e-01
3.876152191312297601e-01
3.806519176206376587e-01
3.908536007476551832e-01
4.007510632279464580e-01
3.981390918842117044e-01
4.031883389244645954e-01
3.686728781009723788e-01
3.972027153481204609e-01
3.854652889091628731e-01
3.830053379233144262e-01
3.960293939738333546e-01
3.877771989203780967e-01
3.748599014746568647e-01
3.994779294985103535e-01
3.939909465734665051e-01
3.850388789372428677e-01
3.965763855245402203e-01
3.953604683806478670e-01
3.817272596100784732e-01
3.716380366198195340e-01
3.807008929226538552e-01
3.851647347371668917e-01
3.910357511965016353e-01
3.925079031364004378e-01
3.764880766671356849e-01
3.905320146904941447e-01
3.829024913228887828e-01
3.855289893600158391e-01
3.760641340344073602e-01
3.965191113202077289e-01
3.857180803101073474e-01
3.865075705554913976e-01
3.833786105634750530e-01
3.873789690754875226e-01
3.859698668778663300e-01
4.100039140816187366e-01
3.868707251263738822e-01
4.004667671618409863e-01
3.976187780688452689e-01
4.124422041269367178e-01
4.043838718969374191e-01
3.954061019436440061e-01
4.175253608293781893e-01
4.099046462293099991e-01
4.001107688728752221e-01
4.355929926360087578e-01
4.230858016638360808e-01
4.324299467845000300e-01
4.444202520206245177e-01
4.419009847332225904e-01
4.510331966027927852e-01
4.482096504582904206e-01
4.617121254050445822e-01
4.484962391488636624e-01
4.548948726201869630e-01
4.886428413454116937e-01
5.519408274628174738e-01
5.883591416699234244e-01
7.451724767508400848e-01
9.241230372380636604e-01
8.851568694447634611e-01
9.562637401306018914e-01
1.040237293467921376e+00
1.221612905127433368e+00
1.391306333932479822e+00
1.383991263260360816e+00
1.602427654221676434e+00
1.818190797500212286e+00
1.833237346805518309e+00
1.766518669212177262e+00
1.417738291784673477e+00
1.279879997666527602e+00
1.411501762596266474e+00
1.407208081402128608e+00
1.474261220137715878e+00
1.375118421397632851e+00
1.343662374742712107e+00
1.465423021461490061e+00
1.484909749275064472e+00
1.573689856853026203e+00
1.510550845720270763e+00
1.481437988240793979e+00
1.494265842768967900e+00
1.385207230250597110e+00
1.373087284117502582e+00
1.355033980516708869e+00
1.268696897354505415e+00
1.256612824585515931e+00
1.295661900166505287e+00
1.211371844644383522e+00
1.342169638986741464e+00
1.243179925493140825e+00
1.250071114919741433e+00
1.232505856481027173e+00
1.190783723900889379e+00
1.220372669127451903e+00
1.213953161696173400e+00
1.163589384368219459e+00
1.176872285024149090e+00
1.034561464815640930e+00
1.089035485134575820e+00
1.082454273176786552e+00
1.119422995934470588e+00
1.067493820004059346e+00
1.200513571596381057e+00
1.016595427500353255e+00
1.049982095702369556e+00
1.083388821761561926e+00
1.015474019997591348e+00
1.010341918524618077e+00
1.097956838610107289e+00
1.085779620146944957e+00
1.089788708391117300e+00
1.007883674568064158e+00
9.944378479028302964e-01
9.572249400600983948e-01
9.976754887553601625e-01
9.156232453622924483e-01
9.996204826873842375e-01
1.025111036350474958e+00
9.688992726664169552e-01
9.172954326707764006e-01
9.343703294060353715e-01
9.053147884029171255e-01
9.414398583980858604e-01
9.645216656316232262e-01
9.346327694364824357e-01
1.031836546180443515e+00
8.951336096719552105e-01
9.644738557343248697e-01
9.608921528822459424e-01
9.483409597409091507e-01
1.068083880491305537e+00
8.854491989716332112e-01
1.019484079974959378e+00
1.045873870876538714e+00
9.887682887914235330e-01
9.288537976393410611e-01
9.614611473092699034e-01
8.378479444296309531e-01
9.519823203786744736e-01
1.108159819095821952e+00
9.864058429419614304e-01
8.502887161443155595e-01
9.014270536774838805e-01
9.545913148371125700e-01
9.904279217812720360e-01
1.045830979154801943e+00
1.061261972569327749e+00
9.592780926113464446e-01
8.910486820950792586e-01
1.112725408051172371e+00
9.652300449878347122e-01
8.999798625540471608e-01
1.021312823865108577e+00
9.144560439140044794e-01
8.142429119194427578e-01
9.282718448012097223e-01
9.442115464002652780e-01
1.173996424148714635e+00
9.930330811290747350e-01
7.808334554770517411e-01
8.570099470228847993e-01
7.337720926766237994e-01
5.648580611903160076e-01
5.064275137402034499e-01
7.103759512333374104e-01
7.718859405836144827e-01
6.749664776609596295e-01
1.124731203951750080e+00
1.117341515995391443e+00
1.235456837462035162e+00
1.453147658123082220e+00
1.121193169089943709e+00
1.006482556152899166e+00
7.283820019147193570e-01
7.401538203127250304e-01
8.319204671702538079e-01
5.267444434688159927e-01
5.529182027887925566e-01
5.310543660315667491e-01
4.679496019468901147e-01
4.666127178829124755e-01
6.659008251638955933e-01
6.156859581797847758e-01
5.980376226719094079e-01
4.325241651620778116e-01
4.274125041515327572e-01
4.254523864002376365e-01
4.210851681015738146e-01
4.087503830761178292e-01
4.187118311946322891e-01
4.248964151543284662e-01
4.125445084498549075e-01
4.106549016399776431e-01
4.245431701301486949e-01
4.187193630543942224e-01
4.159701266057085345e-01
4.148081307543187712e-01
3.994559221113433978e-01
4.111844091634517806e-01
4.044324477946334984e-01
4.045149955868755365e-01
4.239011289769414326e-01
4.164793297293537533e-01
4.117871698575530370e-01
4.107686324140228384e-01
4.065164767563023696e-01
3.915126715315425110e-01
3.890498613351796031e-01
4.063379933440479652e-01
4.190502188956867768e-01
3.956915708344647675e-01
3.922022307830873578e-01
3.932767119386814669e-01
4.175114515921268810e-01
3.967647445036982523e-01
3.884081288462823411e-01
3.887428033513367076e-01
4.089510072594939594e-01
3.975531793424909588e-01
3.958381541140430504e-01
4.002746880183377653e-01
3.942557907338329892e-01
4.009079616576473604e-01
3.918872496701620300e-01
3.848519177640761790e-01
4.111717954400685437e-01
3.888338294713404864e-01
3.918083240850925852e-01
3.927761743669355154e-01
4.018571240897426677e-01
3.901710189413958307e-01
3.840116526666762509e-01
4.070280964972626259e-01
3.914260672180888134e-01
3.953459842795583046e-01
3.865993582675167350e-01
3.799365770492718064e-01
3.849140873438320343e-01
4.024793723017729419e-01
3.766010051043919282e-01
3.836906648927031482e-01
3.849296049539085995e-01
3.882853963657023622e-01
3.802260295643924981e-01
3.943920827819721864e-01
3.944054375931760337e-01
3.807913231050122360e-01
3.830505540905235762e-01
3.853496728305862429e-01
3.786431158105509898e-01
3.790562185189322864e-01
3.992307431089262559e-01
3.765794239942335531e-01
3.850404589648108167e-01
3.998459591715314287e-01
3.977447670661929391e-01
3.864628439225959444e-01
3.938281762952872689e-01
3.968027992570083429e-01
3.943688643955077788e-01
3.795483618661141256e-01
3.906716579136430556e-01
3.923857468076435984e-01
3.912003420655262853e-01
3.841354295259720719e-01
3.938099296201995614e-01
3.914340622156050609e-01
3.922731524898911415e-01
3.874165284972473366e-01
3.828333387893864126e-01
3.824374110302137808e-01
3.831303595022199637e-01
3.879773121239572520e-01
3.823115103903129142e-01
3.943124549154294334e-01
3.962984938400533341e-01
3.915097352812837439e-01
4.003651701780554517e-01
4.065524926501445369e-01
4.052931294530018325e-01
4.032469601627403089e-01
3.864377757412513215e-01
3.864268804325216022e-01
3.818644050264017875e-01
4.055204584301260184e-01
3.895900884238759354e-01
3.884717529684201809e-01
3.994350227725728120e-01
3.822964321489976114e-01
4.017555179248971098e-01
4.097070985228805640e-01
4.011146703566795813e-01
3.893453233716244744e-01
3.822648964439624986e-01
3.752134349515038880e-01
3.808606403045988187e-01
3.973884519435357809e-01
3.895682033162091162e-01
3.977665992348339841e-01
3.925522434988185649e-01
3.946144702753765499e-01
4.001177070253530421e-01
4.074329521908934826e-01
3.897470884164987992e-01
4.051208836931254331e-01
3.996320917905588077e-01
3.962718907944433600e-01
3.957620656251824021e-01
3.967796037066776971e-01
3.892798435655845934e-01
3.992198644226611082e-01
4.009048275980260367e-01
3.849714659669659089e-01
3.946053410488789548e-01
3.956205233379995190e-01
4.093779849800570636e-01
4.041475826575765540e-01
3.944885919151914222e-01
3.905753533264531563e-01
4.007057419916564278e-01
3.992637668202164147e-01
3.962368825301071928e-01
3.887141063835103938e-01
4.077437892803595365e-01
4.018598310334684509e-01
3.834435548538309146e-01
3.936435856516403708e-01
3.845639560176324911e-01
3.880273514265123458e-01
3.974521412012326782e-01
3.982927126708613041e-01
4.031866332628785132e-01
3.814942809228824006e-01
3.803771377193964631e-01
3.921640882229573410e-01
4.028302612418472872e-01
4.031152363306825803e-01
4.047192661267260960e-01
3.861491814148922397e-01
4.030325379366462846e-01
4.051083469132441550e-01
3.974778494361297931e-01
3.965927532932282396e-01
3.941127114338451309e-01
4.145671459805471692e-01
4.018640712177900531e-01
4.120307730482071218e-01
4.045290689243367654e-01
4.023168440526123657e-01
4.016735111371107503e-01
4.026772776026931178e-01
3.988896690223066588e-01
3.964481183110151186e-01
3.939081775239794414e-01
4.011069658109555069e-01
4.013538217108643669e-01
4.125834350270515816e-01
3.879731823844561611e-01
4.094769183028783011e-01
3.967792316262045427e-01
4.125271297065822296e-01
3.971065996871386838e-01
4.017376353568807290e-01
4.031550483382722039e-01
3.961827534051933775e-01
4.139017079009449374e-01
4.064079635223563081e-01
4.002694017078569644e-01
4.126859649329944202e-01
3.896359639554689558e-01
4.263285169835949184e-01
4.159804452321552160e-01
3.990255235493683772e-01
4.209166562297874670e-01
4.021873955664618805e-01
4.179928877775203055e-01
4.242273391578560426e-01
4.048099503969550539e-01
4.185387305067050367e-01
4.214973597822955775e-01
4.265142505534545991e-01
4.237809930381069567e-01
4.033044752228697183e-01
4.054002845552445722e-01
4.019681619944741047e-01
4.270709052377407167e-01
4.040353287521208925e-01
4.189410381030859720e-01
4.034548973943111738e-01
4.048138521254767697e-01
4.015701761500702904e-01
4.094808740963929994e-01
4.061061363743749819e-01
4.171166730242302223e-01
4.019295997463608883e-01
4.234933727838523509e-01
3.990920404964087287e-01
4.035855940855979651e-01
4.186204979074182875e-01
4.105956692817573361e-01
4.090604513859812941e-01
3.996094618494879791e-01
4.083711186128749504e-01
4.072836913132608094e-01
4.003431192545662820e-01
4.016028166793710885e-01
3.975899777745485197e-01
4.052032158815395135e-01
4.078670472256372137e-01
4.210435877931997251e-01
4.309979179786668779e-01
4.507980310034625515e-01
5.486331574259268873e-01
5.943543817884798797e-01
5.065569220161130204e-01
5.875410247564225585e-01
5.629544798939641881e-01
5.231629542522815424e-01
4.985393459311243114e-01
4.947709956825767086e-01
5.126195101689187128e-01
5.242610646947630793e-01
5.596932340402840378e-01
5.711779512645268619e-01
5.671642653162868308e-01
5.724649773229655292e-01
5.120941266359055888e-01
5.582991726505418528e-01
6.574082926894380119e-01
5.569174146260901237e-01
5.435186260177258255e-01
5.558189457410250833e-01
5.695675154111746741e-01
5.879937374214586621e-01
5.100283880767439992e-01
5.503328249801968663e-01
5.629784674035925862e-01
5.464679078770022791e-01
5.690588014761525093e-01
5.042865017463591393e-01
5.449685738509484345e-01
5.202726854649066812e-01
5.195442253603979044e-01
5.330365326435578810e-01
5.467346954232542577e-01
4.850131558012136246e-01
5.959060451333116903e-01
6.533947168442960640e-01
5.477805004090818830e-01
5.480659539640571065e-01
6.446125374978973754e-01
5.199595799423960552e-01
6.202729110835831783e-01
5.845576362221581723e-01
5.468417960323177507e-01
5.579393862474583132e-01
4.655183350703440137e-01
4.649264576298844931e-01
5.991010516418836529e-01
6.212227605811440068e-01
4.242631395982445763e-01
4.201494004329376364e-01
4.071235223140780568e-01
4.249759483777870717e-01
4.217879120690768979e-01
4.143277364774651805e-01
4.269901603748038066e-01
4.121932116834746695e-01
3.944815292051154776e-01
4.032889972094556019e-01
4.241267431938850474e-01
4.107659938890581008e-01
4.044378905395527024e-01
4.070054517650471548e-01
4.034667496868993286e-01
3.954837848487186558e-01
3.804133167670436522e-01
4.023492961269769519e-01
3.882975254104190643e-01
3.944644550542106831e-01
4.628968717130339527e-01
4.027957754996439044e-01
4.899552057919239756e-01
4.179272817937573770e-01
4.144898447861957158e-01
4.075289071194860835e-01
4.864537246134501003e-01
4.784525827020099653e-01
4.327018095924683450e-01
4.418241334404077181e-01
4.335719477744754968e-01
4.195280167837305840e-01
6.100440171871897022e-01
5.816977714047507630e-01
4.486556586562084892e-01
4.519323722228656415e-01
5.159730407615510384e-01
4.629577504771479335e-01
6.862058187032749057e-01
5.543324537536844510e-01
5.572886145201276786e-01
7.730531914192867449e-01
6.062927017492586446e-01
7.082892525778803350e-01
9.410779956937681545e-01
9.601013671140168348e-01
1.186943380225180977e+00
1.462181745493713381e+00
1.200669233423515614e+00
1.069425198328349591e+00
6.522958100270725978e-01
5.300257649712227792e-01
2.613032702292442111e-01
2.715921105711545658e-01
2.657458868648204797e-01
2.888257645871386559e-01
3.192608005492185153e-01
2.911878486485320328e-01
2.722274775350055909e-01
2.766137671370855755e-01
2.857808860665815853e-01
2.842462580957835216e-01
3.045235393394025158e-01
2.880144517125818315e-01
2.966327574841219894e-01
3.117269166916060708e-01
3.215630648113072532e-01
3.329203993151154117e-01
3.715741408685688807e-01
3.813140288192815031e-01
4.597370482553069237e-01
4.552092037220931142e-01
5.397997672639700539e-01
7.016562270964706860e-01
8.418554023896883676e-01
7.381120656852356854e-01
7.007404701980645134e-01
8.304501957751821983e-01
7.952515987003004883e-01
1.057768528276684439e+00
1.116544590565002215e+00
1.264135693490554546e+00
1.232300151839764490e+00
1.116042347879056651e+00
1.237358598293190060e+00
1.067483077692672033e+00
8.758313213961574917e-01
8.217270751150931307e-01
8.278054425556404805e-01
8.097975478150704065e-01
8.928864587176399414e-01
8.505337212828212312e-01
9.876579356734643822e-01
1.041768356368387938e+00
1.272733107652354700e+00
1.129602686570269965e+00
9.967137297124534223e-01
9.156877928604009176e-01
1.161206006167534666e+00
1.305277424905261219e+00
1.370796198364937712e+00
1.189849955727588116e+00
1.091468782375777158e+00
1.276219326486274230e+00
1.204053342958494532e+00
1.201703379656201776e+00
1.226031220177991266e+00
1.219882482426984494e+00
1.105412289370141243e+00
1.226723075808454411e+00
1.034226774317807962e+00
1.244444861961520932e+00
1.249176390254920888e+00
1.192918206050043839e+00
1.239283083385029016e+00
1.275701391783412797e+00
1.266080976868603880e+00
1.202923442682653832e+00
1.277491997182585548e+00
1.244968985794386196e+00
1.205457301674486947e+00
1.244924407749708140e+00
1.108812414672328384e+00
1.133951723042753157e+00
1.170985514986095266e+00
1.088720759219332423e+00
1.131081518241292772e+00
1.042213070420423326e+00
1.057847322155339720e+00
1.115700469827030306e+00
1.051339082978264061e+00
1.002227746753414417e+00
9.426358595914196004e-01
8.973185900382867342e-01
9.491707165455351980e-01
9.543528840252973877e-01
9.241173408064692341e-01
9.043422013014115191e-01
8.777625860195150675e-01
9.315504299856587345e-01
8.418522857748668153e-01
7.885718437199702446e-01
8.309627445650722422e-01
9.699862844655057215e-01
8.258202103600598143e-01
8.046288625850029907e-01
8.415732287293792302e-01
8.085515414090805875e-01
8.332484936013189181e-01
7.519158544080360995e-01
8.513326930363618317e-01
7.599517473640078347e-01
9.267418478925528724e-01
1.089183691166670798e+00
7.671151296405553932e-01
8.319232670647257466e-01
7.739109975999726165e-01
7.389825150367427264e-01
9.021559006320630791e-01
1.033683831736233572e+00
7.847850357981372982e-01
9.184174262215101248e-01
1.421749026642842306e+00
1.255207775053799324e+00
4.856254634713053631e-01
5.892092585718980979e-01
4.930799296457435421e-01
6.558558052617368128e-01
1.160367145614906725e+00
1.087736339825571052e+00
1.404887694467674919e+00
1.247660290930858062e+00
1.543749513041206667e+00
1.203074799417951146e+00
1.287071764978874988e+00
7.368481974877858498e-01
6.027778454983556689e-01
8.020050274280333680e-01
5.448018660596163354e-01
5.240137022931184996e-01
4.538615971536274496e-01
4.751637915688731173e-01
6.757604259142814263e-01
6.275865822878975431e-01
4.214294670251828578e-01
4.333388215370909125e-01
4.261430054381622479e-01
4.018703014682729613e-01
4.142426853377705886e-01
4.296187775015289922e-01
4.016939068531146240e-01
4.038789980284717696e-01
3.925867015200319998e-01
4.024869508062798862e-01
3.965711929220244736e-01
3.848341099674714161e-01
3.993972277748537580e-01
4.007198782982549501e-01
4.302375238038744221e-01
4.047487351441223513e-01
4.086096684184325478e-01
4.017223608602658036e-01
3.835919036000519644e-01
3.864209476997995107e-01
3.983556735621945899e-01
4.070761278546471962e-01
3.813558010814089849e-01
3.898033706839797996e-01
4.014064981640570462e-01
3.897821619560544182e-01
3.955036378137075648e-01
3.865618932140958974e-01
3.870899269792594244e-01
3.817992062830940503e-01
4.030757862345291098e-01
3.848755234284048643e-01
3.954438625419617326e-01
3.850962035804191275e-01
3.920784334895301426e-01
3.904520789329524177e-01
3.764450608718841185e-01
3.994438339620453582e-01
3.871529393587219703e-01
3.895401582426955556e-01
3.939985043710435564e-01
3.898728811804860750e-01
3.995330232989496300e-01
3.903250628575677394e-01
3.975890750491634096e-01
3.945500530001419537e-01
4.045244712383676000e-01
3.875346037962777435e-01
3.880065943742700973e-01
3.847053152075899374e-01
3.917838699984735329e-01
3.986787990478590227e-01
4.007251154527574077e-01
3.866420298914355902e-01
3.974277394973045885e-01
4.002918993021164495e-01
4.046362733609369933e-01
3.997928537959466455e-01
3.851193844303958391e-01
4.023245193637001171e-01
3.955084681998302099e-01
3.877953421565177861e-01
3.985460813611993447e-01
3.792062634989746828e-01
3.860230182177761815e-01
3.936851896808309936e-01
3.900699453229752867e-01
3.864813614792618202e-01
3.950180346955671218e-01
3.974648644335327941e-01
3.952137281766331944e-01
3.899286857089599989e-01
3.905379095299636449e-01
3.925489866563563468e-01
3.966454625978607096e-01
4.043755584806929537e-01
3.856865732218066056e-01
3.918489860746288134e-01
3.957045196750241800e-01
4.069122344473445896e-01
3.796785099384877848e-01
3.962883599765877896e-01
4.006432128026056749e-01
3.869815761725298175e-01
4.036446807766217448e-01
3.868441465207908547e-01
4.047688632504052864e-01
4.060559714259545649e-01
3.907021544339202568e-01
3.932318177970710038e-01
3.942671118522658724e-01
4.003384471341613349e-01
4.027264953704875472e-01
3.946210916217627873e-01
4.012411700628482625e-01
4.089315389768951592e-01
4.077178947271963283e-01
4.044042225421224379e-01
5.064977757836855998e-01
4.308036346369571445e-01
4.368713057909643371e-01
4.495898649784130230e-01
4.097502787208342490e-01
4.113516477011867623e-01
4.308695588112853025e-01
4.359960444245130629e-01
5.787408428858341614e-01
4.620429626011298696e-01
4.655469136214277492e-01
6.944390188662911134e-01
6.703823543397524620e-01
4.628743252536917097e-01
4.659916328137201358e-01
4.947936966092673083e-01
4.657784218873403104e-01
6.525393666479497590e-01
5.313957807876428241e-01
6.802959875559354552e-01
4.663997449482386037e-01
4.986357942775375141e-01
7.338672130677251770e-01
6.820250137652789091e-01
5.511326271937722066e-01
5.439065449337812108e-01
5.288525895673747979e-01
5.115561427426893459e-01
6.638529499849021853e-01
5.508660580941100449e-01
5.504538320894355463e-01
5.628609769017707265e-01
5.289293544310196271e-01
7.774507129808907457e-01
5.999940034334252381e-01
5.778178312210389134e-01
7.104024418042480526e-01
6.191920824719138183e-01
6.071997887468149058e-01
6.306606951642479419e-01
8.303054364882255234e-01
8.270354592987771980e-01
9.897393652790845708e-01
9.776575242935938714e-01
6.634089590866201203e-01
7.306181625465522078e-01
1.076400881498435380e+00
1.036938429655304805e+00
7.508795149594664764e-01
9.645785662541070948e-01
9.618320951967415100e-01
9.286127772517877021e-01
8.658220551231756712e-01
1.221345712393265615e+00
1.456001284481925451e+00
1.288595480013550842e+00
1.471075705273226397e+00
1.372023062913410474e+00
1.220169207105486153e+00
1.182013343722648768e+00
1.193858585125779692e+00
1.181427994115316737e+00
1.125264387828938339e+00
1.328852252018652313e+00
1.230478569967674574e+00
1.194337340886055809e+00
1.408413666484954696e+00
1.249788341260007707e+00
1.203755532716680232e+00
1.407259517409608529e+00
1.419382948995493665e+00
1.218560133405616863e+00
1.176120286897475609e+00
1.159998138720744754e+00
1.161171749520778951e+00
1.201126991282465584e+00
1.189308129376642320e+00
1.186863711453649772e+00
1.174209434401629393e+00
1.043371457164736116e+00
9.760673414614891019e-01
1.001329442113701118e+00
1.146287234306343272e+00
8.721181899156857931e-01
8.957772196486708527e-01
7.193858725596999903e-01
6.951194830698577132e-01
5.995370521381245821e-01
8.802376007668926139e-01
5.746165022497395913e-01
8.290980266640760599e-01
6.870530703383017634e-01
6.248297031070085827e-01
4.481254056619110027e-01
5.247998319721292049e-01
6.467557574297784218e-01
6.188202347874995901e-01
4.208920938912530385e-01
4.302450663692189980e-01
4.511767260480391561e-01
4.420096057397875366e-01
4.363400252949157787e-01
4.263557174692164109e-01
3.970994145616541515e-01
4.059201623340656373e-01
4.186615769114108709e-01
4.092303733594735982e-01
3.990151540749257153e-01
4.005924273950154935e-01
4.065597861996716467e-01
4.206712705083874848e-01
4.211360680237712928e-01
3.958216568722836559e-01
4.073009809188229968e-01
3.946646113535953737e-01
4.270687244625472889e-01
4.146247887884738081e-01
3.955218957128749380e-01
3.973027990686619493e-01
4.026405764644265250e-01
4.191307200376867548e-01
3.995322968300143995e-01
4.064966070159755640e-01
4.104907481560106652e-01
3.986629092251666728e-01
4.015366282620815297e-01
4.048020677896063679e-01
4.152896802280484634e-01
4.050520116470443521e-01
4.090387896404760193e-01
4.005694587885211266e-01
3.983396568734632881e-01
4.041808790876072477e-01
3.998588268910173160e-01
4.144198832383604314e-01
4.020472042419119263e-01
4.099251366113682571e-01
4.175095798938193714e-01
4.298002739230507019e-01
4.059069960864580273e-01
4.023721781554574495e-01
4.024164552821879459e-01
4.139248456675985177e-01
4.133513996489156517e-01
4.192113472556295295e-01
4.055914862088941808e-01
4.314784861291127149e-01
3.966156156090009932e-01
4.107291156218756956e-01
4.019057018576316920e-01
4.185618694585159227e-01
4.074540265125833893e-01
3.976326455451668074e-01
3.929442033844914861e-01
4.068344242571319547e-01
4.116342285041120763e-01
4.026225010360289791e-01
4.047930222677972312e-01
4.126185929626930982e-01
4.283276548221591207e-01
4.282132464637986025e-01
4.231728749639129816e-01
4.219523345580501461e-01
4.191539324844170689e-01
4.107927742648909142e-01
4.229694146040680613e-01
4.092834616148449678e-01
4.281298864687806405e-01
4.317430852924301066e-01
4.169654428603896124e-01
4.033151640373959235e-01
4.186283913469029394e-01
3.995350244044187371e-01
4.401042442640558661e-01
4.317775955377849417e-01
4.280460422600989578e-01
4.390986001623025103e-01
4.275592288524585061e-01
4.242102376355906257e-01
4.167929555106871797e-01
4.218332919600926711e-01
4.282792793480111881e-01
4.324057164519442553e-01
4.396891843883384832e-01
4.261483497290615707e-01
4.290430551290563832e-01
4.355358022667517592e-01
4.351587474762266816e-01
5.282547640134678257e-01
4.311791413698812803e-01
4.201472842279176390e-01
4.407037675131681431e-01
4.255492410191895614e-01
4.471234067316027794e-01
4.472887379425065646e-01
4.617838057764793724e-01
4.584276425004991662e-01
4.260957649551068704e-01
4.456828579259454748e-01
4.492119187975571193e-01
5.863742622314498387e-01
6.940768564412742592e-01
5.167098357173596224e-01
5.431859049974583353e-01
6.914039151403501560e-01
6.912611640800517820e-01
8.036033249739078510e-01
6.841122521540341506e-01
1.244109071680209455e+00
1.091360372752404606e+00
1.278668137641170377e+00
9.900831363178154154e-01
1.235627686461342689e+00
1.159824303828431935e+00
8.816004516027292626e-01
7.975054245219477256e-01
8.071023075354255560e-01
8.291276728446588251e-01
7.885071494429254368e-01
6.538940258373054926e-01
1.128978975192464818e+00
8.568941491000191535e-01
1.113546211396892138e+00
1.011259229060303522e+00
9.198481905320495811e-01
1.378481808377152618e+00
8.038130562358938302e-01
1.086899423464609438e+00
8.630344622205473604e-01
1.000356122543979875e+00
1.193929594006911232e+00
1.077950757708092455e+00
1.084746983755771499e+00
1.050720979306592362e+00
1.062014269636462505e+00
1.126290786948270561e+00
1.081433241091014352e+00
1.133096579816659677e+00
1.154432993640450489e+00
1.150135855177811361e+00
1.190802966082626480e+00
1.316388374568484565e+00
1.103383842897350586e+00
1.281069634705944926e+00
1.108282336911460941e+00
1.210598465350095410e+00
1.262970609104032471e+00
1.226151134689023481e+00
1.212617833049165261e+00
1.244755307156407254e+00
1.245257925761638962e+00
1.172510416610153650e+00
1.326936018969074649e+00
1.284349079005717931e+00
1.271509662368361493e+00
1.381235891359550161e+00
1.260320527642701194e+00
1.419200674068922918e+00
1.416333967565495566e+00
1.212528379683288193e+00
1.287811939504871939e+00
1.276868376512497294e+00
1.232137615966035771e+00
1.204710386702796621e+00
1.023171110972931563e+00
1.154425088086170170e+00
1.239050077103480030e+00
1.151539552464160732e+00
1.160945061417046453e+00
1.253002177978685960e+00
1.270872383636347802e+00
1.169234503228317124e+00
1.227926600344363406e+00
1.285991163079545085e+00
1.342501301064296770e+00
1.409763828076475045e+00
1.309718784839150718e+00
1.350587111626884163e+00
1.369254369755824374e+00
1.407110058167158062e+00
1.353578279349511027e+00
1.343986586522164517e+00
1.254253062398710705e+00
1.287854237376721001e+00
1.324154700356727776e+00
1.269940160759941872e+00
1.308931667419334977e+00
1.261063668323575859e+00
1.219850733071348170e+00
1.208285073507108009e+00
1.192214253232121379e+00
1.256352151023315544e+00
1.130729388111171296e+00
1.244399000973674063e+00
1.009863043934011939e+00
1.105805435208188525e+00
1.103745904424124014e+00
1.061040820482667568e+00
1.027913421391244420e+00
1.026764868969749722e+00
