1.231469126581202778e+00
1.174155821511191577e+00
1.314016682947905190e+00
1.212503736247114272e+00
1.182804453812623668e+00
1.395646546819285128e+00
1.277799888840490228e+00
1.192304660278674655e+00
1.312622130825636058e+00
1.356267844441367165e+00
1.385041504397715784e+00
1.166280830235973287e+00
1.201146977390632253e+00
1.187110362643379657e+00
1.186088406705843479e+00
1.317681364978549263e+00
1.243163596292862660e+00
8.802974159262043630e-01
1.472580280005560294e+00
1.117974759114832572e+00
1.318431891085847907e+00
1.428525819717198830e+00
9.736541340133857414e-01
1.304687273789444379e+00
8.447681919293520414e-01
1.104743419186091646e+00
1.430217633551243761e+00
1.271931802183775773e+00
1.250060789698349328e+00
1.189092418018192099e+00
1.487506885587171812e+00
1.240720658616220939e+00
8.776915273835725895e-01
1.496202710375645228e+00
1.337096227765978806e+00
1.478253523446604767e+00
1.174780933273657180e+00
1.390917177670121907e+00
1.217181422210662722e+00
1.397290344335343049e+00
1.452827904824627980e+00
1.437385463990282997e+00
1.484875042257224775e+00
1.197191049492197790e+00
1.559900471810015787e+00
1.563158145134202481e+00
1.525914121076270114e+00
1.550215000825930112e+00
1.553912116766191343e+00
1.412920414698294769e+00
1.447384132877766350e+00
1.437471041184362752e+00
1.511765485314809032e+00
1.469883856531122523e+00
1.482356275626012909e+00
1.518460646085701971e+00
1.400084629347254639e+00
1.449012920100855917e+00
1.500056408935982910e+00
1.349045167427669334e+00
1.517241178022475045e+00
1.316727893665091909e+00
1.460684078833081490e+00
1.525632869824073978e+00
1.154394015519735861e+00
1.347702059012563902e+00
1.442480724635919032e+00
1.289028311040074426e+00
1.525132248664440970e+00
1.339829060762418589e+00
1.212775486245639023e+00
1.533207165979296072e+00
1.512315406612437574e+00
1.544525272284453354e+00
1.428057959608605598e+00
1.378985685285190721e+00
1.560304662158769284e+00
1.498821398089293710e+00
1.510338298111464361e+00
1.515537276087943308e+00
1.549791274685301756e+00
1.520760534985509116e+00
1.516119243495034574e+00
1.466988389527362324e+00
1.504780496268307122e+00
1.569699541043908297e+00
1.510642115353158843e+00
1.518306813338746286e+00
1.537428470702952410e+00
1.557223770231092042e+00
1.567865236332408818e+00
1.516709933058719706e+00
1.531201671440546308e+00
1.467156333329130868e+00
1.441738763060999684e+00
1.419149312492517412e+00
1.501818984253506128e+00
1.546978108747927072e+00
1.497739215806722202e+00
1.548999436113228656e+00
1.471034327447499956e+00
1.489769531446842876e+00
1.467348992132046837e+00
1.517345531559707750e+00
1.534711554655169508e+00
1.461718571987453918e+00
1.442339004798774083e+00
1.407536740920725338e+00
1.480797220765028177e+00
1.511040099383929025e+00
1.484888676281686193e+00
1.454634987616041597e+00
1.564313065415807946e+00
1.506469242765350769e+00
1.473383250354812990e+00
1.461008061317723428e+00
1.354947978072895465e+00
1.292395186394307949e+00
1.193095307380207304e+00
1.166243880439226999e+00
1.103464608636099298e+00
1.100237223968827616e+00
1.027186376288651948e+00
9.763027621021618252e-01
9.477657243789660013e-01
9.382630180103651574e-01
9.012554612213281580e-01
7.970252753130585566e-01
8.109417522049259253e-01
7.505266103802872291e-01
7.860490071483432484e-01
6.502560296371394655e-01
6.364994872143020510e-01
7.107303201889714206e-01
6.875795794316381659e-01
7.078480759433666281e-01
6.763123248375441099e-01
6.184610355962815165e-01
6.406341465875757812e-01
6.834451402976208234e-01
6.751113633054340868e-01
5.652146088191483120e-01
6.114890847818321706e-01
6.146312635764112908e-01
5.856745162460511578e-01
5.826539163581964109e-01
6.134240775511711208e-01
6.467633449872650653e-01
5.952498667347382311e-01
5.954114427155197120e-01
5.623968063839364095e-01
5.526882499283279904e-01
5.470721301415255589e-01
5.273552352099717400e-01
4.985353967395758090e-01
5.154386821226317750e-01
4.885103091583812840e-01
5.021698333405140158e-01
4.693752567252543750e-01
4.581693886441369767e-01
4.918124150680163176e-01
4.774727677765865930e-01
4.515299441356634413e-01
4.565952885038910281e-01
4.519567297124332805e-01
4.212130829136498944e-01
4.389137148338836392e-01
4.353081787111751089e-01
4.548101599448276522e-01
4.246854456567329961e-01
4.548899222916612528e-01
4.353113220571249165e-01
4.168617812682074986e-01
4.093414019941738480e-01
4.075584821893650789e-01
4.084759555660472663e-01
4.120912366290662709e-01
4.059450989306065960e-01
4.152769561633503081e-01
3.953664634104008813e-01
3.854969867563375341e-01
3.937262589914582445e-01
3.815393305382105416e-01
3.843857635358169378e-01
3.945746962102372191e-01
3.795696770795541908e-01
3.957531085837525664e-01
3.866793009443179052e-01
3.767122174219352249e-01
3.716427064251531243e-01
3.665261920197068757e-01
3.803146967237066023e-01
3.833662886364968547e-01
3.669916354217836463e-01
3.633035666514038420e-01
3.743748296645101337e-01
3.674223334612923275e-01
3.567416661292098223e-01
3.728586943308448975e-01
3.724265896203694526e-01
3.685572529285705001e-01
3.605295184515470153e-01
3.597023338186179919e-01
3.534309749543040335e-01
3.692847169330897295e-01
3.552785911541466723e-01
3.597591815909452762e-01
3.522831818822843020e-01
3.577727517890023079e-01
3.626901239620381467e-01
3.537693037672473007e-01
3.337103552529143702e-01
3.610431500860760701e-01
3.683803809361534398e-01
3.633038569455771527e-01
3.554842796975025698e-01
3.517365940856523321e-01
3.494411080272610826e-01
3.541994846269830854e-01
3.600074416308516878e-01
3.687894913542212327e-01
3.595270623762262252e-01
3.619043963964971300e-01
3.550716393263361192e-01
3.489664365951555269e-01
3.497911814239290096e-01
3.611045886655648851e-01
3.584705986583353043e-01
3.626576958527785166e-01
3.618729057929232495e-01
3.548704171990527123e-01
3.637524882984808361e-01
3.560067396269110951e-01
3.521744657776358922e-01
3.455104463223357403e-01
3.461201280866375574e-01
3.622868824864842741e-01
3.662684312035096035e-01
3.622658745805032998e-01
3.486432565625912638e-01
3.559404750967639641e-01
3.567452564091854739e-01
3.595681435911516344e-01
3.515061655724126544e-01
3.633647055600344178e-01
3.673707905671483309e-01
3.694937384168981986e-01
3.455864616807124978e-01
3.522967074457185044e-01
3.595326795651957452e-01
3.548367997527555606e-01
3.576732646459455656e-01
3.630159661408545735e-01
3.556244294119202398e-01
3.588528441239388633e-01
3.595175825750064336e-01
3.613732367391653821e-01
3.657488167752518393e-01
3.555992158166425554e-01
3.706689001153838925e-01
3.686879089629557238e-01
3.704265776701251012e-01
3.831737841559847424e-01
3.874567737777451226e-01
3.644801386289173162e-01
3.752796319393900126e-01
3.681681342530456202e-01
3.708333496554856445e-01
3.799246553813580007e-01
3.551294016765598194e-01
3.751832982399222471e-01
3.778080949072922801e-01
3.631277785984242668e-01
3.839595695160812339e-01
3.846558613670841287e-01
3.799146841997921298e-01
3.508972997461194399e-01
3.910986845895526032e-01
3.784827741378686827e-01
3.833312976841640740e-01
3.779436056121782128e-01
3.941262367858858751e-01
3.944145833189181549e-01
3.794757253633202487e-01
4.030398319711231414e-01
3.686261304974020048e-01
4.040349234109005261e-01
3.906007717085698272e-01
3.784705723509399489e-01
4.013405692787714862e-01
3.917548413060382151e-01
4.002015674988476657e-01
3.976324290187704391e-01
3.966719827244952756e-01
3.795702883548501272e-01
3.896373152820226671e-01
4.274854602635576040e-01
3.980729195148952626e-01
3.877932739699155307e-01
3.850839794631288893e-01
3.868554588485684231e-01
3.880752827916497116e-01
4.026496463751428889e-01
3.830111392236252854e-01
3.874546296185875649e-01
3.948690980897968661e-01
3.897465007213678501e-01
3.939826316296767272e-01
3.897273654705630808e-01
4.044417483218930021e-01
3.961336151955455187e-01
4.056298801633814732e-01
3.910177861547123879e-01
3.817093269575909664e-01
4.056202090498371438e-01
4.025282497312125396e-01
4.281277690534826541e-01
3.929963489926194820e-01
3.993096093229008825e-01
4.074105359478020771e-01
3.986422864915333819e-01
3.865595048011201129e-01
3.986470317361616722e-01
3.968206550791204545e-01
4.021077523686997224e-01
3.937445762845541708e-01
3.895342688788196450e-01
3.918418205628141915e-01
3.955802504270531927e-01
4.007273713363849743e-01
3.969468168685438836e-01
4.075355451621757163e-01
4.038147690675673029e-01
4.180101071013653247e-01
4.078250780273073306e-01
4.137012610208690711e-01
4.063940081438348617e-01
3.996090626475342633e-01
4.034635580019712009e-01
4.021508183250430690e-01
4.131849468330403563e-01
4.003691552398379594e-01
4.091296579413919443e-01
4.069477000890741047e-01
4.186420757770634715e-01
4.095951761341601882e-01
4.089937951453161413e-01
4.062789891255019215e-01
4.116127813302251637e-01
4.000571467089833466e-01
4.228157925398838834e-01
4.074127720104378514e-01
4.133170413324345205e-01
4.105644762168053075e-01
4.091623308044773366e-01
4.027283850281264677e-01
4.116666757096260065e-01
4.093856280044690932e-01
4.089352167558468754e-01
4.036482377979742631e-01
4.077872161943000284e-01
3.956643229168489428e-01
4.140203372263077108e-01
4.005766235045019608e-01
3.955943399586011600e-01
4.028729122339945734e-01
3.952979388237085057e-01
3.978860285184048773e-01
4.007452955153861240e-01
3.960452998853500883e-01
4.039135024420440478e-01
4.025084713227604638e-01
4.153503645995222371e-01
3.986033568168890207e-01
4.229760892172056419e-01
4.282179181560538117e-01
4.074224112442539347e-01
4.082650238431808076e-01
4.287634899745748629e-01
4.272649774213595486e-01
4.103994110557179775e-01
4.305590504428197240e-01
4.140882645659958450e-01
4.304272206053916250e-01
4.196549010843976246e-01
4.280889065997678933e-01
4.286238566611727530e-01
4.421035214004070402e-01
4.316684741362537547e-01
4.324662908282210783e-01
4.472783067313648719e-01
4.283786378074184165e-01
4.583190776463070826e-01
4.503707263589437071e-01
4.430396883897484428e-01
4.278830199608885110e-01
4.339913692789153510e-01
4.479363199144332230e-01
4.643133775974226940e-01
4.526027008333038948e-01
4.601709275793913201e-01
4.665735050608709189e-01
4.685392138613206914e-01
4.766908327749785901e-01
4.548806181585678399e-01
4.765270451388669004e-01
4.819607270012384870e-01
4.744118540752383928e-01
4.719761144495295824e-01
4.931169079711891778e-01
4.981181646924899287e-01
5.475453824065128483e-01
5.196663699152557214e-01
5.244738036526546132e-01
5.577716730339205009e-01
7.622289478431276688e-01
6.419821051880590934e-01
6.666492095818755681e-01
7.124711761267902288e-01
5.943801670100193890e-01
6.151923099302013531e-01
6.751342378952996937e-01
6.792670051479011706e-01
5.719121547464384170e-01
5.603140463414610917e-01
5.205130107614894808e-01
5.132084640690565136e-01
5.119751740763174297e-01
5.380536353114869774e-01
5.051387662126740619e-01
4.843368033687459051e-01
4.858572743366147417e-01
5.838069316740782666e-01
4.958136199864725535e-01
4.720304471110922107e-01
4.618233761268676352e-01
4.634826209541495490e-01
4.657265090636765192e-01
4.810926849706295139e-01
4.399683187865973122e-01
4.571826678980700498e-01
4.300110743933453494e-01
4.525553171211783576e-01
4.530323925318260891e-01
4.372335677338534676e-01
4.359343356184537388e-01
4.420860465259379146e-01
4.509392636148155664e-01
4.471573687808577113e-01
4.410977000682974047e-01
4.129075871673195675e-01
4.294835286027043342e-01
4.139955982857027594e-01
4.214511174891844569e-01
4.330126104520709007e-01
4.154931196116773418e-01
4.168249456187626545e-01
4.048348541861364058e-01
4.149553851264713988e-01
4.151466247474664417e-01
4.125528900633624874e-01
4.284985965823746579e-01
3.955725117442395189e-01
3.942287781637663913e-01
4.227352887492909495e-01
4.003483835815622172e-01
4.094724188790636599e-01
4.219861232877098467e-01
4.075911271724002027e-01
4.155798261229760593e-01
4.078315318009195778e-01
3.957246780456838975e-01
4.003520778398649838e-01
3.906297181479947422e-01
4.210850491687964103e-01
4.006934443827333547e-01
3.904064276488913854e-01
4.050657128927457884e-01
3.884774943618425902e-01
4.028424554888049847e-01
4.079044760247391155e-01
3.923415177775077534e-01
4.090341448542900160e-01
3.947293538271005042e-01
3.864033955415435706e-01
4.147182030489138804e-01
4.033661260091499501e-01
3.987776512413707675e-01
3.882588067526218656e-01
3.903577847455159122e-01
3.818917907400043443e-01
3.824921756460440969e-01
3.700040189254205081e-01
3.924243604075351999e-01
3.853354719018914354e-01
3.791630400519402366e-01
3.856536334908424735e-01
3.817091977570522543e-01
3.850273371447728299e-01
3.831995287620808543e-01
3.804777247459138478e-01
3.896303818206517389e-01
3.849332815316748868e-01
3.892740511082816157e-01
3.835524452972128850e-01
3.725035985809063144e-01
3.759753248666724001e-01
3.716586650933996760e-01
3.847042774978798318e-01
3.831025256401208723e-01
3.898777047701700860e-01
3.814007695589660685e-01
3.837794464105520054e-01
3.750192472184492032e-01
3.812558523920945297e-01
3.705398926406993643e-01
3.776965401961579483e-01
3.679770382514951921e-01
3.832544395459494546e-01
3.758149623533372785e-01
3.834583475131795871e-01
3.815346758132387439e-01
3.778358417173538486e-01
3.717073433924827364e-01
3.758765430182336442e-01
3.850168292401078829e-01
3.843335498919125959e-01
3.796291086754798316e-01
3.867800487939421217e-01
3.872621591644269667e-01
3.716892411919931472e-01
3.798272708856874069e-01
3.828708253601181832e-01
3.826117015672655386e-01
3.896339810819439697e-01
3.870949986602610915e-01
3.839936449801971685e-01
3.834782737898065896e-01
3.786452618626264255e-01
3.868219116952498760e-01
3.903676097541401990e-01
3.682110321659669561e-01
3.901058289466407536e-01
3.908219603154770572e-01
3.979060962622972819e-01
3.855725476299535770e-01
3.765835635888349353e-01
3.916181860279372429e-01
3.836254651750753419e-01
4.004223268722769125e-01
3.973620697530910739e-01
3.933149372622430362e-01
4.067107353627844035e-01
3.993183838875896674e-01
3.902996233963453299e-01
4.052650703314542024e-01
4.015469746446712063e-01
3.958271503601462071e-01
4.161331845974347576e-01
4.007249238825371096e-01
4.005925836120874939e-01
4.088992097048123053e-01
4.048995652171674120e-01
4.076217888007784840e-01
4.098045321190384449e-01
4.062749530458172886e-01
4.109983151282446401e-01
4.071436057566360511e-01
4.091315911440946973e-01
4.151629533693425023e-01
4.163995494652262264e-01
4.119838360394112442e-01
4.163425658086316594e-01
4.211169943530608806e-01
4.062508376588124248e-01
4.337933461547443525e-01
4.309879367008656592e-01
4.289452909039395134e-01
4.403977057649017812e-01
4.161829889899976154e-01
4.303043691490763267e-01
4.243669790301701772e-01
4.238537637460226826e-01
4.106923360977051685e-01
4.176563346637644503e-01
4.172951141846284462e-01
4.200146000604220720e-01
4.173271106845194423e-01
4.164550381443443139e-01
4.275595036758402800e-01
4.190388924550931815e-01
4.284857600304515790e-01
4.216542707501476084e-01
4.307047245143242886e-01
4.176222377908011540e-01
4.259991731275132865e-01
4.248572825070845438e-01
4.323688020513745678e-01
4.259034938800903003e-01
4.126103711336031044e-01
4.383551444323877111e-01
4.240719227592703588e-01
4.344155075914137853e-01
4.102638351543395623e-01
4.118117124905744109e-01
4.244015137307393104e-01
4.158000666772824205e-01
4.357369644999609104e-01
4.181411065064064569e-01
4.208517784916244731e-01
4.223304428768703267e-01
4.164526874605184448e-01
4.327782098065024452e-01
4.195744342013440487e-01
4.329262312463200146e-01
4.337476827321814499e-01
4.380265736875247340e-01
4.314656653067728831e-01
4.342725584082688939e-01
4.369468883716707830e-01
4.310583909235159994e-01
4.228671442877601216e-01
4.181415605045853967e-01
4.266086064123910115e-01
4.399586847906477027e-01
4.397692504203820629e-01
4.355980574601910349e-01
4.290113504602999228e-01
4.341533567837516649e-01
4.442887398321020975e-01
4.525239430065866597e-01
4.640849136617060666e-01
4.585050434566225741e-01
4.705743831548801492e-01
5.258719972465032422e-01
5.263132733261691731e-01
5.367883786946717750e-01
5.487585261246238355e-01
6.436151735078976532e-01
6.058748214652486253e-01
5.147961452648501801e-01
3.169504091264252477e-01
4.601914866434532181e-01
8.253353722173929485e-01
6.381784715652758511e-01
7.367201996239790551e-01
6.179640887309749697e-01
6.300897737373580831e-01
9.257041194709969556e-01
9.368009991288474003e-01
1.019755854195108169e+00
1.091101665876713644e+00
1.380179333515180407e+00
1.564662784442456323e+00
1.492439474020804901e+00
1.510490919957432121e+00
1.481500011548107620e+00
1.337474396860703907e+00
1.299731991479565751e+00
1.206415354982065757e+00
1.247311500000787943e+00
1.254049586879793399e+00
1.305646033969885877e+00
1.341456335666789235e+00
1.330946786194215914e+00
1.264384651510635837e+00
1.235611490140261726e+00
1.184717239600665550e+00
1.248341977886627596e+00
1.222111524390559367e+00
1.210752098063659021e+00
1.191086139618671824e+00
1.109177564221067724e+00
1.171849355003756976e+00
1.092466183337623020e+00
1.126938555409902509e+00
1.119951557108480822e+00
1.145038049679196757e+00
1.051355259671283848e+00
1.075593941913588480e+00
1.082284418121725711e+00
1.035025421642896681e+00
1.070782110411585775e+00
1.020774538682712285e+00
1.051243846742824672e+00
1.076527341988927855e+00
1.024814405213035684e+00
9.914493178306145182e-01
1.014219176905787112e+00
1.020764772911909368e+00
1.007707610196230785e+00
1.000839942242893077e+00
9.794027963679473592e-01
1.038195214795861521e+00
9.546681290991491098e-01
9.873857658520279745e-01
9.144256004764789170e-01
9.314994698180858457e-01
8.649776734940534118e-01
8.597520909432054825e-01
8.129298133251290359e-01
8.549379572694877361e-01
7.779543823620029830e-01
7.481867833280159141e-01
7.275536197469552047e-01
7.333097958980688835e-01
7.269765195055416518e-01
7.033369904589220623e-01
6.755500305646592318e-01
6.835875597490107536e-01
6.801460666087951745e-01
6.936684247459220520e-01
6.521608580805139388e-01
7.101833698075956658e-01
7.046376490134718118e-01
7.090945998234919889e-01
6.580804762427431287e-01
6.581547681311601394e-01
6.365625518400609417e-01
6.370482699541578642e-01
6.104582022970417299e-01
6.032290113721222591e-01
5.935564462981102185e-01
5.892918961712617643e-01
5.806133340178198932e-01
5.542345945200820578e-01
5.553424403052481528e-01
5.540153656908262114e-01
5.435889403518098240e-01
5.396132960320224603e-01
5.393939510469283327e-01
5.267669239300689643e-01
5.258751689426828246e-01
5.407868588984607872e-01
5.280732759800780274e-01
5.128473812031493217e-01
5.128296371653220387e-01
5.071532126322817469e-01
4.714241510066812246e-01
4.785110294256648689e-01
4.834319790347523238e-01
4.919515770039909475e-01
4.646322579950036280e-01
4.829203090028012513e-01
4.630660966330642503e-01
4.739714510187783558e-01
4.717454038247571035e-01
4.726358582458918822e-01
4.503729164825537867e-01
4.474265628408417572e-01
4.478450041020820005e-01
4.432960031476455565e-01
4.384819623574940373e-01
4.282617015421697482e-01
4.472892364193400416e-01
4.217204382164437271e-01
4.304795922630876293e-01
4.272557784923539104e-01
4.192296005991351104e-01
4.195369439245223431e-01
4.391388187445111613e-01
4.207385489606176310e-01
4.167890478809008759e-01
4.156706168950316527e-01
4.037894836926940179e-01
4.106483777600206109e-01
4.066399277597288475e-01
4.130801616054388115e-01
4.075548623987980124e-01
3.995099042988127791e-01
3.882146841222642863e-01
4.089780455879314935e-01
4.006135979669477876e-01
3.910176099809555827e-01
3.865853881326092312e-01
3.926432946032539228e-01
4.007831932935985164e-01
4.053343039923862912e-01
3.962786974553589858e-01
3.877384855911738537e-01
4.148228797142959889e-01
4.107731562640611900e-01
3.943542385136962758e-01
4.008858158406378158e-01
3.993814945940644123e-01
4.118588862995712363e-01
4.038170342658237155e-01
3.919980210240351370e-01
3.969956418659141284e-01
4.016472794785039824e-01
4.096758527907278236e-01
4.110472874466576387e-01
3.876738139577390885e-01
3.896156149940722679e-01
4.061652454507507781e-01
4.120057811111261237e-01
3.987574815662985328e-01
4.058935678048729012e-01
3.909399240499019657e-01
3.812207654993913786e-01
3.784013259275824659e-01
3.934118877204283438e-01
3.839949599535065206e-01
3.868810483317050020e-01
3.906617877342237199e-01
3.877525802676919375e-01
4.075242347351907268e-01
4.047555200287125121e-01
3.965771264401084517e-01
4.020673171712504934e-01
3.750381863339661281e-01
3.798320967577256679e-01
3.885004427296548934e-01
3.957717836955524371e-01
3.866428388253084769e-01
3.865707541831162053e-01
4.011431572296838555e-01
4.056652742952278623e-01
3.953360671119371950e-01
3.906334471732298419e-01
3.905086256384079357e-01
3.981879630069611320e-01
3.789269483768957780e-01
3.974092764674476141e-01
3.979848742015222318e-01
3.834833015968906467e-01
3.934880969456346356e-01
3.970694081335452985e-01
3.855593030702849089e-01
4.035939643669597121e-01
3.981707133193203574e-01
3.906307905886175491e-01
3.851769916269734972e-01
3.979801516270798367e-01
4.102474618852400834e-01
3.954280016154730348e-01
3.946245217593816745e-01
4.043908607240800923e-01
3.803024286302795209e-01
4.082120082804690520e-01
4.007242454348852179e-01
3.985156344283932173e-01
4.100942467745587461e-01
3.985291684296632386e-01
4.101703148717444902e-01
4.026640633919519874e-01
3.909825716005365659e-01
3.892740300353310090e-01
3.980639781598925842e-01
4.039964891426868765e-01
3.887046886616163932e-01
3.935447138791000610e-01
4.037196355224171862e-01
4.038664472144578022e-01
4.020858258485834336e-01
4.059692532783444885e-01
3.986963711953266376e-01
4.044770041844581998e-01
4.204697544229857864e-01
4.056304354319716921e-01
4.031209715520271408e-01
4.068046487543625078e-01
4.210488998316653242e-01
4.219659213934157660e-01
4.030658579495681737e-01
3.959751935407592738e-01
4.041892412337119156e-01
3.999071884340558158e-01
3.863838329535679295e-01
4.072113200541604972e-01
3.975000334768949428e-01
3.996838802112021027e-01
4.021571834919372979e-01
3.871307780994534542e-01
4.089893437051984049e-01
4.088808640693691321e-01
4.052652373276793285e-01
4.004914432852417217e-01
3.930009843189472551e-01
4.025931616998460472e-01
4.046749227736271548e-01
4.012500019046272848e-01
3.962969253364043709e-01
4.102563849945439212e-01
4.063195640280452547e-01
4.015868876293336998e-01
4.074098386788557735e-01
4.068534036537446164e-01
4.062606336991231859e-01
4.051549833641771570e-01
3.838379699204483853e-01
3.967609508807830587e-01
4.010967002282287974e-01
4.126903823645929337e-01
3.889717908417202330e-01
4.113599116074612705e-01
4.089678159227920773e-01
4.024092749088408749e-01
4.133341580071428489e-01
4.045022376615504678e-01
4.047278006310620069e-01
4.111334742349045390e-01
4.087817416816800220e-01
4.159398808999956731e-01
4.134720008677473246e-01
4.012658860380015069e-01
4.120631319294725814e-01
3.977031370073975669e-01
4.009093878137258704e-01
3.998665189131647701e-01
4.019731171866997022e-01
4.097040463290445023e-01
4.082509642552163975e-01
4.027878688159001741e-01
4.045433576715333213e-01
3.992096196556367826e-01
4.055993825250329143e-01
3.997214103692762199e-01
4.002202812468352855e-01
4.065918185142462504e-01
4.056962748627476190e-01
4.081237578658448717e-01
4.035825377608113773e-01
4.130549756559890318e-01
4.123919772655244009e-01
4.083820107489332663e-01
4.159495766396138494e-01
4.226931482739152424e-01
4.028557432720095144e-01
4.111765245517043921e-01
4.093848146029726021e-01
4.182507452022647398e-01
4.244156659751275318e-01
4.150482801504668529e-01
4.100699804208884913e-01
4.144679946129823933e-01
4.252323410933840364e-01
4.310058754162588435e-01
4.058587358995368044e-01
4.097046844815465660e-01
4.292924098909534636e-01
4.212657923863529219e-01
4.195152567248504605e-01
4.194482357461953859e-01
4.099063203598505845e-01
4.338886836773120370e-01
4.141434160788680097e-01
4.193776760051066144e-01
4.368889182286979089e-01
4.123196478976402513e-01
4.305407948514645700e-01
4.200360368452457638e-01
4.323301719242387264e-01
4.302198632844539405e-01
4.288088269981219502e-01
4.230866533436660748e-01
4.147544114982703034e-01
4.295979126795370084e-01
4.272713173835195888e-01
4.260789012873102966e-01
4.236937599293333356e-01
4.166681428499541817e-01
4.162788953030278072e-01
4.170774568735701182e-01
4.223893743569133163e-01
4.185006087389911977e-01
4.154442767342223508e-01
4.202985099977575301e-01
4.301277391989081766e-01
4.158451960036887995e-01
4.067421976628482483e-01
4.228623465131816639e-01
4.132949701609360260e-01
4.153505791632922661e-01
4.137641598741367832e-01
4.252929925572904724e-01
4.121296308595390201e-01
4.168743065438432760e-01
4.130595375650098489e-01
4.186272151429825117e-01
4.136579879422739303e-01
4.018465264487394162e-01
4.067991624457280575e-01
4.122570952699278757e-01
4.253585943938464897e-01
4.175633505375299648e-01
4.093938761139300220e-01
4.096944075983443567e-01
4.228773495063881116e-01
4.111943038674394924e-01
4.131753534716890996e-01
4.177927028023402101e-01
4.076710061014841013e-01
4.181983453252954841e-01
4.145135513770382696e-01
4.025249187180785504e-01
4.248526520503649317e-01
4.439697439953911307e-01
4.331740697429394271e-01
4.284054749211227975e-01
4.597241355616630276e-01
4.880596821032275323e-01
5.361228315650481413e-01
5.905495270238685368e-01
5.046174415261519552e-01
5.465296967874131440e-01
4.830903033083207565e-01
5.417836757913724322e-01
6.266465320799233796e-01
4.975977066435521845e-01
6.500772975610158433e-01
5.554660163648101889e-01
5.494673515688818233e-01
5.194071160200735005e-01
6.242479446863333781e-01
5.745424931152727233e-01
6.505859045183027822e-01
8.408241831599762017e-01
6.103406250854074289e-01
8.365287275860436855e-01
6.939199606285513244e-01
7.361412751297151669e-01
7.373059089593417825e-01
8.242940051263343282e-01
8.877747761384692238e-01
1.039759889819151351e+00
1.059761282617819322e+00
1.280718846231953645e+00
1.389053599521904436e+00
1.330127170326939501e+00
1.206246831985441359e+00
8.737392586668242256e-01
9.879340966896122955e-01
1.046321625712606451e+00
1.131417029472332469e+00
1.259919367286689518e+00
1.194333411424455482e+00
1.281000733145382764e+00
1.240057148539533527e+00
1.231057013835895164e+00
1.255905971405881782e+00
1.219715976379255107e+00
1.252052914522229443e+00
1.259791665836779817e+00
1.230120328191913082e+00
1.179137353208809191e+00
1.312532132944166374e+00
1.151267253906932186e+00
1.153168226095309112e+00
1.185488434674511149e+00
1.154821438613837126e+00
1.123279746273708524e+00
1.174424402196543538e+00
1.124909635563416721e+00
1.092623877425262346e+00
1.093304371460682267e+00
1.129347110933127007e+00
1.127096868757867076e+00
1.171479008915053743e+00
1.065593549749777269e+00
1.116996790471649126e+00
1.057986449282873886e+00
1.124231711831748193e+00
1.073141679961142625e+00
1.073409281651064084e+00
1.049935605448697684e+00
1.042495582335116522e+00
1.021313587049452298e+00
1.065098182286200679e+00
1.049966512465448032e+00
1.059296601783064284e+00
1.059511474613966886e+00
1.051503993477417076e+00
1.068734498446195946e+00
1.074319820553100380e+00
1.072830623853558762e+00
9.927324642334098836e-01
1.073995445078459232e+00
1.052570305254249883e+00
1.053706050350089019e+00
9.796475852322756861e-01
9.861959698762673421e-01
1.010506208361854563e+00
1.019006411842736437e+00
1.002479494457508391e+00
1.008305765411378951e+00
1.012779871364267503e+00
1.055166067483206183e+00
1.053692942363834373e+00
1.073361512269947804e+00
1.027235474487788514e+00
1.006279645587945915e+00
9.953991934797744578e-01
1.031167441601679391e+00
9.923899138826928201e-01
9.743536357455847563e-01
9.639896064065183179e-01
9.248815003757117070e-01
9.318441777339488974e-01
9.766644219738965793e-01
8.907174154834772706e-01
8.983793157205204327e-01
8.927452898300072270e-01
8.317706436506397960e-01
8.103977145314863462e-01
7.666085961221479339e-01
7.284684619591366150e-01
7.512261506664248412e-01
7.470945254388726697e-01
7.472340477988979046e-01
7.234106873287793338e-01
6.968388110506494870e-01
6.660413763498461703e-01
6.592020841590048308e-01
6.590919711208849119e-01
6.799803163371412884e-01
6.588761717015252373e-01
6.348512297695770856e-01
6.460980716780392319e-01
6.788706964681470168e-01
6.974437482056171644e-01
6.823816134449873783e-01
6.457613291872132955e-01
6.269451534913185187e-01
6.319069564998425204e-01
6.177215660648051054e-01
5.963532745671419333e-01
5.611880551540351370e-01
5.593308648932451277e-01
5.721710532244883574e-01
5.368021800356712614e-01
5.467741857978090092e-01
5.571631575119694313e-01
5.340309039279613756e-01
5.339343930430794360e-01
5.294519564701953840e-01
5.235813572645259262e-01
5.061779698738397837e-01
5.061270353907401098e-01
5.018116161896294392e-01
5.193464647034082837e-01
5.023575282104563167e-01
5.049669668206727691e-01
4.940480709232732415e-01
4.671362961476463460e-01
4.820719060726877392e-01
4.795358976319540889e-01
4.635953751755076402e-01
4.538516428830532412e-01
4.595585714608182437e-01
4.586323143253253076e-01
4.561541616087114170e-01
4.377761926935600512e-01
4.484942490823223826e-01
4.517470301881579831e-01
4.521446350502417166e-01
4.451469502729418215e-01
4.355663494434048322e-01
4.247278355953664764e-01
4.346869965901500321e-01
4.342059345785559965e-01
4.321617028589181952e-01
4.243841424127320905e-01
4.249676220360713574e-01
4.206834485825271530e-01
4.361009684681838583e-01
4.466964385680720073e-01
4.236082902151958041e-01
4.451185680470745032e-01
4.348861935488630426e-01
4.186967362632554868e-01
4.450049693425280894e-01
4.167292132067553778e-01
4.261116479282832659e-01
4.457143272165155490e-01
4.188752526343035854e-01
4.301305936370818372e-01
4.333129844937178010e-01
4.261179922270826870e-01
4.297929311612929681e-01
4.130764315609442572e-01
4.183142656350001265e-01
4.069647907918789165e-01
4.158933923492095230e-01
4.200128486207696521e-01
4.138732401482087542e-01
4.191296212534713073e-01
4.124228838148346066e-01
4.091402246869187409e-01
4.158840869362646075e-01
4.080062053006108247e-01
4.055588771823002148e-01
4.152949538529841500e-01
4.131255202722532993e-01
4.219037996535950352e-01
4.260461793025044352e-01
4.114061523340076798e-01
4.099741595817060769e-01
4.248509484454314755e-01
4.173793644434819483e-01
4.275609674879019551e-01
4.215556853357334544e-01
4.110287138475016144e-01
4.256212574235724300e-01
4.130907872179895857e-01
4.203888786779138020e-01
4.076082636717254792e-01
4.070421614982451808e-01
4.227923122441666903e-01
4.319153732898416420e-01
4.182844652369035465e-01
4.271328514313796898e-01
4.275371053711893299e-01
4.214230381266433900e-01
4.181072998895393744e-01
4.081207047766173823e-01
4.078669980859817579e-01
4.121150927252495988e-01
4.127834593279608444e-01
4.079541089468380899e-01
4.098160056458428069e-01
4.052820018681242420e-01
3.971835563861405016e-01
4.067345518316077269e-01
4.139531236193280672e-01
4.098069896888601460e-01
4.101723484208903980e-01
4.080258636070714928e-01
4.006615082246826609e-01
4.149830826608348899e-01
4.006873221944695640e-01
4.223144439766545188e-01
4.140716048449090136e-01
4.169029933681530076e-01
4.051582557067873736e-01
4.119729824219745540e-01
4.120001845978735200e-01
4.027931606156014421e-01
4.023113720667380044e-01
3.995817109632652242e-01
4.250832697319920084e-01
4.339912938165336742e-01
4.250189777336264574e-01
4.191501455181291247e-01
4.297789641684114370e-01
4.151770619029759302e-01
4.201490392848507005e-01
4.084034511323473282e-01
4.019031135605593552e-01
3.983471030490958187e-01
4.024696161382273485e-01
3.986283970238903573e-01
4.146879613454992897e-01
4.167450533376367838e-01
4.096174392856017921e-01
4.071186066064974574e-01
4.097646989097901704e-01
4.024277225267686164e-01
3.953291296235381669e-01
4.152886935763928644e-01
4.276457546930418352e-01
4.077753396444973588e-01
4.083148372444888596e-01
4.144423441391001939e-01
4.100822998106340433e-01
4.149818771512244764e-01
4.130535229478650705e-01
4.189554027827143146e-01
4.156523986779422919e-01
3.976281173918526646e-01
4.158465582092627510e-01
4.179750222898371281e-01
4.176870569293575364e-01
4.096129100235869624e-01
3.960653831705642780e-01
4.032606247863632087e-01
4.041136625272185867e-01
4.209897632848052518e-01
4.025043505114581643e-01
4.033994470762770623e-01
4.056350719560229412e-01
4.173841292975842276e-01
4.062083324571336695e-01
4.031590084798311047e-01
4.048072741871874825e-01
4.164692016153498932e-01
4.118027779107238384e-01
4.052648319185092607e-01
4.024764236493837410e-01
4.093226915227317075e-01
4.224998853036454616e-01
4.286760163274319080e-01
4.295760683432096050e-01
4.114446044406696590e-01
4.009532472273535930e-01
4.034004904686574466e-01
4.189130677258016688e-01
4.192706455752249206e-01
4.202330020795183585e-01
4.159182245720861038e-01
4.164971741592525256e-01
4.056537808658010058e-01
4.049450091886757641e-01
4.190826692149427490e-01
4.182731177184426108e-01
4.141576219679073967e-01
4.281925593696077614e-01
4.198906293191460026e-01
4.263591914148691098e-01
4.270059598574861282e-01
4.158815120678838184e-01
4.266032172257036570e-01
4.146849869195390337e-01
4.095603494456016569e-01
4.107887476847716379e-01
4.199534872019504705e-01
4.221067719664555740e-01
4.213780309680690839e-01
4.284439549084918530e-01
4.138388306825764307e-01
4.056999221187718718e-01
4.308872115609656550e-01
4.298340372870456672e-01
4.313725104333578919e-01
4.325329267600714900e-01
4.148209498482847701e-01
4.384398371105912018e-01
4.303678248791366623e-01
4.423859647001297524e-01
4.338627777010525266e-01
4.334929945108816352e-01
4.374256134922301920e-01
4.262531982021733334e-01
4.302192696317999054e-01
4.291742976250281227e-01
4.351901670347294027e-01
4.530823275331352651e-01
4.569313188742042953e-01
4.522346748573421449e-01
4.335408444763741986e-01
4.501910961676958700e-01
4.384597396190125784e-01
4.557407500622621677e-01
5.245700547845242312e-01
4.463932544349435427e-01
4.471502915490722652e-01
4.497527200587819185e-01
5.368433721355400090e-01
4.799003633919101119e-01
4.745048865895508117e-01
4.523407008977247679e-01
4.819308492884448181e-01
5.727285736737245392e-01
4.858614339468100285e-01
4.718313551164389219e-01
5.715774987805126717e-01
5.678616121764056279e-01
5.946185339876457476e-01
5.684929987954826514e-01
5.936254040214670180e-01
4.978103716373715182e-01
5.007274831880533794e-01
6.288687499557317206e-01
6.038677713363782562e-01
6.226657687469625557e-01
5.923036393537043365e-01
6.052893786317304903e-01
5.633299886515921173e-01
5.659879620694039382e-01
5.815435130793926710e-01
4.811056466512939611e-01
6.064541766019994062e-01
5.704554525864375947e-01
6.511368453833557002e-01
5.542267455279699107e-01
5.018621132749672142e-01
6.028775274706472675e-01
5.042113405440471485e-01
6.147420023893109819e-01
5.199578006453156043e-01
6.577924953476090852e-01
5.731620418798488714e-01
5.121041116631885881e-01
5.643267215972787021e-01
6.733111245320781979e-01
5.326756686880756986e-01
5.906802578897754064e-01
6.401815252881291052e-01
6.686349673710358932e-01
5.747560237620608081e-01
6.400468771071925467e-01
6.383987047859374098e-01
5.657161455368051595e-01
5.158001012445301292e-01
4.995582627323951197e-01
6.234443267978149184e-01
5.374466447514383294e-01
6.047138811402346104e-01
5.353685270723567147e-01
6.546079447254935513e-01
5.127415635147164474e-01
5.714833646026734604e-01
5.258133633502233284e-01
5.587242673878467514e-01
5.001369586383117571e-01
4.841426837555202756e-01
6.649994262624279173e-01
6.048453157051369988e-01
4.796915378128751573e-01
6.792247861985442059e-01
6.098317172735608915e-01
4.914370255641203888e-01
5.595552967431061120e-01
4.772282964655532589e-01
5.088693044749637018e-01
5.012566809179430649e-01
4.803575121969669848e-01
5.723803081628653366e-01
5.085132243586326650e-01
4.785941742375875441e-01
4.744244543457663554e-01
4.727893449686539351e-01
4.719910988092460569e-01
5.527997108851431252e-01
4.450503899874693747e-01
4.741617905346163786e-01
4.686675518778363192e-01
4.570207124857688652e-01
4.520213894961214729e-01
4.595205182167190205e-01
4.675968239528357495e-01
4.580620238069175176e-01
4.432485398372711383e-01
4.342724249227243316e-01
4.543152552640161712e-01
4.549130653183505735e-01
4.567253711838546448e-01
4.410034776645575527e-01
4.343039982453628101e-01
4.452278446056754380e-01
4.428734383110590200e-01
4.349098988711269098e-01
4.476698352813899273e-01
4.536312549409399764e-01
4.633151672365578011e-01
4.522487874921134465e-01
4.375630325447496527e-01
4.421790233362813960e-01
4.332501555326143672e-01
4.501291946703420144e-01
4.559782976309416092e-01
4.577550928636658911e-01
4.633834378408435706e-01
4.558348736433992521e-01
4.752827304237431383e-01
4.565021297210449247e-01
4.585448922482785461e-01
4.703204038688827415e-01
4.732352889925788286e-01
4.963716653458225547e-01
4.704723788280784635e-01
4.815104507331471329e-01
4.952019066765926958e-01
4.807415123307038352e-01
5.828872944955816315e-01
4.938914254907470491e-01
5.403641010958361024e-01
4.838926521006026160e-01
6.377790893437365050e-01
6.759664618221432608e-01
5.530264455516418209e-01
6.939742569822967555e-01
6.941788160558891585e-01
7.275175305560357408e-01
7.322800917237691776e-01
6.662465248783048244e-01
6.276013430410375404e-01
7.896424242740358590e-01
7.498283385932381639e-01
7.564479481604771127e-01
8.158599958833610000e-01
8.073613087786409848e-01
9.377948805249166631e-01
8.801482868308757590e-01
8.603957526762733288e-01
8.791382436771696396e-01
1.047454244904480358e+00
1.045907422976885215e+00
1.193807873387562557e+00
1.297133835957566816e+00
1.270071135600121526e+00
1.331487803672562586e+00
1.394460023484358491e+00
1.405014664040950656e+00
1.507315553539500419e+00
1.399375640772516860e+00
1.296189703539647242e+00
1.322058922006548842e+00
1.332772394138609151e+00
1.308145379839555478e+00
1.245115534546190394e+00
1.266950366260639615e+00
1.267540202791047177e+00
1.269094420649288901e+00
1.257101191683951402e+00
1.274270617152225782e+00
1.192493546510650537e+00
1.317106219760985741e+00
1.291101226043357419e+00
1.158828516132629938e+00
1.171883823751316944e+00
1.315607157176076569e+00
1.207050330204814115e+00
1.210613733129644265e+00
1.192508298826305380e+00
1.243116524781073817e+00
1.182528026060088111e+00
1.208189338740678576e+00
1.248957494021219583e+00
1.174851447753424871e+00
1.182656771609096102e+00
1.249998491990049754e+00
1.162670232642109003e+00
1.158359866212798739e+00
1.179191099314132130e+00
1.246101890744995888e+00
1.204120798173257567e+00
1.190427097051020899e+00
1.197931925109736895e+00
1.154842653945572062e+00
1.184001780214933408e+00
1.274581615008743452e+00
1.150938720956937278e+00
1.130126859755280488e+00
1.216294805571048077e+00
1.191637580345754621e+00
1.149436847670453510e+00
1.148897851669253178e+00
1.173267301189299339e+00
1.182142420160228413e+00
1.132047816337075741e+00
1.237306864679400986e+00
1.233705764994082577e+00
1.268494803465521681e+00
1.078385441537809797e+00
1.040633593251777844e+00
1.134756721019230419e+00
1.091443148712404554e+00
1.052094890820227002e+00
1.050731734622677438e+00
1.119250237642054335e+00
1.065311064740905200e+00
1.061901543289121674e+00
1.047335037707440408e+00
1.036171402910349926e+00
9.732395390918276989e-01
9.992131024774265624e-01
9.596401566375305503e-01
9.647949792829707549e-01
9.340407362186259332e-01
9.901007943183746107e-01
9.592606719115107650e-01
9.166063689509824641e-01
8.691085008741620266e-01
8.855141443416680858e-01
8.317786707407325286e-01
8.558874289986333483e-01
8.251769870996762402e-01
7.742033888620647453e-01
7.637391471662833276e-01
7.456518789558016502e-01
6.924932524022333613e-01
6.937934634841887993e-01
7.127841650219085556e-01
6.919436949240374002e-01
6.691074631444599019e-01
6.462151883333157043e-01
6.146243126080167540e-01
5.994548815664326735e-01
6.545317587518543201e-01
5.929472681655675315e-01
6.272720258629470580e-01
7.052659222269899164e-01
6.775300267879752480e-01
6.294396012260671247e-01
6.374974321037100156e-01
5.992598674255985580e-01
5.756188962640285123e-01
5.755345072057987954e-01
5.256161213516991060e-01
5.253946277790331187e-01
5.240646356096393399e-01
5.255061784225540933e-01
5.158494007978878804e-01
5.052328964368600905e-01
5.012359938463517572e-01
4.852288799805015151e-01
5.058447658459233054e-01
4.845896389693502559e-01
4.810162156344135465e-01
4.561993600856857345e-01
4.884466400182497225e-01
4.710721125394699560e-01
4.671996915941275530e-01
4.594467650964560446e-01
4.386019997685702831e-01
4.407405271472745745e-01
4.577282557053552470e-01
4.435439730083702847e-01
4.399423507250435628e-01
4.509345997385697524e-01
4.370903000872149446e-01
4.478633624814892800e-01
4.306078775963363414e-01
4.410639844755341321e-01
4.415771175961706319e-01
4.442670791010996934e-01
4.388767317925775235e-01
4.076283837489436679e-01
4.273150582563772781e-01
4.349264487892431363e-01
4.273397485663734674e-01
4.304560910614336766e-01
4.392446285439422504e-01
4.128596356813058477e-01
4.460287259379867031e-01
4.330741636490297308e-01
4.157766115384295968e-01
4.373142465707167692e-01
4.192430393602649130e-01
4.398253818553796712e-01
4.132546907385264978e-01
4.368425587118423548e-01
4.271528885475209258e-01
4.293545881060395475e-01
4.088167777368710287e-01
4.278583190465059527e-01
4.159447302352419773e-01
4.247392891924648972e-01
4.262999481538818358e-01
4.298156644239785051e-01
4.231194656293010836e-01
4.158707250009864298e-01
4.091137787110398771e-01
4.195743704633619342e-01
4.099672251997786288e-01
4.119463679299423253e-01
4.251066724706299982e-01
4.186212411041780324e-01
4.034389645554217751e-01
4.088898926599211503e-01
4.040139143164421798e-01
4.144611591546095153e-01
4.239313197458499660e-01
4.236481453363749039e-01
4.241608413790837750e-01
4.114460019759739184e-01
4.098780042121563105e-01
4.075998747240333064e-01
4.190177459467587240e-01
4.036567455171535257e-01
4.068349856667435871e-01
4.234790061568892150e-01
4.168389630242936295e-01
4.276828579685297838e-01
4.154872352250751910e-01
4.252226722153926719e-01
4.221726696079117214e-01
4.167994897849795488e-01
4.324670655661745355e-01
4.242976218623373819e-01
4.189025800363295193e-01
4.210802812156076436e-01
4.159602625011415422e-01
4.447881824648825533e-01
4.270449573768709817e-01
4.313839660197783532e-01
4.400339954080662586e-01
4.354748819914864844e-01
4.426518064474140868e-01
4.307300928382298277e-01
4.425408539556114906e-01
4.354497468762171253e-01
4.351814817523374512e-01
4.438436215015900688e-01
4.424044213895594324e-01
4.344004110018413467e-01
4.338051372588487276e-01
4.563918033011338249e-01
4.607601583051701977e-01
4.504124913860682033e-01
4.534089902900690916e-01
4.535378697436939222e-01
4.569282488020363076e-01
4.581320757705584223e-01
4.527124609060677041e-01
4.632517003135312450e-01
4.652010485749458191e-01
4.765319082762377034e-01
4.865641061695917813e-01
4.576563682556044621e-01
4.703412162852262934e-01
4.698751748569207076e-01
4.918287058154697799e-01
4.949346818683927340e-01
4.906247604341579804e-01
4.670110724701239668e-01
4.803419747931479966e-01
4.843190609696118587e-01
4.917699266846795036e-01
4.865588805948059536e-01
4.908428211598592217e-01
4.897320985684645578e-01
4.851213287450276690e-01
4.940301246155653914e-01
4.904727979645601699e-01
4.938239292133082547e-01
4.995657423416008380e-01
5.109744891763062791e-01
4.813847743122297018e-01
5.032080359532623559e-01
5.194961034845849701e-01
4.921736644774799552e-01
5.051444228289394545e-01
4.934746464004495792e-01
4.937874525687909744e-01
5.047090775479665670e-01
4.937561592299480329e-01
4.894383313293932947e-01
4.867614655780734823e-01
4.931865153375241673e-01
5.055077542240389299e-01
5.288564038417037372e-01
5.093382697929120795e-01
5.015607251224807328e-01
5.090320087981098363e-01
4.966620677023860786e-01
5.199543178296451851e-01
5.142778918947044087e-01
5.194762295287204124e-01
5.064333474860620576e-01
4.939512989569871948e-01
5.003846227744814801e-01
5.107711333706000945e-01
4.998482878316212186e-01
5.338312126454418660e-01
5.070190984741806961e-01
4.953777424200013213e-01
5.210872352727743406e-01
5.281663934518032733e-01
5.054566759689828048e-01
5.040702623912948210e-01
5.126967447004164846e-01
5.139340653597364028e-01
5.116956030914371345e-01
5.044229381882113783e-01
5.300631696927751157e-01
5.155893677359686400e-01
5.296875296636410768e-01
5.205642061102130347e-01
5.225979202511537025e-01
5.314931177889969938e-01
5.130761608807775653e-01
5.247759481623910371e-01
5.280985841743360831e-01
5.051544487171802933e-01
5.353088276798043665e-01
5.223897125824028542e-01
5.208804972957352675e-01
5.039773552213806518e-01
5.245548045228383138e-01
5.041021316321024903e-01
5.171768159880525406e-01
5.237296101314016239e-01
5.237535599523307495e-01
5.088552425982977301e-01
5.342095800376918113e-01
5.194557244435319410e-01
5.045411463753741721e-01
5.211436497368965304e-01
5.269898008729172467e-01
5.213977537448647448e-01
4.987419284841378975e-01
5.070933822551170200e-01
5.228344476823287845e-01
5.126891901813620533e-01
5.060959195212935136e-01
4.923737735328108656e-01
4.990865804291878538e-01
5.305048728302417249e-01
5.011261230324438598e-01
5.101540645911917249e-01
4.938757641893619654e-01
4.950881631621232848e-01
4.958325708108265450e-01
4.880984332845927920e-01
5.005873848079751554e-01
4.674464030005507920e-01
4.881329058735798809e-01
4.846908101837761329e-01
4.909066376722387437e-01
4.650730397734997301e-01
4.648766370900617728e-01
4.864249833893827812e-01
4.685561130359185977e-01
4.851536214406536596e-01
4.594669230581174268e-01
4.666351266245920004e-01
4.673192198844998146e-01
4.717841474371867738e-01
4.628844540231911164e-01
4.590680722541816694e-01
4.637300499973404655e-01
4.545944556181674145e-01
4.475470912874958684e-01
4.695734933677110368e-01
4.539698687918856113e-01
4.696705744488415268e-01
4.519038163369638594e-01
4.349047100429077606e-01
4.390839941586229256e-01
4.304618375000442421e-01
4.454637683153171435e-01
4.552933633739021935e-01
4.751758463791191933e-01
4.444997606140202451e-01
4.325829476727960921e-01
4.490762001092841182e-01
4.525398253249450775e-01
4.428261184996512556e-01
4.470848073198942507e-01
4.421585086151862409e-01
4.328108625090397177e-01
4.450565976134391866e-01
4.421796496716284275e-01
4.474622559549386036e-01
4.531883541451783293e-01
4.417650011316686665e-01
4.350369778555193134e-01
4.459582791941024693e-01
4.297710321773645648e-01
4.309512003565090787e-01
4.328318440902617636e-01
4.320202691317712174e-01
4.430797580866904228e-01
4.356595102792187313e-01
4.275443908482370881e-01
4.334784984154228527e-01
4.541127517025195237e-01
4.368623806827748313e-01
4.424302651470591319e-01
4.418777460010401836e-01
4.656682071452214466e-01
4.575723184315825254e-01
4.613814539252706903e-01
4.524719295102930250e-01
4.458474811613059030e-01
4.567841127794992073e-01
4.528198906179794481e-01
4.589984570679730425e-01
4.536123512676617509e-01
4.460644870103363524e-01
4.384044145702172823e-01
4.346850002165689730e-01
4.383099980145524488e-01
4.496048985813731469e-01
4.549539401626507829e-01
4.782058896471964582e-01
4.637177882143030394e-01
4.569145378869482466e-01
4.635870642025164967e-01
4.585931553632040525e-01
4.657076025988007850e-01
4.660776810354038679e-01
4.554861633034943957e-01
4.711324304319475798e-01
4.890135740195834524e-01
4.534090318196345448e-01
4.761094406728472728e-01
4.806086346886603855e-01
4.754293274252683887e-01
4.776187112328870166e-01
4.778535541679027610e-01
4.652927655971064724e-01
4.592181982394880624e-01
4.948559945472488231e-01
4.824247910579001486e-01
4.787461220099691328e-01
4.924411180870172378e-01
5.045355266835440666e-01
4.827267072853538288e-01
4.808984152567207793e-01
5.008297000679100552e-01
4.948143527131819153e-01
4.891999615827404280e-01
5.031490746008310255e-01
5.003267665598611913e-01
5.103217307620995236e-01
5.112252136337221975e-01
5.091731705953198572e-01
5.231724670428947732e-01
5.035413738410359219e-01
5.127003264296299267e-01
5.360268262283899299e-01
5.223208856983110326e-01
5.373332292755224060e-01
5.225545696038603749e-01
5.462752485094419796e-01
5.604055728586901930e-01
5.491870377284924221e-01
5.440519220748516460e-01
5.464281962890009670e-01
5.557284908471646911e-01
5.916129143183386230e-01
5.773093032080754972e-01
6.054929795515312518e-01
6.155327193186781454e-01
6.461009579294055838e-01
6.701017738712504723e-01
6.503845157707693891e-01
6.622581529846065518e-01
6.880430950098774812e-01
6.766773790560000057e-01
6.860950313305654857e-01
7.125463333259209886e-01
7.350494497470680955e-01
7.849724407683557059e-01
7.918321431918163844e-01
8.014689964650295595e-01
7.947600334693978308e-01
8.370546004212938707e-01
8.602428361584060212e-01
9.347688897532410168e-01
9.734153438764105992e-01
1.011330867319106375e+00
9.949233228573034493e-01
1.104835647650602937e+00
1.180318949296376596e+00
1.076691096123120639e+00
1.121758179858279636e+00
1.186554017803874483e+00
1.099516384539657166e+00
1.072029298545690512e+00
1.154020785361879797e+00
1.144261509651445685e+00
1.174817334500257271e+00
1.066839775833576143e+00
1.192154875977555095e+00
1.116956442545034234e+00
1.238162112465289511e+00
1.206267450265889662e+00
1.202596493939279032e+00
1.183012851457623915e+00
1.212797998002341782e+00
1.143064052949317011e+00
1.240664346556561437e+00
1.113525685106258933e+00
1.239243240482529096e+00
1.205823732839352402e+00
1.090715181768013187e+00
1.113607235962545960e+00
1.150880225591420558e+00
1.236283897872279658e+00
1.110831309566239655e+00
1.086589796852665657e+00
1.103332810846480605e+00
1.128775929823935487e+00
1.085354211382678180e+00
1.068027053164820384e+00
1.146686414599819015e+00
1.124124216248211461e+00
1.074133333975782589e+00
1.120403208685992746e+00
1.214227777491861948e+00
1.085240055434629314e+00
1.105005026410371016e+00
1.068302675961662951e+00
9.985712407124740508e-01
1.047371372481100904e+00
1.039182993288907841e+00
1.035555598072423367e+00
1.065889040818405187e+00
9.959790139973067058e-01
1.009879001009029276e+00
1.055735618566561174e+00
9.976611260300682904e-01
1.007140720463968631e+00
1.047148443438791654e+00
1.048642822187883850e+00
9.880056124007848828e-01
9.991826739073295105e-01
9.602866250582545726e-01
9.530296111730440778e-01
1.023438704361485874e+00
1.027015387410766589e+00
9.977836125429541125e-01
9.510048602577260146e-01
9.614866033245803578e-01
1.022928041563213375e+00
9.625963145236630103e-01
9.373826873484349953e-01
