nan
nan
nan
nan
nan
nan
nan
nan
nan
nan
nan
nan
nan
nan
nan
nan
nan
nan
nan
nan
nan
nan
nan
nan
nan
nan
nan
nan
nan
nan
nan
nan
nan
nan
nan
nan
nan
nan
nan
nan
nan
nan
nan
nan
nan
nan
nan
nan
nan
nan
nan
nan
nan
nan
nan
nan
nan
nan
nan
nan
nan
nan
nan
nan
nan
nan
nan
nan
nan
nan
nan
nan
nan
nan
nan
nan
nan
nan
nan
nan
nan
nan
nan
nan
nan
nan
nan
nan
nan
nan
nan
nan
nan
nan
nan
nan
nan
nan
nan
nan
nan
nan
nan
2.263381872275545437e+00
2.108921757489933935e+00
1.866616588176131630e+00
1.883888545433072492e+00
1.936789650355398962e+00
1.974389075771522783e+00
1.886456545227582549e+00
1.935115814974040171e+00
1.964626853357338554e+00
1.898405806898371129e+00
1.950883434854206122e+00
1.889185163927108890e+00
1.902962056563078264e+00
1.954658272603668090e+00
1.978116671645766989e+00
2.060846963004893340e+00
2.008696904075011780e+00
2.015497849605634162e+00
2.041466639095179225e+00
1.949878121848338974e+00
2.032579117267544699e+00
1.987859496268355786e+00
1.907531081528691885e+00
1.843499975186831286e+00
1.793041818563185341e+00
1.823471711823903663e+00
1.849451383318374109e+00
1.881949779921837207e+00
1.844839378781882200e+00
1.577790157787299918e+00
1.691701540129925130e+00
1.685409735569748158e+00
1.534496792209546712e+00
1.934775849093443245e+00
1.721635510664554891e+00
1.622791570348722567e+00
1.709201670902209313e+00
1.642202832004323598e+00
1.769002504839409129e+00
1.854684188454180926e+00
1.856047646890939706e+00
1.655141121026784123e+00
1.734854614901973013e+00
1.750076194164053467e+00
1.765107259754225222e+00
1.839085437786326604e+00
1.945597889429021787e+00
1.870535483686310174e+00
1.842779118966835661e+00
1.836087257196854283e+00
1.928941588295916443e+00
1.874822386503445681e+00
1.902346801337978066e+00
1.852987145899096300e+00
1.840963751751817812e+00
1.883441875997446724e+00
1.847365726645350703e+00
1.886260176913948206e+00
1.799593600622435119e+00
1.835334052645485325e+00
1.862078302980062494e+00
1.825670948220420753e+00
1.833147965299680049e+00
1.813345316561263854e+00
1.844454970758722556e+00
1.814025109433014205e+00
1.799459274490921468e+00
1.802238254030197995e+00
1.786170770881712944e+00
1.812357899154077634e+00
1.781949840008208108e+00
1.816094339264836321e+00
1.806166522384442308e+00
1.825007221137667335e+00
1.785220710981663128e+00
1.752400908717921979e+00
1.796182878854114762e+00
1.728749147365550742e+00
1.748822637489690024e+00
1.787585611664939345e+00
1.794714666313112161e+00
1.744095697820338575e+00
1.730366973714893675e+00
1.773804290973672648e+00
1.787420773843134469e+00
1.710826431374893097e+00
1.681716788168325927e+00
1.667715573114361804e+00
1.644056861868619324e+00
1.588803727236727914e+00
1.504348338437012211e+00
1.488380149644424666e+00
1.449619372123170269e+00
1.367280554941400661e+00
1.309958887216922996e+00
1.276825924820293112e+00
1.238608107072934450e+00
1.241472701075871043e+00
1.284324284820767659e+00
1.348596354283010612e+00
1.297858949358065006e+00
1.260859685515017370e+00
1.266415686715373301e+00
1.197393480940419197e+00
1.161098972136869856e+00
1.138521738635950964e+00
1.204323454835557250e+00
1.396355275974367371e+00
1.586933369664742743e+00
1.327835051255261245e+00
1.045058831254511711e+00
1.020279836342463664e+00
1.023345131552914289e+00
1.016810709212039088e+00
1.026216503601441898e+00
9.792969173928821602e-01
9.807113778852372121e-01
9.876049211605824052e-01
9.579705950468463405e-01
9.595491093913218750e-01
9.130630722970266566e-01
9.199332927505079471e-01
9.321915837034240315e-01
9.110420427306485935e-01
9.075128412188046001e-01
9.030603578495420836e-01
8.753269836455299657e-01
8.468448307178947365e-01
8.656648049053191629e-01
8.251704777791685208e-01
8.384151931650535294e-01
8.458836889662348923e-01
7.949434722206948356e-01
7.818821166284523061e-01
8.037769636400484696e-01
7.646948559928412603e-01
8.013068870392758836e-01
7.700493299880680764e-01
7.421113569513371200e-01
7.508852788213790097e-01
7.215051848337100671e-01
7.284634701134772294e-01
7.134458796386213830e-01
6.907682270166737304e-01
7.043926161334579383e-01
6.790153521499543432e-01
6.668086727579166650e-01
6.673467025722648049e-01
6.515743699614732209e-01
6.452836340778210777e-01
6.414654062854654448e-01
6.254774513237635336e-01
6.304975424815381091e-01
6.300424329832192694e-01
6.072349449157506962e-01
6.274401524773386418e-01
5.959556290750579466e-01
6.049307538514583360e-01
5.950653933625179581e-01
5.754859187583569735e-01
5.796837514156053528e-01
5.654999912433547049e-01
5.616544272093147994e-01
5.716360652868834880e-01
5.563618443515878642e-01
5.565431676875688405e-01
5.566710631530237263e-01
5.600815492546767915e-01
5.485309978804763231e-01
5.458706834053909107e-01
5.429552141862838965e-01
5.424242106342369585e-01
5.381977199091809716e-01
5.280025380413561065e-01
5.450291033346581493e-01
5.279476648670232697e-01
5.255307856445787795e-01
5.302302645524015201e-01
5.278172481742223754e-01
5.237345202207409622e-01
5.242812065601949456e-01
5.238969814917409096e-01
5.264536871579579280e-01
5.083544140144622414e-01
5.179301140721028762e-01
5.091384364754807379e-01
5.192986968826369676e-01
5.104837361574641186e-01
5.256240372741622924e-01
5.119788619300762456e-01
5.163517593777455783e-01
5.196116174380049912e-01
5.230654592635719524e-01
5.043187716161143808e-01
5.124012198499757753e-01
5.137420349645710482e-01
5.115246347733888310e-01
5.044145269476617566e-01
5.061682731059101714e-01
5.118831945563060426e-01
5.112307280716131830e-01
5.074266404589838908e-01
5.075003810236855539e-01
5.089569755835589016e-01
5.123510200383470936e-01
5.211334113264746160e-01
5.181593967179898286e-01
5.289253955046286926e-01
5.172212093823840284e-01
5.144329562358020969e-01
5.140316920939043133e-01
5.259747093045012978e-01
5.107354757828089786e-01
5.087646157847816042e-01
5.210984344257393319e-01
5.281567706782803739e-01
5.231929655797330492e-01
5.314784981291811317e-01
5.164694452122505774e-01
5.190940073500565077e-01
5.156111935102012378e-01
5.259657529771519791e-01
5.399060738932691672e-01
5.324979882653676500e-01
5.266147664304668963e-01
5.441457551487649535e-01
5.317942050005212140e-01
5.295645639156352225e-01
5.394509820606993022e-01
5.289075197122301564e-01
5.330488674727558163e-01
5.333181204638468564e-01
5.515856176124346311e-01
5.430273669746032983e-01
5.387036794949098262e-01
5.393125122051232179e-01
5.442932549265412367e-01
5.398178962085092847e-01
5.414981531963033445e-01
5.505041972643086590e-01
5.497294880548945217e-01
5.314775125845982995e-01
5.372774436865886960e-01
5.531116034883449828e-01
5.418653820681400557e-01
5.571922638219410917e-01
5.400813310406160639e-01
5.568895160526377008e-01
5.536488219364764651e-01
5.448001027652646933e-01
5.510048031783528755e-01
5.364613381368086298e-01
5.566575089229451878e-01
5.501324362119324185e-01
5.605177185987570976e-01
5.548466852533565641e-01
5.536928671842828997e-01
5.624980253705028632e-01
5.491605118510877181e-01
5.436117234158339695e-01
5.594959851274429186e-01
5.591939228223140601e-01
5.490088111262007020e-01
5.468646397949930016e-01
5.486345687919964575e-01
5.436606955281542142e-01
5.435707139984657932e-01
5.410265842353980670e-01
5.388037496764683798e-01
5.416699644230870136e-01
5.342227003382201689e-01
5.253000432952834586e-01
5.189163029431846930e-01
5.180471431587194697e-01
5.142881951548227137e-01
5.207935277960000775e-01
5.263487286935804033e-01
5.344404225005435771e-01
5.238788962071567745e-01
5.331042697510272044e-01
5.353741357081803764e-01
5.352731360011614425e-01
5.526462742915119186e-01
5.555092585812415606e-01
5.571936135640092047e-01
5.615624868981661244e-01
5.631752643337226694e-01
5.759515309872886846e-01
5.653753908495672276e-01
5.742686569979494893e-01
5.883551315160784334e-01
5.704478244584947344e-01
5.801884095089748783e-01
5.848597733919677077e-01
5.864021162520491881e-01
5.833102461852132103e-01
6.154922401296777368e-01
6.125783210312037985e-01
6.066830874055099132e-01
6.072193102684807497e-01
6.352853921396625081e-01
6.364576190790326438e-01
6.734059081969172578e-01
6.658095473798532060e-01
6.854032595099814884e-01
6.925486392469635266e-01
7.054576877738750751e-01
7.467249216168873049e-01
7.601390566275515459e-01
7.898983983616233440e-01
8.429773158995230720e-01
8.529437564278372630e-01
9.308187434211684375e-01
9.694344401855949922e-01
1.163813146947823007e+00
1.249845672598689283e+00
1.215450786863132571e+00
1.132150740798305355e+00
1.278014128844845221e+00
1.273812276434636903e+00
1.217869345420683036e+00
1.295383661548659138e+00
1.486671077924005990e+00
1.376358342585103811e+00
1.253560330243540299e+00
1.394588119472878418e+00
1.330137069184287757e+00
1.243328910575752788e+00
1.416675231026097936e+00
1.360998312845748348e+00
1.496818414940026765e+00
1.467320168876258268e+00
1.445020188436170860e+00
1.419875202488334098e+00
1.463932829177608808e+00
1.434286399813512691e+00
1.525580571304311350e+00
1.434542732261093301e+00
1.475600398916799616e+00
1.467395972761674550e+00
1.475873868712663572e+00
1.480984989944413854e+00
1.429982437893749125e+00
1.429681488693317570e+00
1.410363502499891064e+00
1.406630347608486042e+00
1.408937433437664755e+00
1.372330848158603622e+00
1.350926406503995203e+00
1.340666227604977889e+00
1.318143669547681807e+00
1.298026283122449165e+00
1.293749787991541611e+00
1.232034761805798073e+00
1.214773089033296394e+00
1.148357794566083223e+00
1.087386551038778792e+00
1.078128703215348816e+00
1.037943786411734681e+00
9.922325558513213073e-01
1.166481849176857377e+00
1.107330252271458093e+00
1.105560195723597650e+00
1.086524150035662828e+00
1.049770531478344981e+00
1.075382899904426592e+00
1.073747073757532755e+00
9.997389112951011736e-01
9.528413622055597054e-01
9.837666560201541177e-01
9.957280452304374530e-01
1.051023650591498271e+00
1.144003148355878574e+00
1.230169187049372281e+00
1.313581085310158603e+00
1.339995775524304378e+00
1.266799543834177921e+00
1.234583755153792817e+00
1.096164871473420455e+00
9.905450031423571611e-01
9.388531704253362253e-01
9.065850047033175985e-01
8.534892693606217495e-01
8.084988762511746696e-01
7.915347259631100307e-01
7.399764122237556530e-01
7.271484789232218748e-01
6.932040202617522073e-01
6.779541876269200573e-01
6.617455733114323557e-01
6.288356314998808649e-01
6.291164705306037108e-01
6.158227564087159767e-01
6.112382753966615345e-01
6.043495605307251939e-01
6.006441519009049212e-01
5.992400341486339155e-01
5.972531468044302017e-01
5.908911290913909653e-01
5.808315329057235354e-01
5.888582919059751619e-01
5.810389195846407118e-01
5.842333335044196385e-01
5.733102374842644622e-01
5.716053463501462595e-01
5.682022102239316919e-01
5.622824367905445708e-01
5.578668489627816029e-01
5.603670638494651079e-01
5.521672003410468266e-01
5.681617731883497058e-01
5.484500936662813908e-01
5.478113802552656564e-01
5.451954500058658892e-01
5.423621514707180902e-01
5.623003020643052574e-01
5.549974439826382833e-01
5.406116242517559067e-01
5.407224110176679366e-01
5.399113645711228759e-01
5.550756946011823345e-01
5.395004011517576803e-01
5.294786984285868581e-01
5.458681301870538238e-01
5.470177566125596913e-01
5.328742708645298753e-01
5.459241585114512629e-01
5.451147816127870360e-01
5.380687140431755777e-01
5.260959350074352336e-01
5.436997388599186243e-01
5.344977529102306057e-01
5.497212444754164817e-01
5.332122590105972115e-01
5.177670966435520272e-01
5.448362482016951835e-01
5.426999114640441713e-01
5.415654651872717773e-01
5.442611970950234079e-01
5.215365211532545509e-01
5.439079220190990993e-01
5.289297291726612338e-01
5.478145224939955371e-01
5.374187457955290625e-01
5.367837628202793976e-01
5.464921626921923625e-01
5.425620272809201783e-01
5.421222767510793794e-01
5.318158704499655887e-01
5.195875720404811160e-01
5.348932033547535436e-01
5.354045454558996608e-01
5.440882885452731355e-01
5.377854620952420284e-01
5.413520895203880468e-01
5.241329562215237825e-01
5.429529371381975889e-01
5.396838372960555130e-01
5.255412789745299573e-01
5.417729110730586939e-01
5.329049049872823796e-01
5.163566450755903148e-01
5.382476946636270965e-01
5.243319575468892157e-01
5.404021011109655381e-01
5.406812015593799314e-01
5.409884393055445218e-01
5.455482402688207610e-01
5.302657824494066974e-01
5.403402485689201562e-01
5.375524195305279029e-01
5.294038829914514688e-01
5.403710171905071746e-01
5.407932184255354047e-01
5.330220761925554829e-01
5.426499137370353054e-01
5.293313826153696056e-01
5.495089628675764448e-01
5.285699771756493526e-01
5.330345923272363784e-01
5.457800392202496464e-01
5.459534815094000404e-01
5.438317511234589396e-01
5.506011661294387682e-01
5.452821359362833853e-01
5.491180218018016923e-01
5.453979324060079792e-01
5.552255977436391099e-01
5.481044724330672580e-01
5.443035979215422593e-01
5.466951348943299704e-01
5.508214512582898514e-01
5.632598695254833476e-01
5.534635860461110113e-01
5.354077083481735277e-01
5.510418820841365140e-01
5.590244194415483481e-01
5.500849275503040259e-01
5.552124780853288089e-01
5.565395078236510251e-01
5.530583342788023549e-01
5.463770415632003274e-01
5.493338695085017154e-01
5.462588402452275282e-01
5.532261635616814166e-01
5.546338948087665699e-01
5.520057172724537331e-01
5.584409431248007483e-01
5.351598861840312082e-01
5.489240839663815930e-01
5.460919865025037900e-01
5.505928881173007827e-01
5.387845586202091308e-01
5.521994027707692876e-01
5.484013466355426303e-01
5.589700358912408351e-01
5.501572401282615044e-01
5.557686840586751886e-01
5.500631900763657267e-01
5.410489933048594491e-01
5.587079995724451020e-01
5.596487739035720388e-01
5.575950711344401789e-01
5.638370889701506128e-01
5.622962236559955196e-01
5.596756326610812238e-01
5.502845111624068419e-01
5.633058439010738550e-01
5.602042039271151186e-01
5.638283831430619397e-01
5.885318559370417146e-01
5.900159979262143972e-01
6.076573508511392552e-01
6.543709191097434319e-01
6.990627689001224221e-01
7.580992324575200891e-01
8.935187930650030363e-01
1.081175471669445720e+00
1.306575675771969314e+00
1.371141366342872203e+00
1.275264928040666490e+00
9.602699495633970628e-01
9.198786606428814849e-01
9.116621175531717247e-01
1.016778081672927714e+00
1.040206497640069561e+00
1.091080109825822486e+00
1.027651004431471060e+00
1.070473453746144443e+00
1.145904926335349794e+00
1.132394571030197028e+00
7.986416795361183096e-01
8.188191174571363140e-01
8.425058341347582136e-01
8.475978071339114184e-01
8.673751043984844200e-01
9.100904381578066582e-01
9.539648041935007150e-01
1.020770696671317923e+00
1.126153820197956179e+00
1.098135737611250606e+00
1.210274088154804417e+00
1.253502520986224944e+00
1.370488145430717175e+00
1.447972161938549940e+00
1.448193881559034057e+00
1.458571251328797613e+00
1.508193859897503541e+00
1.501615040961651992e+00
1.477420952039662838e+00
1.490285215848446310e+00
1.490902063358617191e+00
1.526332328839501207e+00
1.529026716340906367e+00
1.536825577016981415e+00
1.528909186540627463e+00
1.492576770987199763e+00
1.526755519817420303e+00
1.526263527145326204e+00
1.533319732340547858e+00
1.546695409151023659e+00
1.535255563146037838e+00
1.526788291566724132e+00
1.550860387411902463e+00
1.531491038766921609e+00
1.559987844172811666e+00
1.526777778821998055e+00
1.532590235822839819e+00
1.555962849086774069e+00
1.534930656374738023e+00
1.535042672621000914e+00
1.544296918273916353e+00
1.519966873544208452e+00
1.509243305547171676e+00
1.524450843023732460e+00
1.495988799767283384e+00
1.515121907262859446e+00
1.529351479538199277e+00
1.532535313621133044e+00
1.470774323624129298e+00
1.485102756767026744e+00
1.493744704442623306e+00
1.494080012632779342e+00
1.498608971117951993e+00
1.484536166888807740e+00
1.511957552132637828e+00
1.492081128239473031e+00
1.505955282187877220e+00
1.501460021230718977e+00
1.500733508501291613e+00
1.491859266360007208e+00
1.499608254879871927e+00
1.477682453933778950e+00
1.464565027144044906e+00
1.478022776489475776e+00
1.481632225765234345e+00
1.458702519116041207e+00
1.459454072304579464e+00
1.472600740964879362e+00
1.468668086247208793e+00
1.455790424626593804e+00
1.446880634263503884e+00
1.414832543695059730e+00
1.408494333832845502e+00
1.406897859632471937e+00
1.370622582175326176e+00
1.362949008422403185e+00
1.352100786365135088e+00
1.345586028630298747e+00
1.321400019588431229e+00
1.300059214333468827e+00
1.270482692603521091e+00
1.272540273597905891e+00
1.219622050134820057e+00
1.204404496807047753e+00
1.155985489846895531e+00
1.107889298460822403e+00
1.058855949497989890e+00
1.020164576835607351e+00
9.728663206325995905e-01
9.281838205270525055e-01
9.009444497760275006e-01
8.623035284029372249e-01
8.312106019991229999e-01
7.982644770045104199e-01
7.687587314001731453e-01
7.466583808871767314e-01
7.240557067552467752e-01
7.076800199733235264e-01
6.777654615313457587e-01
6.647054825927802835e-01
6.494669990039678709e-01
6.410810761640822752e-01
6.152854996138205079e-01
5.922041074087777135e-01
5.932458481460000099e-01
5.923283331728125267e-01
5.689191841790417481e-01
5.766744602043232248e-01
5.825473510662007026e-01
5.933713427189578615e-01
6.029955898092510536e-01
7.533953791265348698e-01
1.274562281282625609e+00
1.203015198049192769e+00
1.128775613260335708e+00
1.059272452777128004e+00
1.042732420247658887e+00
9.817810405004645524e-01
9.409593674757440462e-01
8.820686290489365700e-01
8.462440387617817805e-01
7.821367615821541719e-01
7.677568503194435179e-01
7.355812122823686128e-01
7.568025782839049587e-01
7.694843066296889189e-01
7.580830047804064664e-01
7.622510948260270425e-01
7.394740497727245732e-01
7.156836910322155187e-01
6.836316027160646014e-01
6.733193879500102286e-01
6.542563975490602868e-01
6.339378376896372957e-01
6.256148577764391039e-01
6.251955776298890877e-01
6.094538589602790379e-01
6.006550387360637400e-01
5.943644886370461622e-01
6.037078123705155175e-01
5.925633198715163363e-01
5.987882230025296515e-01
5.978248988361175575e-01
5.931754030416701573e-01
6.265623406641144255e-01
6.237027533227619269e-01
6.243724795884492140e-01
6.403647962741184640e-01
6.342064847417733242e-01
6.378853788531057001e-01
6.344482706937460970e-01
6.120312236777191162e-01
6.165783370261167518e-01
5.993764098540202978e-01
5.926780387104655379e-01
6.018139310464438729e-01
6.022133245437059079e-01
5.816682330227714859e-01
5.836592972428192860e-01
5.855493560558574506e-01
5.939310850545275189e-01
5.730758318509204807e-01
5.792686204492244473e-01
5.809755437343682161e-01
5.856349695717335546e-01
5.742677129324583740e-01
5.772326964913094827e-01
5.874091986803446908e-01
5.740303528557674229e-01
5.857668360443528677e-01
6.016666668525150197e-01
6.116870696451155442e-01
6.183533266570772069e-01
6.220592569404750360e-01
6.302252859469934521e-01
6.388358803266548369e-01
6.244734060591852209e-01
6.162380937741279707e-01
6.223177342262973255e-01
6.235600759513105773e-01
6.273578654450086001e-01
6.226482145141027935e-01
6.281169795119839749e-01
6.430687875522455021e-01
6.568411404247620489e-01
6.570973530626489367e-01
6.772590222424362816e-01
6.841239893520242310e-01
7.012670659574895549e-01
7.043249368312591852e-01
7.132950814836721554e-01
6.974187979814489013e-01
7.092755551551173099e-01
7.058507163295980602e-01
7.186642289152724850e-01
7.120801981382564039e-01
7.141223081494427749e-01
7.042445842965459057e-01
7.008836308621354538e-01
6.963898058859213647e-01
6.744602961506374061e-01
6.792793737913960239e-01
6.605232135185811204e-01
6.604547608269382142e-01
6.584851697738767218e-01
6.536293861271117445e-01
6.596420093821224739e-01
6.549202831868043972e-01
6.398136702366419293e-01
6.544361226463809578e-01
6.340741432813301603e-01
6.490456331405335400e-01
6.529346539683467121e-01
6.693514560131959001e-01
7.016603922935739091e-01
7.280939880850796353e-01
7.529910013056846374e-01
7.729308999455736240e-01
7.863315229460795530e-01
8.029051548498085111e-01
8.207255913425998139e-01
8.305547461280795574e-01
8.686749864862451931e-01
9.061107523812169662e-01
9.171650678369753784e-01
9.254520561219161667e-01
9.628411108454975054e-01
1.022954718615741943e+00
1.038149098185780383e+00
1.092009592490273961e+00
1.114617514135640697e+00
1.137746386057854941e+00
1.161904384781620392e+00
1.194469221926029556e+00
1.210144183680431640e+00
7.338363442770261535e-01
1.302134817207140083e+00
6.224265207362198460e-01
5.861466356252563736e-01
7.515127482460842723e-01
6.279280888290434959e-01
5.991909359208793528e-01
6.085865866374580158e-01
5.702990863416195211e-01
5.871040412903870687e-01
6.124446674535545254e-01
6.017203217580071595e-01
5.702383501089507423e-01
5.718554661172563502e-01
5.749959750110996692e-01
5.587941664408877518e-01
5.661660893640484415e-01
5.674831882431933261e-01
5.635573859300853083e-01
5.644118340529196143e-01
5.678217676368544353e-01
5.650235286315042904e-01
5.637003292182727332e-01
5.793230748362649951e-01
5.561688661936414757e-01
5.586956140624530498e-01
5.538070195601698664e-01
5.543221440707764014e-01
5.470110011468025668e-01
5.604031444940295037e-01
5.549248269068134398e-01
5.734194891775736824e-01
5.768082766368962666e-01
5.545376081783915945e-01
5.582604015554175625e-01
5.498050909758440685e-01
5.674655371043145768e-01
5.551434940592391287e-01
5.569025617472902479e-01
5.707817261731606973e-01
5.607111654294920644e-01
5.609706110095870057e-01
5.601639075046077609e-01
5.690451611966249601e-01
5.652864564909340084e-01
5.670030855994244723e-01
5.618859036425999376e-01
5.628958062971932685e-01
5.605354070529646737e-01
5.564039758570609173e-01
5.701720546218396191e-01
5.708181790255327792e-01
5.622252414216291072e-01
5.588801229427672324e-01
5.631817702483042920e-01
5.632989305264811675e-01
5.683604189700407483e-01
5.649507882181862284e-01
5.578126475988139932e-01
5.542450667841946066e-01
5.543086897020408355e-01
5.602958896887271223e-01
5.634867112633027419e-01
5.815765696340244872e-01
5.585412644387921510e-01
5.585067642425928236e-01
5.549770220016166933e-01
5.523203482192267089e-01
5.521573289128655082e-01
5.510457615978758827e-01
5.646033773683152290e-01
5.686951396567568873e-01
5.670330672311832965e-01
5.641882556281039296e-01
5.677028777209180976e-01
5.692555260197504907e-01
5.754537728592273860e-01
5.935411780295742901e-01
5.761286058022607737e-01
6.376171127175812581e-01
6.113079010318117623e-01
6.353090592397881986e-01
1.218345042685547774e+00
6.417552513620865540e-01
6.350673777546701482e-01
6.879714482106985551e-01
6.298171927010142168e-01
1.075583390317317756e+00
1.050439984140447480e+00
1.045216928850453142e+00
9.424014229158071965e-01
9.841119978813798186e-01
9.341996758442659976e-01
9.324982707050645248e-01
9.122336021031175468e-01
9.088994696198244849e-01
8.689523784463419886e-01
8.484948456071874645e-01
8.432259432892029727e-01
8.090347338464616289e-01
8.058500417364499180e-01
7.805415433908368117e-01
7.936676288796766787e-01
7.866653384924211512e-01
7.872904033161485238e-01
7.545173859285616569e-01
7.763740411934488828e-01
7.543084434230519220e-01
7.552663918198787574e-01
7.666745254350707528e-01
7.555224332413421617e-01
7.548522657756413512e-01
7.500216604292195832e-01
7.382942720063153663e-01
7.371833716965073835e-01
7.630073851536282037e-01
7.321086248262981266e-01
7.315013712298648052e-01
7.526246154696512036e-01
7.205542362732901829e-01
7.113680158539027465e-01
7.049879765246278573e-01
6.791084108543019582e-01
6.596975865266777594e-01
6.573574740281425965e-01
6.761594627402270907e-01
6.783089881660929743e-01
6.882287170659959763e-01
6.824185185748183891e-01
6.988015710046495688e-01
7.023921167007159960e-01
6.967160136545352822e-01
6.897521171785954142e-01
6.749535138832543080e-01
6.705028968822109858e-01
6.634423965227749243e-01
6.548766160428619587e-01
6.345259872396813439e-01
6.292317356966226072e-01
6.463512230371977196e-01
6.591630777991280832e-01
6.632291124376709091e-01
6.751548050153935998e-01
6.806950517676590984e-01
6.680855002234118434e-01
6.527466594437647540e-01
6.408397754840520211e-01
6.308821577796158708e-01
6.233100319344321294e-01
6.391906754488910769e-01
6.248912362222948103e-01
6.054045582705893658e-01
6.151161064905125153e-01
6.123156373192809587e-01
6.068269531033025910e-01
6.100531847949097752e-01
6.075749824709960611e-01
6.118495201751530388e-01
6.033046141577703692e-01
6.098936407123056735e-01
5.994832847937913156e-01
6.038306184570267909e-01
5.987651492609875614e-01
6.022344084456666691e-01
6.101888290380971247e-01
6.065343956856210639e-01
6.032701862424444395e-01
6.001057634455999601e-01
6.155954298940565783e-01
6.400095703486415877e-01
6.705018051803381951e-01
6.895050560547099083e-01
6.844853766193362832e-01
7.088695755972211909e-01
7.106939923552219041e-01
7.281948074622855982e-01
7.203603455208873463e-01
7.347052465803552979e-01
7.356525420926988135e-01
7.640974637794216706e-01
7.604290365239333438e-01
7.615113840468572537e-01
7.787463529512080873e-01
7.833648906997437988e-01
8.034586807510968320e-01
7.991510515613380328e-01
8.136550727749412015e-01
8.493164936401912390e-01
9.043088277196906777e-01
9.392046945102311417e-01
9.994712049497265216e-01
1.051369735818218798e+00
1.075789917358737524e+00
7.294196432296349286e-01
7.315004758274480379e-01
1.225949705711744553e+00
6.599541932304276992e-01
6.148708332493204587e-01
5.988523354349306604e-01
5.795629548012986021e-01
5.898832139569755162e-01
5.876119010829389255e-01
5.719717542762130513e-01
5.766899495328891012e-01
5.975225319376011868e-01
6.032418073736729447e-01
6.016310114182198410e-01
6.266021730955773084e-01
6.295799110400762677e-01
6.387423981058722999e-01
6.520037768124939959e-01
6.656233353531513242e-01
6.824382312468619816e-01
6.996352096834537182e-01
7.137733238282535364e-01
7.360958094637298776e-01
7.576595247676367606e-01
7.829668964153525534e-01
8.046777682788064379e-01
8.283460863466514112e-01
8.675497303331614063e-01
9.041709680039486940e-01
9.305116968743917250e-01
9.724162896137997780e-01
1.028804651132167125e+00
1.060152351314285202e+00
1.112352024087977620e+00
1.149664890898244973e+00
1.203503614966372703e+00
1.253959809210424936e+00
1.277732567998042912e+00
1.321956737134631910e+00
1.356189405614186327e+00
1.381386305446818508e+00
1.387451110688787015e+00
1.413252720719818889e+00
1.439628810368203338e+00
1.433619442648035092e+00
1.468890646007779077e+00
1.482488461342991837e+00
1.483027480867941783e+00
1.500125586429972291e+00
1.480811649183292777e+00
1.499624806368174523e+00
1.497291850350676690e+00
1.505153818452372727e+00
1.515754907029073451e+00
1.509467903066535888e+00
1.501163585512326426e+00
1.488128344502065881e+00
1.477571820122010271e+00
1.495986608726026068e+00
1.489051137066350172e+00
1.476925673189101840e+00
1.510431662696826827e+00
1.491536095991086164e+00
1.478150279428426916e+00
1.496629207708319198e+00
1.495754639774576900e+00
1.511939492179550371e+00
1.504602501838852913e+00
1.463688619364718502e+00
1.500131541004606994e+00
1.500968049472513499e+00
1.465853079559880978e+00
1.486721350230967520e+00
1.476734106720282824e+00
1.483315101724627771e+00
1.461613743332477178e+00
1.482421498844123553e+00
1.474101758427118991e+00
1.459044974686545704e+00
1.461815463089098710e+00
1.464491207073514323e+00
1.462192785973631892e+00
1.469027229335540863e+00
1.448916380953037431e+00
1.472779693440533721e+00
1.426492447384323015e+00
1.428681893788009694e+00
1.423748617002054129e+00
1.428038069215309180e+00
1.401945480492337248e+00
1.401325369613551253e+00
1.379347860877893739e+00
1.374895316437279469e+00
1.371890508089929739e+00
1.368924795764054236e+00
1.331357307088826047e+00
1.298948531807956774e+00
1.288493328045999142e+00
1.277595611105679430e+00
1.281998594209865949e+00
1.265100656757742081e+00
1.236887754459013777e+00
1.209791153434356614e+00
1.187097549632196491e+00
1.159531598081205761e+00
1.136527471912945231e+00
1.121596840548512164e+00
1.109575772293891482e+00
1.080882983963991961e+00
1.053772162372544674e+00
1.040633794631962150e+00
1.009685458167195460e+00
1.007818870140836154e+00
9.745791708045301593e-01
9.515590914024447677e-01
9.241980918803812672e-01
9.091563374898492533e-01
8.803611175552809032e-01
8.592467941342777360e-01
8.480750775710900191e-01
8.258373908375556960e-01
8.077549350768710168e-01
7.776363343221621705e-01
7.708160448890426508e-01
7.492217309503359512e-01
7.249972732448525248e-01
7.126691375666891481e-01
6.991865517350482895e-01
6.899908710109809995e-01
6.799672301536892061e-01
6.634409444548132750e-01
6.529934151875226300e-01
6.400268270444443575e-01
6.287234415453183400e-01
6.161878704177180532e-01
6.002082617575726919e-01
6.075001219699477373e-01
5.829509448206603439e-01
5.725753535564637176e-01
5.647809591281757191e-01
5.680160387505226449e-01
5.703336942697257994e-01
5.654426695804706249e-01
5.865327119558014779e-01
7.253418404283635823e-01
7.130528562306601703e-01
1.331863346184483099e+00
1.289159930869407278e+00
1.211393399626875977e+00
1.183175742213230519e+00
1.125766278817039501e+00
1.091150729456405344e+00
1.032869467175426603e+00
9.571838167215642734e-01
9.375563435866963724e-01
8.877268595310763288e-01
8.831718957907349621e-01
8.502172438269853805e-01
8.482502253673900316e-01
8.106684938013156705e-01
8.172422178130553938e-01
8.060351048173056698e-01
7.928111945542904992e-01
7.724818189246660527e-01
7.827447090121671947e-01
7.730790701386873742e-01
7.804237623952207104e-01
7.628107613994291603e-01
7.876577303205876124e-01
7.613381862159412927e-01
7.547409857679001632e-01
7.507051012480914221e-01
7.372083501167943087e-01
7.402991677574811691e-01
7.392792061216473254e-01
7.442688124989609300e-01
7.503674830664937012e-01
7.491190444711165464e-01
7.488278617288676164e-01
7.548310113840140945e-01
7.596640075973812856e-01
7.747398834267943402e-01
7.838135544885639350e-01
7.780933760081342188e-01
7.890052500915198941e-01
7.706779454439357524e-01
7.743264219827254990e-01
8.095391961658423563e-01
8.019077388486005598e-01
8.230776704176399061e-01
8.099157934493509403e-01
8.374105012794356151e-01
8.558029754632934250e-01
8.790976545106100604e-01
8.537138888459432362e-01
8.796954518809443346e-01
8.848316408591055948e-01
9.130737459839953774e-01
9.181113151770513570e-01
9.577328323247198405e-01
9.669041233505039079e-01
9.530073379486835305e-01
9.996921286048229272e-01
7.035326839775810637e-01
9.777323775690561769e-01
1.029241848904021817e+00
1.049336926297927297e+00
1.076009963802197600e+00
1.091308377637717042e+00
7.225070675188247638e-01
6.086928016777932715e-01
5.873822973187392549e-01
6.063476997163761428e-01
5.884431155979725769e-01
5.803825020233209786e-01
5.754383812314753932e-01
5.944768211791239265e-01
5.950241028294488421e-01
5.692337815789616506e-01
5.708837029920250661e-01
5.620412393168712217e-01
5.706127683636030845e-01
5.605133124773982178e-01
5.566813567397901341e-01
5.613575424284259485e-01
5.617884580693812691e-01
5.630380002377014526e-01
5.807023212301740678e-01
5.770508104307917607e-01
5.786141192598279748e-01
6.003745104140475464e-01
5.982326405228687305e-01
6.098636814069484657e-01
6.091996460592298268e-01
6.253043926649323181e-01
6.350085178810056519e-01
6.453195800881084132e-01
6.427828638059546185e-01
6.561853750509275551e-01
6.555441452748969056e-01
6.635453786054074099e-01
6.750240622193131035e-01
6.711136475095866860e-01
6.871684182576025535e-01
6.938155037655172608e-01
6.952990640564454816e-01
7.083875410319565580e-01
7.083971247490704615e-01
7.132123516731785351e-01
7.210967184317736978e-01
7.252844794919269811e-01
7.331140266939137895e-01
7.376123336730150415e-01
7.500242303046155135e-01
7.342878543846298456e-01
7.362437605174193544e-01
7.479765618280664885e-01
7.555386610060750296e-01
7.591614105480174457e-01
7.636798693098806323e-01
7.612810045959436112e-01
7.685769813722846955e-01
7.672929576766722715e-01
7.549762590878820179e-01
7.685223434434956813e-01
7.571837146228396209e-01
7.797757812041274939e-01
7.816394812439941830e-01
7.559322586899847041e-01
7.751679389729915215e-01
7.589988016034698859e-01
7.567408431170655758e-01
7.538129665752067998e-01
7.411743566689424911e-01
7.505906856616124667e-01
7.454128848960024367e-01
7.483413812603970650e-01
7.349095291122693663e-01
7.206734205184264219e-01
7.099707452496349935e-01
7.188554110844898037e-01
7.179480520384656783e-01
7.130027349963762306e-01
7.149622867899154688e-01
7.014069311898198933e-01
6.905211722112197803e-01
6.928443644290532832e-01
6.814335179361470374e-01
6.631655257417440330e-01
6.689414584142265863e-01
6.603420774087345180e-01
6.619338692596454798e-01
6.635450206942310469e-01
6.413232811674824951e-01
6.404382327357139859e-01
6.344498130225035837e-01
6.284861758967027479e-01
6.155986357557702293e-01
6.004837850018264200e-01
6.030993874099722651e-01
5.949981911342346885e-01
5.935060303089763067e-01
5.879997885525359846e-01
5.784856722589735156e-01
5.701255184053385383e-01
5.726894933502579832e-01
5.603068217106439430e-01
5.615295189666591469e-01
5.637310899536358555e-01
5.719958436387797551e-01
5.702179937976917801e-01
5.751556535701969342e-01
5.712353212180860673e-01
5.753603988372268940e-01
5.768847319661484230e-01
5.811558902403513027e-01
6.169601863293843191e-01
7.302859125809615382e-01
5.845245244090989667e-01
1.054510726155551081e+00
1.031957644087492465e+00
9.721682602863538358e-01
9.317601083531018569e-01
8.879387892940451277e-01
8.131340506015110048e-01
8.083617430473883925e-01
7.922223459711689175e-01
7.856815230983662524e-01
7.859083279215030027e-01
7.804385227170710371e-01
7.977369335135187089e-01
7.970501951681979724e-01
8.006122418299932431e-01
7.932602375843091913e-01
7.729624256713031327e-01
7.737398283101483143e-01
7.655771067293811738e-01
7.816504356541380538e-01
7.635817836838523220e-01
7.712886302467114596e-01
7.485646112290977872e-01
7.672841731940788224e-01
7.705160639997504779e-01
7.281964011101013101e-01
7.619169868863211459e-01
7.107369924163138286e-01
7.099279539962340957e-01
7.062891489749852925e-01
7.307116241867348538e-01
7.376998263793376198e-01
7.398747023271030621e-01
7.328978182626652016e-01
7.405864031667077629e-01
7.375509048709651960e-01
7.518004617622663366e-01
7.429806275209887012e-01
7.692532855001229519e-01
7.643222627318809748e-01
7.377202967458169613e-01
7.245911574498409280e-01
7.231820114812848033e-01
7.167636942185939830e-01
7.167276473023673766e-01
6.992717092310662963e-01
7.097842011891705161e-01
6.991652335185298828e-01
7.060065544277530636e-01
7.027574774500949806e-01
6.918383925564811632e-01
6.947350229712542236e-01
7.050843191110351960e-01
7.125071335379772330e-01
7.025329228924570568e-01
7.103308577735518714e-01
7.035283950228694572e-01
7.080773710193000170e-01
7.165482859720249120e-01
7.214710817653151587e-01
7.165128456471071550e-01
7.231328412178432696e-01
7.206933207192646185e-01
7.481452236256658228e-01
7.406383292869318513e-01
7.652175655224650042e-01
7.724124713074020931e-01
7.764628571623556352e-01
7.804563749832916786e-01
8.305536716313842716e-01
8.199828265804465222e-01
8.353138970869746771e-01
8.601132759048760734e-01
8.846531840960106807e-01
8.965920800654518796e-01
9.362622228513525213e-01
9.293405708172202129e-01
1.001476412535220017e+00
1.016717903999374784e+00
1.084333641377013713e+00
7.397487045281821993e-01
1.118032181031857197e+00
7.424634555745091014e-01
6.562709763724843270e-01
1.171454674426442244e+00
6.625613961557822451e-01
6.063869179730325687e-01
6.278477789479117721e-01
6.083206030476157045e-01
6.297774681664115581e-01
5.994335655073110836e-01
5.885686443317694749e-01
5.827137905507834281e-01
5.909973801538505045e-01
5.987840551710305048e-01
5.861321789748289435e-01
5.890977697627365339e-01
6.058531085993494880e-01
6.070384372198849299e-01
6.126823195532691280e-01
6.002100670943490979e-01
6.017249115414836647e-01
6.203176847473661493e-01
6.148179695225952646e-01
6.329720411201530395e-01
6.209354086404434980e-01
6.353348028051247764e-01
6.429036065943003475e-01
6.528095678501150134e-01
6.552760254134563089e-01
6.513981613864940901e-01
6.748170692013383265e-01
6.533690959016065225e-01
6.723323374545152609e-01
6.828517336284949391e-01
6.837596817570756880e-01
6.836733163304137273e-01
6.845440214586897554e-01
6.899875612900743249e-01
7.026619888550975634e-01
7.022882137717860740e-01
7.143851291473310994e-01
7.072663212078671435e-01
7.157120510951267001e-01
7.304312824170288154e-01
7.223439813500022177e-01
7.289018087931347090e-01
7.330791704086340177e-01
7.330753319562713921e-01
7.567520320565451764e-01
7.581302889922187926e-01
7.656908463126340658e-01
7.632275936395659377e-01
7.801712652581330731e-01
7.884379025569538957e-01
7.884978715119719261e-01
8.037237074853924579e-01
8.060872791348155930e-01
8.088926968336302981e-01
8.198004362536702727e-01
8.122479417115068268e-01
8.327811693761457690e-01
8.446168275959732297e-01
8.492608356427276961e-01
8.479916913627666419e-01
8.809299819008843402e-01
8.718490113574088873e-01
8.830683417380557065e-01
8.932228908856392202e-01
9.047948864820721804e-01
9.122063945119028849e-01
9.233310302451978036e-01
9.417391778143807679e-01
9.425843116889283113e-01
9.575615593930851821e-01
9.698904852076062344e-01
9.811074063626517017e-01
9.953817141043963534e-01
1.003409482038170708e+00
1.026634198175220947e+00
1.022628777841893211e+00
1.045429738900790939e+00
1.066587814989659044e+00
1.079260718227107674e+00
1.075585562999797684e+00
1.078354574782108166e+00
1.104185342402877801e+00
1.103128179001132469e+00
1.122864024850129372e+00
1.115289531977171178e+00
1.131681713124512267e+00
1.145170270255417178e+00
1.144977540430616614e+00
1.173409197522886416e+00
1.176436470926109257e+00
1.167844038758446557e+00
1.187129998194508707e+00
1.200760162331039549e+00
1.220201302549593469e+00
1.220360308811120564e+00
1.226078305621469244e+00
1.234283435546393859e+00
1.231783119631277845e+00
1.238858032248499663e+00
1.246915460130457953e+00
1.266956400759106982e+00
1.287057425445715664e+00
1.268659232186835517e+00
1.288932204946023674e+00
1.283024952950536868e+00
1.286189157565014618e+00
1.289621037473126286e+00
1.290470078846443158e+00
1.296010260067023800e+00
1.302292975994195467e+00
1.296874102134173201e+00
1.291561689310619876e+00
1.295117309732505939e+00
1.289478532607583938e+00
1.289392408966814729e+00
1.306671902306169919e+00
1.306330649103973451e+00
1.302750071637549967e+00
1.294490314917676965e+00
1.281055781574860664e+00
1.284461558259739178e+00
1.287680029433880602e+00
1.297740234138758719e+00
1.293997089650962717e+00
1.290516528863161483e+00
1.262316147483467210e+00
1.257230592513158829e+00
1.253674478188352870e+00
1.239910593787103110e+00
1.233826378501160281e+00
1.244732243292737017e+00
1.237206012281951262e+00
1.243763692765064155e+00
1.240388920860208799e+00
1.213286491615223284e+00
1.195565402091059548e+00
1.184427914417022887e+00
1.180474288057782539e+00
1.169246095277380215e+00
1.168266940178589897e+00
1.138896119412314611e+00
1.127889620157896955e+00
1.134964879041876484e+00
1.120757052092284045e+00
1.104069169970043562e+00
1.095574571713386902e+00
1.091231424335161737e+00
1.057815911836484934e+00
1.042671002076167142e+00
1.050232978325262190e+00
1.028182349333611079e+00
1.018376553365572645e+00
9.959119329453931524e-01
9.859613625168153206e-01
9.658661949416287307e-01
9.605125482222043320e-01
9.412202673266042430e-01
9.333042319256340535e-01
9.017735929224497404e-01
9.101527544956504734e-01
8.667640132625037408e-01
8.634721599685215576e-01
8.596100013559314634e-01
8.386924196605365367e-01
8.362759587243950854e-01
8.287496465418494607e-01
8.029601073058917349e-01
7.787741183987528792e-01
7.661379203686686790e-01
7.697464189961108483e-01
7.625699900494443684e-01
7.348210462254698427e-01
7.414444561366023700e-01
7.231326207824597674e-01
7.137007412517311078e-01
6.968225413147981495e-01
6.965203734209001185e-01
6.790200984142966689e-01
6.763092404918913392e-01
6.739988158430360032e-01
6.660503572932212624e-01
6.579124382371137614e-01
6.483740784548157610e-01
6.444349360581210773e-01
6.275936583855881157e-01
6.372067130784085931e-01
6.211396676862677158e-01
6.066891375847992540e-01
6.017177146346416317e-01
5.893314294906099038e-01
5.821397284879679113e-01
5.814180765666896455e-01
5.748977705635975877e-01
5.766386478067692112e-01
5.734380181521701036e-01
5.778434253164810297e-01
5.625421900107661077e-01
5.681706856983088638e-01
5.732090721858520421e-01
5.746609913447983109e-01
5.761734640703476407e-01
7.291247516916935512e-01
6.185422278325266587e-01
6.405566693638342635e-01
1.312359115386296571e+00
1.233952322051738770e+00
7.029961350740380199e-01
1.183451513363191099e+00
7.306286058141013839e-01
1.153237316475585139e+00
1.076418899350603642e+00
1.035707269030193833e+00
1.010643871699268059e+00
9.668528762099444229e-01
9.173934802532001109e-01
8.857825387113034132e-01
8.365543321929476139e-01
8.450055397262805634e-01
8.209893202127105383e-01
8.470352566456563759e-01
8.490742640328873270e-01
8.661489951157028688e-01
8.570904576854924128e-01
8.616249712116359483e-01
8.532013118572512322e-01
8.668070238602532118e-01
8.309011470942021527e-01
8.510095178824594875e-01
8.540916895668705378e-01
8.475180946475685539e-01
8.535736145112778894e-01
8.405772222589287246e-01
8.898190029236685561e-01
8.509799979930381397e-01
8.829484277654313651e-01
9.079567629355367320e-01
8.959483342634807501e-01
8.594671841210239638e-01
8.580126639592996485e-01
8.772177932296753022e-01
8.813505081469850122e-01
9.181357875037498006e-01
9.051382022034288877e-01
9.153087649544801030e-01
9.435300906388783826e-01
9.349053273525211871e-01
9.352313692442193460e-01
9.390108687753087047e-01
9.511320255267875501e-01
9.932881627781345868e-01
1.002202164845673149e+00
1.048469188253463580e+00
1.070878544937224008e+00
1.089697308566374367e+00
1.097848097468396844e+00
1.124918377040655448e+00
7.432862622074392078e-01
6.535849934855108012e-01
6.353210969379854411e-01
5.995743271009198461e-01
5.723538764157999337e-01
5.693405460564473497e-01
5.767004459989143461e-01
5.871136605545212994e-01
5.672639837668211893e-01
5.772790214457479419e-01
5.715654461991820368e-01
5.768272565710963473e-01
5.558735920877042602e-01
5.660525015532602566e-01
5.542121167432603190e-01
5.545170747577831127e-01
5.645325832284431300e-01
5.620152319077312830e-01
5.552345858055889316e-01
5.690246412078913130e-01
5.814669551404124670e-01
5.771695109061648621e-01
5.716885517435333908e-01
5.930408526922124057e-01
5.980169504391360524e-01
6.125470476438713563e-01
6.220871449856424373e-01
6.358850609181054825e-01
6.395155854753856728e-01
6.422954985701063713e-01
6.417692578735331166e-01
6.470102141393081485e-01
6.506640774596956778e-01
6.745896627661488454e-01
6.690450457913946769e-01
6.805842629892068230e-01
6.800251466192142047e-01
6.972680711233508744e-01
7.029775142173715352e-01
7.221332414485313045e-01
7.134269921403972869e-01
7.260871024235625582e-01
7.349373071137418334e-01
7.557109750705111040e-01
7.443043137097076212e-01
7.622540887697760725e-01
7.769147458790808258e-01
7.788189238380632817e-01
8.058399526427261206e-01
7.990001896975210682e-01
8.033317720484697277e-01
8.127949683534776426e-01
8.273982250888080037e-01
8.452821400986424427e-01
8.403760098324045691e-01
8.520178824899790060e-01
8.677420561566150381e-01
8.757016856487891410e-01
8.610072869641214321e-01
8.708844588719102386e-01
8.763905398811295822e-01
8.833278900201851913e-01
8.870327159326646393e-01
8.934215912462732945e-01
8.893098074275668230e-01
8.968035068937516563e-01
8.997901949377102859e-01
8.990657457649142703e-01
8.935697053326449035e-01
8.875022254437294755e-01
8.773480301474793075e-01
8.732282140684575200e-01
8.622638436864129563e-01
8.656550203932249499e-01
8.634400362624992109e-01
8.585694159359620325e-01
8.537993361201809961e-01
8.474956383250504821e-01
8.305056880791915619e-01
8.324375865682798192e-01
8.027694379297910521e-01
8.044069531028812392e-01
8.049206987422246051e-01
7.967500558332539784e-01
7.767900756459292788e-01
7.917882475021139621e-01
7.726576632258229660e-01
7.630234009737359990e-01
7.590878155111654424e-01
7.487432499018557008e-01
7.262605001358333201e-01
7.253401494114120052e-01
7.120790596066778333e-01
7.284076278074689270e-01
7.057463961265156849e-01
6.865032670366610912e-01
6.959754064637342363e-01
6.716277984822677238e-01
6.785310987141831562e-01
6.636414549745468516e-01
6.596851710690211368e-01
6.634820538658486866e-01
6.542956562627021411e-01
6.427010265183764615e-01
6.395710061422578141e-01
6.307556921956106732e-01
6.172237032697863723e-01
6.262144839140566521e-01
6.285945523814000513e-01
5.991161281113120962e-01
5.964856988576037189e-01
5.863638346804805890e-01
5.769008119040555105e-01
5.802782714024109501e-01
5.577411317323938134e-01
5.634223433376212009e-01
5.546888615310388015e-01
5.582864171384007701e-01
5.571792480501482903e-01
5.496957239666804274e-01
5.610516435199385255e-01
5.569526489603212616e-01
5.648996622516426758e-01
5.748577792468919645e-01
5.635142527516423527e-01
5.739557413526317209e-01
5.651101187119726976e-01
7.156897311605529000e-01
7.189105074832566888e-01
6.247703791934403617e-01
7.474773356648087841e-01
1.132917877444275412e+00
1.071646899820235532e+00
1.019145762835572677e+00
1.008918637263952922e+00
1.000484633970268655e+00
9.817602007224741634e-01
9.584288166438350576e-01
9.054302146747588154e-01
9.041697431874663460e-01
8.925946260731990600e-01
8.598251845026294582e-01
8.608496807380632276e-01
8.806708198881595395e-01
8.546668720207345471e-01
8.230250973131654213e-01
8.233882410613830860e-01
7.944304966542319324e-01
8.267424227857732566e-01
8.097234234209350623e-01
8.000806104009066111e-01
7.919507730428528847e-01
7.851284436267950140e-01
7.812477404835411754e-01
7.641570113814292187e-01
7.989425956967969311e-01
7.948591488419926021e-01
7.822066755935220828e-01
7.856449820889589430e-01
7.537722371720891879e-01
7.546223978832879986e-01
7.451038667675382587e-01
7.382523021594907808e-01
7.298361903945203011e-01
7.451760158291307334e-01
7.392232580882454052e-01
7.393475646005215340e-01
7.279613756472490538e-01
7.181994945100385053e-01
7.227597844068365252e-01
7.265709717750411523e-01
7.397774746566898596e-01
7.324893197828389324e-01
7.566288833563196148e-01
7.644167673007825625e-01
7.638554162978863360e-01
7.631485929431740534e-01
7.471179999705597208e-01
7.872131953199099641e-01
7.950693076051715824e-01
7.978770303820867937e-01
8.296367209702640855e-01
8.110526308707295406e-01
8.203988529311956324e-01
8.497719519073045902e-01
9.136078788137510509e-01
9.103847953525450176e-01
9.303883502373448966e-01
9.336830951086955155e-01
1.019131163174688437e+00
7.184762968600881816e-01
1.086026421046879076e+00
7.060442477897256319e-01
1.123487138160471188e+00
1.168547846217075525e+00
1.207102941222262471e+00
5.978056957652937431e-01
5.899705819901559511e-01
6.591659083734151547e-01
5.765389931664076650e-01
5.754827057421902925e-01
5.801485846493520393e-01
5.680815130967920012e-01
5.712860974151348081e-01
5.835145705454815035e-01
5.800757099136130135e-01
5.817653018228787776e-01
5.922266641943624288e-01
5.935426129449985488e-01
5.933435668991079437e-01
6.018976844087499112e-01
6.160485902109756884e-01
6.291653395348996147e-01
6.377458470399278712e-01
6.499840804683096884e-01
6.501515016658039325e-01
6.565283076092688352e-01
6.685596619705714838e-01
6.768569222021338927e-01
6.919408574676310097e-01
7.000949098436638485e-01
7.012729686090957149e-01
7.094252641086401523e-01
7.255956575390565266e-01
7.449659864318659563e-01
7.420867648696299890e-01
7.705515271185259252e-01
7.699079577113221440e-01
7.955452316108388988e-01
8.076418129565662296e-01
8.207005345257261109e-01
8.328671645453999961e-01
8.589711203585943533e-01
8.814413161363716664e-01
8.852263867974901057e-01
9.120339261807802744e-01
9.277101797439578634e-01
9.296725479286789273e-01
9.769314780616904503e-01
9.838618867785320354e-01
9.987083047665331614e-01
1.007964190754597755e+00
1.032706506064439811e+00
1.050631135215698508e+00
1.071602791350523720e+00
1.086103532258381410e+00
1.089475354459608303e+00
1.114935471862727345e+00
1.127935984042296447e+00
1.125830300975518394e+00
1.118466380381609060e+00
1.140459210926926481e+00
1.159978634324628333e+00
1.162915075553079269e+00
1.164542219846803395e+00
1.166588706025809996e+00
1.179467472388837646e+00
1.193058152019378149e+00
1.177002678449015738e+00
1.177643466192453969e+00
1.172744189980000185e+00
1.192973386576597017e+00
1.197378796340201834e+00
1.206020444250491375e+00
1.203025304391956096e+00
1.193108972368866150e+00
1.201527469030285733e+00
1.207181486137911319e+00
1.214433626648246056e+00
1.199312206572866080e+00
1.204133802269554243e+00
1.205471102203077072e+00
1.208901431454861841e+00
1.214535827802281309e+00
1.205449928706402440e+00
1.217290030504956100e+00
1.183225179989133125e+00
1.189216268305751223e+00
1.201607243966561267e+00
1.203230804879986460e+00
1.187566429989026284e+00
1.201473385149267603e+00
1.202551711026589532e+00
1.213916736923247308e+00
1.207552660279271661e+00
1.198850411086823664e+00
1.194076936804080447e+00
1.196380050625789115e+00
1.191360694198914327e+00
1.200283068086781091e+00
1.190699423709028704e+00
1.194905014113013531e+00
1.203928010946222482e+00
1.186731279571316078e+00
1.183474782958017224e+00
1.183435595650070393e+00
1.186625831201973957e+00
1.179496792699586960e+00
1.179035202249003600e+00
1.174043970858432706e+00
1.160765628958058349e+00
1.174370414798070694e+00
1.160088013339294566e+00
1.159518484585936093e+00
1.144216985385718921e+00
1.147233662495599882e+00
1.150407947826643129e+00
1.150131440054704912e+00
1.153416770865396179e+00
1.148338522283810503e+00
1.118908277928863493e+00
1.122507107754191491e+00
1.129223029556275293e+00
1.116468091352582626e+00
1.110045129460743851e+00
1.112436239735343557e+00
1.101579469029069669e+00
1.093862243183969074e+00
1.093950138795511950e+00
1.079988121535913059e+00
1.095472887387670013e+00
1.073334264527922022e+00
1.071990803952656668e+00
1.048096025748116222e+00
1.048159722323642074e+00
1.043035536140783259e+00
1.030447523363600792e+00
1.022801661696016717e+00
1.027578966591642606e+00
1.011390362588810099e+00
1.001872805249558684e+00
9.970065201517653852e-01
9.790873609097927588e-01
9.906591963390042332e-01
9.611263454608124368e-01
9.564476957918276456e-01
9.532361383614457173e-01
9.279728552615384984e-01
9.634616513224320000e-01
9.309556344779773562e-01
9.197169331489727373e-01
9.164619001040363866e-01
8.836471986738806406e-01
8.970519007874144801e-01
8.883200804736924860e-01
8.624616272404389550e-01
8.710624866664937738e-01
8.680913026626047024e-01
8.712749137592017412e-01
8.468486500977847609e-01
8.280385428213642429e-01
8.394747785757397107e-01
8.269012750271572676e-01
8.056231770471984355e-01
7.995903436495714889e-01
7.954093806673204758e-01
7.862004938144219190e-01
7.794036556096515245e-01
7.769441156682284078e-01
7.515016479115721459e-01
7.582646511423105640e-01
7.477816696603187818e-01
7.464727424944282985e-01
