1.454809636633899944e-03
2.169852866439600080e-03
2.897736637199400164e-03
3.613777268651299866e-03
4.308749352126099719e-03
5.012174023780099734e-03
5.697799328485800112e-03
6.380767771464199677e-03
7.084274194797499959e-03
7.763243257067600246e-03
8.411173646549099936e-03
9.058084413785000288e-03
9.707186613508599418e-03
1.033453615009100046e-02
1.097829833215700074e-02
1.161124162610279939e-02
1.224073294690230032e-02
1.285512236677550067e-02
1.347413223869219946e-02
1.403827660618489973e-02
1.465155299144059974e-02
1.524392251635319981e-02
1.580827643366849999e-02
1.642951374990130053e-02
1.695166312101980058e-02
1.753125335956850009e-02
1.811150497527970124e-02
1.865690818199430140e-02
1.920757398047540088e-02
1.975823422230129842e-02
2.029779740051059975e-02
2.081554620321569848e-02
2.131638181470960069e-02
2.182226312662249867e-02
2.230891610796659902e-02
2.282082466743850027e-02
2.330907318868679842e-02
2.379494053078340041e-02
2.427540595043770066e-02
2.475512241238059935e-02
2.522507530816960053e-02
2.570850636877279952e-02
2.619033462797490039e-02
2.666705706947070098e-02
2.710808591325570074e-02
2.753193880790430134e-02
2.793830880072049883e-02
2.834238273742059958e-02
2.873646850321729881e-02
2.913271069933590085e-02
2.950906751833520109e-02
2.987523499218129944e-02
3.023879555962959848e-02
3.057803089735629948e-02
3.091775576937250136e-02
3.125590292718150032e-02
3.160944036576449762e-02
3.194321872912460336e-02
3.227814503108589889e-02
3.258818919157380201e-02
3.289951944916139764e-02
3.318029006996309899e-02
3.345977843311109812e-02
3.374852435840010323e-02
3.402827138729350165e-02
3.431296508993140343e-02
3.460728810655450127e-02
3.485901053988559734e-02
3.511529933293620204e-02
3.538121805044500134e-02
3.562204386605249962e-02
3.585368856618739719e-02
3.605538610967110036e-02
3.639276029590839817e-02
3.661317635011050037e-02
3.678371782436609672e-02
3.692924842726159895e-02
3.708168073667419962e-02
3.723948389193060260e-02
3.740915969294539983e-02
3.758175529884719840e-02
3.777656473061449804e-02
3.795309612797739818e-02
3.813600105442539745e-02
3.832094997909649831e-02
3.851556190622559828e-02
3.867992861903100238e-02
3.880956348656289939e-02
3.890026399662289969e-02
3.897378939866510267e-02
3.905064302021440253e-02
3.912420144740610256e-02
3.919332105236759956e-02
3.928514070075800335e-02
3.937579169794509781e-02
3.946202593593770014e-02
3.955105030746029759e-02
3.964361023826949715e-02
3.972679927031900343e-02
3.980098621460639863e-02
3.986831378799839815e-02
3.994206380593399996e-02
3.999424717414359898e-02
4.005773555657479723e-02
4.009261266671979712e-02
4.010813926253330164e-02
4.012675891872469897e-02
4.013081531886709963e-02
4.013292320463879986e-02
4.013529582351280101e-02
4.013834062948860165e-02
4.013898143256269813e-02
4.012183438957919734e-02
4.010247141598950044e-02
4.006271976123289974e-02
4.003426645966459696e-02
3.999850578867879952e-02
3.996249504384710022e-02
3.992700118416409732e-02
3.990291131682310172e-02
3.987438659515459699e-02
3.983522826383650156e-02
3.979166972320270085e-02
3.973817641750509999e-02
3.969157691194370036e-02
3.963966202313049664e-02
3.957564703379699844e-02
3.951356533008180266e-02
3.944407193693860031e-02
3.937818731558950097e-02
3.929165285392700185e-02
3.919798595900309685e-02
3.910592237018430117e-02
3.900248273208389849e-02
3.889373080694460277e-02
3.879150979276060202e-02
3.869318927909599914e-02
3.858059804658819925e-02
3.846577781107510252e-02
3.835671266783789723e-02
3.824263366596469815e-02
3.811790088866019721e-02
3.800753228186819904e-02
3.790210689622979662e-02
3.779197039553530008e-02
3.768217920835070095e-02
3.758133715109519823e-02
3.747834201060040032e-02
3.737809369575510049e-02
3.727316730860479738e-02
3.716009889210170059e-02
3.705097757414029663e-02
3.692914081571910256e-02
3.679570668889799862e-02
3.665710947493579924e-02
3.651692213346480198e-02
3.635853026740409888e-02
3.620111142120419762e-02
3.604325009315829942e-02
3.587167152236309803e-02
3.571193167446219674e-02
3.554503868231789765e-02
3.537333688338940157e-02
3.520186925024949842e-02
3.503376845378349674e-02
3.486133719218670324e-02
3.469059802060429909e-02
3.451973787062809912e-02
3.434582664017660214e-02
3.417817701938440089e-02
3.401068031815950021e-02
3.384245959999949982e-02
3.366342908832990061e-02
3.349629872939569736e-02
3.331804007779839982e-02
3.313716071365110233e-02
3.296308206566229970e-02
3.277307200049799779e-02
3.260151040902489750e-02
3.240326746170039962e-02
3.221926811638980287e-02
3.203241045036109985e-02
3.184674923350500064e-02
3.166093486057459938e-02
3.146678230270379822e-02
3.127787573722749792e-02
3.109031787117089857e-02
3.090988043216770162e-02
3.070522302193169975e-02
3.053705128552310077e-02
3.034042796016259841e-02
3.016731718203850138e-02
2.997576331754329970e-02
2.979702386230620101e-02
2.960405752976480107e-02
2.941428311962129838e-02
2.922276954041019836e-02
2.904027307722820139e-02
2.885332501452020013e-02
2.866031323570589900e-02
2.847704640395100004e-02
2.828692813750879886e-02
2.809680820248020017e-02
2.790569409683680072e-02
2.772280763619050167e-02
2.753039827830550124e-02
2.735091311078840029e-02
2.716972695635340093e-02
2.698021881399209967e-02
2.681306205198430090e-02
2.663451891035690036e-02
2.645818348013110125e-02
2.626651371722020165e-02
2.612098639652650142e-02
2.594818846194120107e-02
2.578558121010069912e-02
2.562826492139010093e-02
2.547295651423309854e-02
2.530659723738120162e-02
2.514589779944780001e-02
2.500733147116120103e-02
2.485595860156560033e-02
2.470818765558970009e-02
2.456660743520900150e-02
2.442220590831559873e-02
2.428118056457450116e-02
2.414731912365860114e-02
2.401066894264070051e-02
2.388604854715129996e-02
2.374056251384629862e-02
2.362240212782929991e-02
2.349454425208720096e-02
2.337390925863840063e-02
2.324855148928340123e-02
2.312895058443489860e-02
2.301124617373090028e-02
2.288573523983149921e-02
2.278485666848619959e-02
2.267741977166879905e-02
2.256545169337319939e-02
2.245858435517299884e-02
2.235881315146980020e-02
2.226200591691879921e-02
2.215970417196280046e-02
2.207017696258289918e-02
2.197395723234450010e-02
2.188380818306540077e-02
2.180179493749139982e-02
2.171537136297799903e-02
2.162867852546839983e-02
2.156159570918809998e-02
2.148449670327449990e-02
2.141941463778350083e-02
2.135187071762879862e-02
2.127508749550369865e-02
2.122595577034029971e-02
2.116455539981880116e-02
2.111231978967190170e-02
2.105607775542489915e-02
2.100518617608990168e-02
2.096201519429349847e-02
2.088766717626620167e-02
2.085045529237420162e-02
2.083750519935330045e-02
2.080311586319380165e-02
2.076967312079979963e-02
2.073841793903050124e-02
2.070038946506819882e-02
2.068049671018179839e-02
2.065514106131130165e-02
2.063229820841270060e-02
2.061657895187339953e-02
2.059867237393060019e-02
2.058455756243239912e-02
2.057212772603370099e-02
2.056377220840429829e-02
2.055501274571359949e-02
2.055526541974930094e-02
2.055328736035870116e-02
2.055254837773209942e-02
2.055542141214099922e-02
2.056441980463109831e-02
2.056876446902429836e-02
2.057989515539499978e-02
2.059194486964959978e-02
2.061248021201610159e-02
2.061866832243750003e-02
2.065140219990619849e-02
2.066768250133649981e-02
2.069952572579239827e-02
2.072763798689050002e-02
2.075908983550199885e-02
2.079277298330369991e-02
2.083141727929619866e-02
2.086806445219470049e-02
2.091036420291409945e-02
2.094943987618779965e-02
2.099622104751639948e-02
2.104732147994579916e-02
2.109706871563860053e-02
2.114265322936079855e-02
2.120499085433380157e-02
2.126382595949859872e-02
2.132064491642529994e-02
2.138202306275010026e-02
2.145033683955240023e-02
2.150355984899610107e-02
2.158212686561999938e-02
2.165243778677410080e-02
2.172606198815180134e-02
2.179905310451489900e-02
2.187053446346750099e-02
2.193491669797410087e-02
2.202468475286619917e-02
2.210117920365770039e-02
2.218170360144470013e-02
2.226052386377889991e-02
2.234364321734350067e-02
2.242757973853319944e-02
2.251172035084009898e-02
2.259734271443850084e-02
2.267510353325019948e-02
2.277694963061970002e-02
2.285424120450639876e-02
2.295851630053849859e-02
2.304134437530939994e-02
2.313677310028389861e-02
2.322434778293029981e-02
2.332037416024599838e-02
2.341345104300320001e-02
2.350636878731979934e-02
2.359761001713779963e-02
2.369572865628600047e-02
2.379250615579309863e-02
2.388514881546109983e-02
2.398347018936659858e-02
2.408080496950979962e-02
2.417728940393399847e-02
2.426816139179049925e-02
2.436784990495309902e-02
2.446184461111379840e-02
2.455826421026669967e-02
2.465733839939579855e-02
2.475712235165180089e-02
2.484962139294930039e-02
2.494054344992860037e-02
2.503676372874270167e-02
2.513203059270109965e-02
2.523167960785569972e-02
2.531997578288569875e-02
2.541671024113170002e-02
2.550803825046089879e-02
2.560020565482709967e-02
2.568859524187740162e-02
2.578273015638459995e-02
2.587400912800320169e-02
2.596895080423339969e-02
2.605026163789820118e-02
2.614696937047900072e-02
2.623481783982339888e-02
2.631065815675750000e-02
2.641235036685360069e-02
2.649771836604620026e-02
2.658250518938759868e-02
2.666818555965549953e-02
2.675388072363759848e-02
2.683406260189330136e-02
2.690860578173669831e-02
2.699117109556109853e-02
2.706850597258349950e-02
2.713513839616690099e-02
2.722271640314340158e-02
2.729690124307870142e-02
2.737041705425629842e-02
2.744853922857780001e-02
2.751675778574159958e-02
2.759219639762590034e-02
2.766598291443360044e-02
2.773299447879199950e-02
2.779850438073670077e-02
2.787323697394060093e-02
2.793323654853059959e-02
2.799647558330260050e-02
2.806146594212290124e-02
2.811890951136719954e-02
2.818351068936589959e-02
2.823977872843709894e-02
2.828993862432710102e-02
2.835293108108129928e-02
2.840496697507170071e-02
2.845526562419569902e-02
2.851254364086229856e-02
2.857238354128930138e-02
2.862101329882280054e-02
2.866688970247290025e-02
2.871436018352569938e-02
2.876270062215209936e-02
2.880790841613050171e-02
2.885156097124029831e-02
2.889443934280330056e-02
2.893423065560269888e-02
2.897896117542579988e-02
2.901573657500750025e-02
2.905783593882019927e-02
2.910106537188730108e-02
2.914268530241579877e-02
2.919083969836069881e-02
2.923357929302750069e-02
2.927822514316830160e-02
2.932617416714080119e-02
2.937079514219879950e-02
2.941703623240310081e-02
2.946640249678629878e-02
2.950490222726699988e-02
2.954457798212090092e-02
2.957427774827919853e-02
2.962985226072969991e-02
2.961726585976719867e-02
2.963738638065049891e-02
2.964188487005539954e-02
2.965557918717329905e-02
2.965600066602969848e-02
2.984997701547769874e-02
2.965492715911680066e-02
2.964272338039240090e-02
2.962986238457170074e-02
2.962005554862389908e-02
2.960253645960490149e-02
2.958987630842009955e-02
2.957201724783490096e-02
2.954991173674599916e-02
2.953030635046000052e-02
2.950840711153290136e-02
2.948085470354699922e-02
2.945682404345379909e-02
2.942716428959760155e-02
2.939390254499680069e-02
2.936428189145719875e-02
2.932470142492449999e-02
2.929548223654580147e-02
2.925726084565059837e-02
2.921160203060230165e-02
2.917429725038630031e-02
2.912832105514909925e-02
2.908467557382269850e-02
2.903533744160550004e-02
2.898613710551990047e-02
2.893607396422080008e-02
2.888978080496679840e-02
2.882737590005619854e-02
2.878503015650719921e-02
2.873144388868170002e-02
2.867342385135759897e-02
2.862271994884740128e-02
2.856576445243719925e-02
2.850622165151549953e-02
2.844658939679210047e-02
2.838874735654799836e-02
2.832442160785900165e-02
2.825761346991149947e-02
2.819557127242540082e-02
2.812395740913689948e-02
2.806055512583089870e-02
2.799050665958570036e-02
2.792013025719039879e-02
2.784274664331609986e-02
2.777194791727660012e-02
2.769840444522289960e-02
2.761857210267969903e-02
2.754573352696279911e-02
2.746883179263720151e-02
2.738688681174429942e-02
2.730919475919829989e-02
2.722757737893289828e-02
2.715294337102600042e-02
2.707243241888089916e-02
2.699390827652650010e-02
2.691068710740380024e-02
2.683768523604609935e-02
2.675239066159980014e-02
2.667386933297100082e-02
2.659309973990489975e-02
2.651369760240220030e-02
2.643724471412709984e-02
2.635840387416219996e-02
2.627979477501099850e-02
2.619888964279910165e-02
2.612408020315670071e-02
2.604437668307790082e-02
2.596721084769329849e-02
2.589379581596210067e-02
2.581946479940869926e-02
2.574142561290549899e-02
2.566651505117679977e-02
2.559488518442320018e-02
2.552205783297609859e-02
2.544727349280579906e-02
2.537802918555179948e-02
2.530828445896629933e-02
2.523761782057150002e-02
2.516559976200890072e-02
2.509719496922219878e-02
2.503128872631659937e-02
2.496871088987100140e-02
2.489803539076460015e-02
2.483432159081330054e-02
2.476797975463669935e-02
2.470526159751779832e-02
2.464759037207120071e-02
2.457929057238179837e-02
2.452214480671590160e-02
2.446330691837440147e-02
2.439821635779209838e-02
2.435030195400780112e-02
2.429619443747589938e-02
2.424320352656090041e-02
2.418641564730950044e-02
2.413496491576510097e-02
2.408270442376679935e-02
2.403811093386819947e-02
2.399086064886800027e-02
2.394324570970679869e-02
2.390323109370149843e-02
2.385412052280070153e-02
2.380977106761309955e-02
2.376934426970190098e-02
2.373032753738290104e-02
2.368966580181720155e-02
2.365347530795229927e-02
2.361887932676410076e-02
2.358380337506719993e-02
2.355332741471929947e-02
2.351480142189230071e-02
2.348641461045570047e-02
2.345926300303649917e-02
2.343315158036270163e-02
2.340825586538190090e-02
2.338203737300070112e-02
2.336011501471510141e-02
2.333896092194080035e-02
2.332211754108899984e-02
2.330301553824340108e-02
2.328533252727039982e-02
2.327081489801230071e-02
2.325869502002519962e-02
2.324997701062360075e-02
2.323332743567529945e-02
2.323412285988230019e-02
2.322448962762459906e-02
2.322264297245330011e-02
2.322447423081600015e-02
2.320358815997769844e-02
2.321565024775469957e-02
2.322840376388040154e-02
2.323089753562819840e-02
2.324397950269509877e-02
2.325136515035980053e-02
2.326271942252969988e-02
2.327766862190960157e-02
2.328705058739089992e-02
2.330665465442750134e-02
2.332528817529939957e-02
2.334767471047230133e-02
2.336687977449180068e-02
2.339090815462779860e-02
2.341583658125849857e-02
2.344035612288219994e-02
2.346971860188150003e-02
2.349831531809809873e-02
2.352963498930870159e-02
2.356047727019579957e-02
2.359511316344169857e-02
2.363302174393079949e-02
2.366646858730709832e-02
2.369819448805919951e-02
2.374289909749460054e-02
2.378403125237649879e-02
2.382853083722459922e-02
2.387293599761899920e-02
2.391696249534040059e-02
2.396037645682869838e-02
2.400670591818450036e-02
2.404748696067519897e-02
2.410353746247929918e-02
2.415709736603130139e-02
2.420373612700359861e-02
2.425675014530359955e-02
2.430871348713729840e-02
2.436452972570289990e-02
2.441661463194400028e-02
2.447117230240700159e-02
2.453031346815600158e-02
2.458615627949900170e-02
2.464759117058280130e-02
2.470495521346649861e-02
2.476239705452510168e-02
2.482272072265370028e-02
2.488254584355229990e-02
2.494367711864399831e-02
2.500128815128820070e-02
2.507283609694870019e-02
2.513253802577870150e-02
2.519914554673410162e-02
2.525994224023339965e-02
2.532415881012229850e-02
2.539170270858519957e-02
2.546049589683279865e-02
2.552440942553560119e-02
2.559027583395569877e-02
2.566102302949940100e-02
2.572635048324440135e-02
2.579434653159159985e-02
2.586848830788220088e-02
2.593841446652789956e-02
2.600843926573210077e-02
2.607787424763989906e-02
2.614774079909979940e-02
2.621420288044270033e-02
2.628138789962310151e-02
2.635181603004519910e-02
2.641813841946119915e-02
2.648691514331329849e-02
2.654952797750610022e-02
2.661530820094670097e-02
2.668573139761160062e-02
2.675411610252129840e-02
2.682177987753840004e-02
2.689127078970349888e-02
2.696051997016480142e-02
2.703074258871649913e-02
2.709988258614480158e-02
2.716607884243620041e-02
2.723373146639779946e-02
2.730369797204430099e-02
2.736062537574079911e-02
2.741886877391299868e-02
2.718861275467699887e-02
2.753457819101690074e-02
2.759294790546359954e-02
2.764447727539489849e-02
2.721573496919769963e-02
2.683910271902930147e-02
2.784726439262239991e-02
2.795992725905250068e-02
2.804807088418380043e-02
2.794092083598129911e-02
2.807730231242830041e-02
2.816389139247170090e-02
2.822738082292329878e-02
2.829111356508310152e-02
2.838197374638950013e-02
2.844978970894269932e-02
2.852339972444119937e-02
2.859248383232909987e-02
2.866410373248570037e-02
2.872488017079280129e-02
2.878763152667530162e-02
2.885501727947130043e-02
2.892125220898500090e-02
2.898688172898510051e-02
2.905049123836609890e-02
2.911492874101210063e-02
2.916819630118369991e-02
2.921568346325559978e-02
2.925448340721530094e-02
2.928407847872600139e-02
2.930434538942559841e-02
2.932772159789300004e-02
2.934199877883340163e-02
2.935534332870300134e-02
2.936896986343839888e-02
2.938098346823320162e-02
2.938932460340239888e-02
2.940047261017040073e-02
2.940523411908050125e-02
2.941006878572580141e-02
2.940916805970840084e-02
2.940796846665279934e-02
2.940688629807729909e-02
2.940503533021349841e-02
2.940123294785779856e-02
2.939736099718899889e-02
2.939011403982619980e-02
2.938368166040240120e-02
2.938113631158899980e-02
2.937549590965020038e-02
2.936934781685689860e-02
2.936326022880919942e-02
2.936006118349800131e-02
2.935099708740809832e-02
2.933790616835800155e-02
2.932331346935700134e-02
2.930842559012050014e-02
2.929489001868020026e-02
2.928626749168020127e-02
2.927137391763590113e-02
2.925893918670750132e-02
2.924167128967899987e-02
2.922685924882559988e-02
2.921234643129549946e-02
2.919007204992899937e-02
2.917168233413579975e-02
2.915182104814640143e-02
2.912916217313219966e-02
2.910470265459410080e-02
2.908258003382669862e-02
2.906236920493199954e-02
2.903970028692980099e-02
2.902019647451020007e-02
2.899458285141770161e-02
2.898001536946550119e-02
2.896054996660410094e-02
2.894269701421830002e-02
2.892728493033519879e-02
2.891454624348669886e-02
2.889633952242719878e-02
2.888505668719210107e-02
2.886985429537999859e-02
2.885408575153459998e-02
2.884741850972169855e-02
2.883293898769370006e-02
2.881742473143210012e-02
2.880139399625139887e-02
2.878658268756240091e-02
2.877197931558899899e-02
2.875719083859859873e-02
2.873714552868369965e-02
2.872140241638149877e-02
2.870175117433770157e-02
2.868538137825879866e-02
2.866323663824110052e-02
2.863827581372119929e-02
2.861543939929300090e-02
2.859375895391879849e-02
2.856769083751490093e-02
2.853846251223710051e-02
2.851272989778539865e-02
2.848329694228160167e-02
2.845312064130759919e-02
2.841702291910270031e-02
2.838751097331999873e-02
2.835628223874599868e-02
2.831885843135880168e-02
2.828713072471599962e-02
2.825566721120369856e-02
2.821640873939799954e-02
2.817880789811980091e-02
2.814240915357340070e-02
2.810571719924790171e-02
2.806760023015900107e-02
2.803288397756760128e-02
2.798980516002489913e-02
2.794945378366620048e-02
2.791211681637159950e-02
2.787177815333320013e-02
2.783071339606039973e-02
2.778923595109659972e-02
2.774477127295209983e-02
2.770478494427519936e-02
2.765756649230149966e-02
2.761728512614480130e-02
2.757237071531199943e-02
2.753316383856559829e-02
2.749330383684470136e-02
2.744473409293799945e-02
2.740378071945710065e-02
2.735779145598229989e-02
2.731410369023630144e-02
2.727355145962699970e-02
2.723395565757949846e-02
2.718594281551189873e-02
2.714365986027569844e-02
2.709980106519739931e-02
2.705045954102550110e-02
2.701420846442180099e-02
2.696984276707849876e-02
2.692443905857829986e-02
2.688550095786360061e-02
2.683279587104219974e-02
2.679841151296909890e-02
2.675515796346749839e-02
2.671037775128230068e-02
2.666407051760040156e-02
2.661824141536950003e-02
2.657822448075149863e-02
2.653805462644519969e-02
2.649629434864810007e-02
2.645122187939279862e-02
2.640517691108320089e-02
2.636412508678890113e-02
2.632641784286480005e-02
2.628054595037589841e-02
2.623718523475170039e-02
2.619435519418610026e-02
2.615612779080370154e-02
2.611479770677720136e-02
2.606919636678919905e-02
2.603261890523870040e-02
2.599224417708299872e-02
2.595531303167070147e-02
2.591367869706329846e-02
2.587755810875290094e-02
2.583955758477320119e-02
2.580050506090880019e-02
2.576009345110370080e-02
2.573002098052019904e-02
2.569353087198199964e-02
2.565876355404519971e-02
2.562509508389279947e-02
2.559064871063750080e-02
2.555437665498129854e-02
2.552395062528600017e-02
2.548990283123640094e-02
2.545287059750800038e-02
2.543032760708340001e-02
2.540015276754229931e-02
2.536934451999769968e-02
2.534147006273750058e-02
2.531121961818399990e-02
2.528717062430990009e-02
2.526056604542640041e-02
2.522524516884160073e-02
2.520514068419500014e-02
2.518090685204510057e-02
2.515483915360530037e-02
2.513222224120530146e-02
2.510969849097099971e-02
2.509315934749959884e-02
2.506950938782650032e-02
2.504930609068100125e-02
2.502626221703380116e-02
2.500668675627289866e-02
2.498835098901009896e-02
2.497137422503660151e-02
2.495666567772910141e-02
2.494137116429289910e-02
2.492576310848849952e-02
2.491299227090650048e-02
2.489435689968960003e-02
2.488191714025760060e-02
2.487199642457000107e-02
2.485566555552340059e-02
2.484577569965330107e-02
2.483538748289159867e-02
2.482084175388740016e-02
2.481116423047819916e-02
2.480168952655240067e-02
2.478486403184700093e-02
2.478226399610530123e-02
2.477333195794549983e-02
2.476258775552939856e-02
2.475487252623699910e-02
2.473852072736330149e-02
2.473728083549889961e-02
2.472743180082660058e-02
2.471740804538409900e-02
2.470083772644519893e-02
2.470670672009839947e-02
2.469763444468840025e-02
2.468849149792139847e-02
2.467849184062759910e-02
2.467164222217100092e-02
2.466476956724550015e-02
2.465643498812439965e-02
2.464397010031550012e-02
2.464247455267139925e-02
2.463414941953710052e-02
2.462611213568159998e-02
2.462264753252019905e-02
2.461002241676379931e-02
2.460696893587209846e-02
2.460039437285979971e-02
2.459242563442020149e-02
2.457635455009580042e-02
2.457595819533249862e-02
2.455939432582400148e-02
2.456294783798269876e-02
2.454650962757019828e-02
2.454467649129480136e-02
2.452620278268730081e-02
2.453079678874800149e-02
2.451936274279689978e-02
2.450010864987160059e-02
2.449906067820320152e-02
2.449597465423170028e-02
2.448859656558800141e-02
2.448115718583300168e-02
2.446102608542799831e-02
2.446283791307099845e-02
2.444989029017929916e-02
2.444085354038439892e-02
2.443521024656240132e-02
2.442396153412200108e-02
2.441596699242510118e-02
2.441025617271740111e-02
2.439792451527990000e-02
2.439058155333249933e-02
2.438499239067659988e-02
2.437519819298010135e-02
2.437186009477959950e-02
2.435783426968279874e-02
2.435513459154490037e-02
2.434524983715280130e-02
2.433888328297920123e-02
2.433385653357979933e-02
2.432550326148600131e-02
2.432323605980879835e-02
2.431910084686799908e-02
2.431254706289320139e-02
2.430866284470449903e-02
2.430382082375949840e-02
2.430130536397809987e-02
2.429669397439410128e-02
2.429608884688379961e-02
2.429299572335499868e-02
2.428777587101629831e-02
2.429118925623070108e-02
2.429004600655159871e-02
2.428889522242910076e-02
2.428952190592769886e-02
2.429167139660860092e-02
2.428899901038220066e-02
2.429419932019739881e-02
2.429749244055920063e-02
2.429830726933479915e-02
2.429892663388389870e-02
2.430372417613009886e-02
2.430556064633130134e-02
2.431392527601619960e-02
2.431961458497420084e-02
2.432836545519799845e-02
2.433447345525010033e-02
2.433852297004319987e-02
2.434798036164539936e-02
2.435818114719399963e-02
2.436897477763970074e-02
2.437498564190290068e-02
2.438433087473049904e-02
2.439762893049100129e-02
2.440423692284349882e-02
2.441753921839059926e-02
2.443062972469510138e-02
2.444178166781850112e-02
2.445448390902829963e-02
2.446883201915709891e-02
2.448254563573359910e-02
2.449412072758639855e-02
2.451179101007100111e-02
2.452507685386719899e-02
2.453969572650349998e-02
2.455671929441500048e-02
2.457155355634230154e-02
2.458808948997289953e-02
2.460156984912989855e-02
2.462161684385370114e-02
2.462986863409220156e-02
2.465717552750430058e-02
2.467800264342339886e-02
2.469634300788720038e-02
2.471541910763249902e-02
2.473494831395319990e-02
2.475596492184840153e-02
2.477675104011569859e-02
2.479943854120289851e-02
2.481796992907570054e-02
2.484175370065819927e-02
2.486880684903839886e-02
2.489182424564879981e-02
2.491411121393280123e-02
2.493257389834339921e-02
2.496735861971840012e-02
2.499281776872670086e-02
2.501861064785889863e-02
2.504214693319360002e-02
2.507394674546169905e-02
2.509927742417479915e-02
2.512854464749710026e-02
2.515367380748319975e-02
2.518341828047790040e-02
2.521622618055159928e-02
2.524463103623210067e-02
2.527361741083810134e-02
2.530972300679450171e-02
2.534044448577750172e-02
2.537148920300569960e-02
2.540454007128749997e-02
2.544004467066819999e-02
2.547456668535130059e-02
2.550135368827570123e-02
2.554883711280240069e-02
2.558554343030070011e-02
2.562592286318610135e-02
2.566366553082850138e-02
2.570171562311919858e-02
2.573671436932349968e-02
2.577970629340739853e-02
2.582406576639379933e-02
2.586772613141479979e-02
2.590940611416039929e-02
2.594959857420249885e-02
2.599273524090359860e-02
2.603383799582000002e-02
2.607614009867549945e-02
2.612165253202540158e-02
2.616523535473900056e-02
2.629191181170070085e-02
2.629560895104890092e-02
2.596740339000340111e-02
2.576369293157329890e-02
2.638780038999119851e-02
2.644115233978799884e-02
2.627329593442629882e-02
2.609073386828850150e-02
2.659834799388840001e-02
2.623213397161739888e-02
2.683555736844290066e-02
2.674809782299220062e-02
2.676694615839229907e-02
2.693934142138710089e-02
2.690991158762099864e-02
2.697572957081180098e-02
2.702690528556319846e-02
2.708715099722579928e-02
2.714507903111409992e-02
2.721322087368070047e-02
2.728184493323930135e-02
2.735538507030529920e-02
2.742822633738119936e-02
2.750103853476610141e-02
2.758387018553180164e-02
2.766129496304850152e-02
2.773993254505590159e-02
2.781540904913119838e-02
2.788872527890870132e-02
2.795663221623170130e-02
2.801381747407040088e-02
2.806211579227270089e-02
2.810371702241819952e-02
2.814726086279889863e-02
2.818258197021919834e-02
2.821114596586329903e-02
2.823499212881720039e-02
2.825280763207030019e-02
2.826681424652810123e-02
2.828295598320940130e-02
2.829435101647170131e-02
2.830196001225249863e-02
2.830618643571760143e-02
2.830884613838050012e-02
2.830910447360179827e-02
2.830746411207870142e-02
2.830837338403899978e-02
2.830644015122570079e-02
2.831041836882459972e-02
2.831198763550970068e-02
2.831470303258429994e-02
2.831511720311200020e-02
2.831537620155069948e-02
2.831520118189960120e-02
2.831326154410539891e-02
2.831147876961450163e-02
2.831338390093730145e-02
2.831372239271909980e-02
2.831409782415239898e-02
2.831662228891250119e-02
2.831049113455329919e-02
2.830917012141440092e-02
2.830625390995869864e-02
2.830337462936089940e-02
2.829963934754780100e-02
2.830014662603419842e-02
2.829478588715349935e-02
2.829429297474080063e-02
2.828921721751189930e-02
2.829140973106500020e-02
2.828921721751189930e-02
2.829176417509859931e-02
2.829256751303790146e-02
2.829416081272919867e-02
2.829176417509859931e-02
2.829356344763690051e-02
2.829554565475619898e-02
2.829585814030010152e-02
2.829285580400259931e-02
2.829100790675589949e-02
2.829043423486250070e-02
2.828640231155690049e-02
2.828402198607499890e-02
2.828423859209739863e-02
2.828042426670230106e-02
2.827778478458069927e-02
2.827543338192670119e-02
2.826350887465869932e-02
2.826012153978550018e-02
2.825267376399459920e-02
2.824486609690780164e-02
2.823132911423379895e-02
2.821848907215199903e-02
2.820639837448630019e-02
2.818721742191730023e-02
2.817369135469510039e-02
2.815369630624189878e-02
2.813610633431579827e-02
2.811977098953909876e-02
2.810459115930900170e-02
2.808502847773430150e-02
2.806668418333689921e-02
2.805212564742470133e-02
2.803665118748350019e-02
2.802221209429199902e-02
2.800714326883639929e-02
2.798823779476180065e-02
2.797746038417259912e-02
2.796016268815720157e-02
2.794825162618879907e-02
2.793555652100070119e-02
2.792025303667420091e-02
2.790669089899370028e-02
2.789263003610159899e-02
2.787397282279259828e-02
2.786292965793520093e-02
2.784565130990560022e-02
2.782913406134230119e-02
2.781366637943339867e-02
2.779665148263230079e-02
2.778046827530570098e-02
2.776260942629319925e-02
2.774104569818150109e-02
2.772359942898839844e-02
2.770638809929179894e-02
2.768632802896299830e-02
2.766852385434809963e-02
2.765114535569230050e-02
2.762724361829859906e-02
2.760599127506129999e-02
2.758975925655059863e-02
2.756491491584000045e-02
2.754523997772249932e-02
2.752064887543309926e-02
2.750384475317170160e-02
2.748041187656610068e-02
2.745430116328689829e-02
2.743319147627129931e-02
2.741219896637230036e-02
2.739043519632460011e-02
2.736870163149850155e-02
2.734517353681650137e-02
2.732063511147389892e-02
2.729927371248780030e-02
2.728080533187490081e-02
2.725838967058550125e-02
2.723476799236530105e-02
2.721569905105020171e-02
2.719163667174529994e-02
2.717180421648270061e-02
2.715147993983519845e-02
2.713093427282139980e-02
2.711528164756740050e-02
2.709031915056860085e-02
2.706806252965409873e-02
2.704693457378170088e-02
2.702676186094259830e-02
2.700297731233679971e-02
2.698515483526989917e-02
2.696155291581580141e-02
2.694175074280069984e-02
2.692252395963160017e-02
2.689747949667179935e-02
2.687802668890890145e-02
2.685418056532379999e-02
2.683566697985479907e-02
2.681465591356179887e-02
2.678834464538110138e-02
2.676691689081980158e-02
2.674704393452599985e-02
2.671792042357179833e-02
2.669866175358179966e-02
2.667894950878960114e-02
2.665401681907430056e-02
2.663291123838210095e-02
2.661326142961329896e-02
2.658980976260779880e-02
2.656744998592289880e-02
2.654522318231439942e-02
2.652334802018600085e-02
2.650602442857979968e-02
2.648139407903449954e-02
2.645676782746880090e-02
2.643469100380770043e-02
2.641828610382570067e-02
2.639393191521309870e-02
2.637359621795290140e-02
2.635634395670210031e-02
2.633671085035790144e-02
2.632185047830709959e-02
2.629934976673169861e-02
2.628460328206649876e-02
2.626184167545049866e-02
2.624816097860009981e-02
2.623137199460130048e-02
2.621551324557179832e-02
2.620149925830430118e-02
2.618579447660400114e-02
2.616829881731699836e-02
2.615986199086029959e-02
2.614509317733679922e-02
2.613342634067419845e-02
2.612064874288159977e-02
2.611123355915210068e-02
2.609900492432879957e-02
2.608875445781220007e-02
2.607986835860439875e-02
2.606928690266839890e-02
2.606071484236719901e-02
2.604864832275699885e-02
2.604655773039240077e-02
2.604177505690880023e-02
2.602776617808970003e-02
2.602631336790869887e-02
2.601490947598550027e-02
2.601137565356999998e-02
2.600003181167050148e-02
2.599975892512509934e-02
2.599808249295559870e-02
2.599168952780769870e-02
2.598409031313260106e-02
2.598303980558369988e-02
2.597871393860209932e-02
2.597858490020230060e-02
2.597373670077560148e-02
2.596956942130319856e-02
2.596830788682990068e-02
2.596060381476490014e-02
2.595982981498709888e-02
2.596024377086639939e-02
2.595213989178990141e-02
2.594724287406709878e-02
2.594976589766069888e-02
2.594474212327649992e-02
2.594271449963080067e-02
2.594220408693089994e-02
2.593929186724179894e-02
2.593644715506759901e-02
2.593459000843750112e-02
2.592973629334850011e-02
2.592417684446330153e-02
2.592435719912989864e-02
2.591782199686749888e-02
2.591453672414889900e-02
2.591040356578290169e-02
2.590876784667709917e-02
2.590559416217130123e-02
2.589977932447630124e-02
2.589302564825129993e-02
2.588805578151700051e-02
2.588784041000579891e-02
2.587657003296359864e-02
2.587380254808600150e-02
2.586783754555320100e-02
2.586289883881990118e-02
2.585648315632569846e-02
2.584786832931940115e-02
2.584876971747309890e-02
2.583970939386260116e-02
2.583528788704780171e-02
2.583123931148530172e-02
2.582022776084140145e-02
2.581337693936090055e-02
2.580497731966120006e-02
2.579942692080519975e-02
2.579611570252830083e-02
2.578887656670030004e-02
2.578033830019610048e-02
2.577148408458819831e-02
2.576939979847309853e-02
2.576171532249919849e-02
2.575421820869670114e-02
2.574731268497339881e-02
2.573756849132160032e-02
2.572933205683279947e-02
2.572234315821980005e-02
2.571264553804920167e-02
2.570589374782249886e-02
2.569786702191489969e-02
2.569262746666850158e-02
2.568583970127590044e-02
2.567752489765470075e-02
2.567126246084529967e-02
2.566346031813979828e-02
2.565757709371279879e-02
2.564924186582480045e-02
2.564309289072479875e-02
2.563747165528729860e-02
2.563057793222639838e-02
2.562171699310500025e-02
2.561982655916510143e-02
2.561254719511470157e-02
2.560518141562940012e-02
2.560364040384099926e-02
2.559994724023869836e-02
2.559524563076640002e-02
2.559046402023490083e-02
2.558981893586639855e-02
2.558612842782529914e-02
2.558395069893229859e-02
2.558224261149080053e-02
2.558183825779879877e-02
2.558073109081489965e-02
2.557760647665659887e-02
2.558354041031049922e-02
2.558310381712770171e-02
2.558721523525680011e-02
2.558683577009390059e-02
2.558673452556390129e-02
2.559189330888949829e-02
2.559849785326720126e-02
2.559992184120049932e-02
2.560615450570079971e-02
2.561506325554700064e-02
2.562279414862059929e-02
2.562766885022440058e-02
2.562992086670280029e-02
2.563878469641450025e-02
2.564858102193549871e-02
2.565925721928849837e-02
2.567054942002279863e-02
2.567959706224740013e-02
2.568885957184020158e-02
2.569617135884800022e-02
2.571003190387350160e-02
2.572393292577850044e-02
2.573140505243750112e-02
2.575284710731609930e-02
2.576279478223139977e-02
2.577544085645199975e-02
2.578800045675999977e-02
2.580215063174879850e-02
2.581599529052050132e-02
2.582867519919889929e-02
2.584495354287889846e-02
2.585869724217399954e-02
2.587212926792360063e-02
2.588724569751639851e-02
2.590182946984380050e-02
2.591544335713399927e-02
2.593131137907260172e-02
2.595095521935259983e-02
2.595491161365710148e-02
2.597176457797659849e-02
2.598443023007730029e-02
2.600195054289200156e-02
2.601157767138850135e-02
2.602977371997430150e-02
2.603686999937130167e-02
2.604887451070049889e-02
2.605934706787440061e-02
2.607299337203120015e-02
2.608384912836890154e-02
2.609319067048060034e-02
2.610023646869969946e-02
2.611232068270639972e-02
2.612171124955910140e-02
2.612823554872149845e-02
2.613462255663140041e-02
2.614484999165489834e-02
2.614701860122509852e-02
2.615381170596100049e-02
2.616401936293140038e-02
2.617003113252699964e-02
2.617422418238420090e-02
2.617703930967340067e-02
2.618353536397299841e-02
2.618296598320980079e-02
2.618850637418480148e-02
2.619654479101159866e-02
2.620016743412000026e-02
2.619962613693389841e-02
2.620227015123810163e-02
2.620565682426330076e-02
2.621270884353640168e-02
2.621500561891559888e-02
2.621669576185620132e-02
2.621928490519859906e-02
2.622198254960660113e-02
2.622205077824819874e-02
2.622250885073049848e-02
2.622552019661160069e-02
2.622631351622600054e-02
2.622514833849570043e-02
2.622667516063460075e-02
2.622912649064480101e-02
2.622697354052709942e-02
2.622443295575619879e-02
2.622258514213399866e-02
2.622353949596549841e-02
2.621461184263389893e-02
2.621399529187450061e-02
2.620936249130439988e-02
2.620542056646609982e-02
2.619890386032009896e-02
2.619400481267330008e-02
2.618955595913319973e-02
2.618472567453870165e-02
2.617702936366279876e-02
2.616729345138999949e-02
2.615669920179400018e-02
2.615075120561570141e-02
2.614050279168550137e-02
2.613005215835869852e-02
2.612432962082009841e-02
2.611312991202690073e-02
2.610250765396150002e-02
2.608848069436500022e-02
2.607612597221940082e-02
2.606582731191460153e-02
2.605523920281669834e-02
2.604466903740420072e-02
2.603354275258900133e-02
2.601793794153050079e-02
2.600906321469000082e-02
2.599925139674739982e-02
2.598087796936280128e-02
2.597318770514719932e-02
2.596476922610299956e-02
2.595067278343579989e-02
2.594156396667919931e-02
2.593212020533049861e-02
2.592314907710379854e-02
2.591675845547850021e-02
2.590684014547610034e-02
2.589510150725099838e-02
2.588973422646910147e-02
2.588223052232140053e-02
2.587412521910520055e-02
2.587100924516049991e-02
2.586147758042539949e-02
2.585767640898839828e-02
2.585440949872579858e-02
2.585216686647619916e-02
2.584978284411190014e-02
2.584651213027560138e-02
2.584615513959540034e-02
2.584577005707569888e-02
2.584687491123989836e-02
2.584742935513599862e-02
2.584879527893419945e-02
2.584729000277419947e-02
2.585216204878219848e-02
2.585129319997099898e-02
2.586171331442349910e-02
2.586592755603769889e-02
2.587653786142899912e-02
2.588539853656790166e-02
2.589487560114960008e-02
2.590484738518599936e-02
2.591581495603309873e-02
2.592597895794850060e-02
2.593762132506350140e-02
2.595617078994800001e-02
2.597112910428450022e-02
2.598552050774709937e-02
2.600485001294700060e-02
2.602339864149509976e-02
2.604326026708069994e-02
2.606118989575149925e-02
2.608032746802059834e-02
2.610334251736429884e-02
2.612122001095699975e-02
2.614555923158079845e-02
2.616669010638199983e-02
2.619390514481460125e-02
2.622042809914119921e-02
2.624524524632909986e-02
2.626972392919469865e-02
2.629697122185030086e-02
2.632369099718009919e-02
2.635042409772260161e-02
2.637604845120080158e-02
2.640185376766079894e-02
2.643084342674939871e-02
2.645866028828980018e-02
2.648418682613639871e-02
2.651371061470679871e-02
2.653461778864980164e-02
2.656229823418740019e-02
2.659030123054889963e-02
2.661600248668649984e-02
2.664535481372439993e-02
2.666764262133460017e-02
2.669165323982889901e-02
2.671921106539720120e-02
2.674622690863430116e-02
2.677306640788789868e-02
2.679283043879690171e-02
2.681822638373640086e-02
2.684555398512160004e-02
2.687169867435530018e-02
2.689886152509619877e-02
2.692936099839160144e-02
2.696077255371040135e-02
2.699455747566999880e-02
2.702826331290230158e-02
2.706168703638740097e-02
2.709233492790909942e-02
2.712942393116540146e-02
2.716132101298359899e-02
2.719716252079969893e-02
2.723012032775979849e-02
2.726535257750859961e-02
2.729711102558310051e-02
2.732700933223180043e-02
2.735857433847389830e-02
2.738793348230210076e-02
2.741939323065250081e-02
2.744685446972890130e-02
2.747483804044789993e-02
2.750061349457429832e-02
2.753238842395909838e-02
2.756902817572379899e-02
2.759963205739809911e-02
2.762181662742859908e-02
2.764198729621520148e-02
2.766404758157599980e-02
2.767670802170110050e-02
2.769536628879280121e-02
2.770678361334320133e-02
2.772060890953970125e-02
2.773043503615129843e-02
2.773842392389400113e-02
2.774672831386799932e-02
2.775313855907670171e-02
2.776351090645819836e-02
2.776921874775389876e-02
2.777967441441860086e-02
2.778406579708169941e-02
2.778615883108670123e-02
2.778762081528289921e-02
2.778227149966730133e-02
2.778543540150889973e-02
2.778455145220950009e-02
2.778092091716589940e-02
2.777616359309029864e-02
2.777269214131570033e-02
2.776382684951930052e-02
2.776052960914560108e-02
2.775121156630239866e-02
2.774427675827249862e-02
2.774087151555509889e-02
2.773310168932800052e-02
2.772717765590269889e-02
2.771711260434740060e-02
2.771230158227629831e-02
2.770809954648960002e-02
2.769998822071429931e-02
2.769548571221890076e-02
2.768489809748530053e-02
2.767624130793469930e-02
2.767013100309419910e-02
2.766155112765450105e-02
2.765044589037269837e-02
2.764199807597770078e-02
2.763481739351869929e-02
2.762108442525009963e-02
2.761030262798960105e-02
2.759931670094569953e-02
2.758721326954280059e-02
2.757361833451160010e-02
2.756037093542179975e-02
2.754549844029970107e-02
2.753064542171569998e-02
2.751996682588190093e-02
2.750244110069359829e-02
2.748700857598690081e-02
2.747163724376330135e-02
2.745881193213519852e-02
2.744000799061260126e-02
2.742465692454469986e-02
2.739899447948419831e-02
2.738553457711759981e-02
2.736588696139850146e-02
2.735025695844319968e-02
2.732997156133009850e-02
2.731261855498520047e-02
2.729558492736339909e-02
2.727517705795400038e-02
2.725680552952009991e-02
2.723438250561700108e-02
2.721433059629409928e-02
2.719326144642840101e-02
2.717207557331110038e-02
2.715431169454590038e-02
2.713257483238150011e-02
2.710932314267179913e-02
2.708896395717429878e-02
2.706519427803760064e-02
2.704096287322840103e-02
2.701838317468439887e-02
2.699483865490260107e-02
2.697114734528020114e-02
2.694632098170260046e-02
2.692008235684060016e-02
2.689723047703340003e-02
2.687306527581600005e-02
2.684868457813779918e-02
2.682556337715629943e-02
2.680023756825860096e-02
2.677238785991080047e-02
2.674752693231900041e-02
2.672426725473070128e-02
2.669781366420119831e-02
2.667137574572269951e-02
2.665038556024169891e-02
2.662204986481429836e-02
2.659731502026859915e-02
2.657292947282750145e-02
2.654701324477280050e-02
2.652437303624170101e-02
2.649782441020370055e-02
2.647647962786510087e-02
2.644953558535599950e-02
2.642623958955149857e-02
2.640155768727240129e-02
2.638246275002020108e-02
2.635700327015279981e-02
2.633486904040520035e-02
2.631198582899749866e-02
2.628567306764960018e-02
2.626593185902149907e-02
2.624857411231629883e-02
2.622310302452469932e-02
2.620764276395980141e-02
2.618774045296300146e-02
2.616918322875439948e-02
2.615077087204580042e-02
2.613527696124710170e-02
2.611521167186900069e-02
2.610055881489569893e-02
2.608575423237829982e-02
2.607077417766300031e-02
2.605727503177019885e-02
2.604427266051100032e-02
2.603010360757910049e-02
2.601914018868679845e-02
2.600948827026629967e-02
2.599863962725470004e-02
2.598413577996879983e-02
2.597270554896840070e-02
2.596892160200560060e-02
2.595841781915859958e-02
2.595134847292780017e-02
2.594339858730530107e-02
2.593895549054649891e-02
2.593710888768609862e-02
2.593292376849730060e-02
2.592510386257010011e-02
2.591996955718840062e-02
2.591830949084189886e-02
2.591644682312930006e-02
2.592087967367650084e-02
2.591474439749679934e-02
2.591361090768500020e-02
2.591674901115300148e-02
2.591879687569730029e-02
2.591495618525210126e-02
2.592130372600829832e-02
2.592238817273390117e-02
2.592549878656099857e-02
2.592758501863149864e-02
2.592953723358890072e-02
2.593539443729990165e-02
2.593853344490930010e-02
2.594436684224039891e-02
2.594945200274850067e-02
2.595523579703749861e-02
2.595979306017279914e-02
2.596587637293649997e-02
2.597502481154100040e-02
2.598106194867070076e-02
2.598629550278529904e-02
2.599455981102770027e-02
2.600078366099540031e-02
2.600846453609259937e-02
2.601890047773870035e-02
2.602616817659550094e-02
2.603265348595770051e-02
2.604373124512110102e-02
2.605392003093700073e-02
2.606185641851729851e-02
2.606642164781339949e-02
2.607780331958929956e-02
2.608214221258179852e-02
2.609022955330349974e-02
2.610091011548050163e-02
2.611000604021570040e-02
2.611765241930660147e-02
2.612750025421440095e-02
2.613252936033460053e-02
2.614166267712900171e-02
2.615331571442299982e-02
2.615966012667969923e-02
2.616835666308989922e-02
2.616980433667839834e-02
2.617931680634899907e-02
2.618631406435679987e-02
2.619366191319449921e-02
2.619879909182320013e-02
2.620577474804609841e-02
2.621394244394779915e-02
2.621675185703969957e-02
2.622201530249279947e-02
2.622697367600789961e-02
2.623006458995080087e-02
2.623610191916580028e-02
2.624261224428249897e-02
2.624180842797940033e-02
2.625055765230999844e-02
2.625260443579750108e-02
2.625767478579869862e-02
2.625700486373560086e-02
2.626391657869089902e-02
2.626151310024010116e-02
2.627230238988240152e-02
2.627156165160880047e-02
2.627413338970470066e-02
2.627770117069790079e-02
2.627740433232650039e-02
2.628079616555920039e-02
2.628157308712380028e-02
2.628514796632909836e-02
2.628911547515249900e-02
2.629373045802500114e-02
2.629399215485200142e-02
2.629616228653360033e-02
2.629710907944909914e-02
2.629919831448609968e-02
2.630611434890550021e-02
2.630641339723609889e-02
2.630935897625629946e-02
2.631224575906690108e-02
2.631197559668260050e-02
2.631658786755820129e-02
2.632345063232539861e-02
2.632487860322280104e-02
2.632830410626589915e-02
2.632965718714060099e-02
2.633402495786570097e-02
2.633563039303970024e-02
2.634124660792709974e-02
2.634375433523369892e-02
2.634729906472100050e-02
2.635425251606100111e-02
2.635457129586209896e-02
2.635634285362949830e-02
2.636383509192320035e-02
2.636338383258820042e-02
2.637443842895400084e-02
2.637437360572909839e-02
2.637852077306329993e-02
2.637832648341779940e-02
2.638497849436290121e-02
2.638763932560109909e-02
2.639247398815650070e-02
2.639520573190740071e-02
2.639617919873760155e-02
2.639974322832919912e-02
2.640593771628629849e-02
2.640308812006189956e-02
2.640494088583469900e-02
2.640547734813769934e-02
2.640835276525509839e-02
2.641010188897259872e-02
2.640790343933240025e-02
2.640729800163599955e-02
2.640594775523499860e-02
2.640452668304269987e-02
2.640296844503450119e-02
2.640066491021380093e-02
2.639558922047669995e-02
2.639399552474359922e-02
2.638776177287939853e-02
2.638347514867899965e-02
2.637696075118479977e-02
2.636791508709139878e-02
2.636113684289369957e-02
2.635539117257600095e-02
2.634457634136039977e-02
2.633486852314589899e-02
2.632417845449289834e-02
2.631092517897560060e-02
2.630877647565100022e-02
2.629374633533679978e-02
2.628582075607609897e-02
2.627098329931019938e-02
2.626211936068759828e-02
2.625044977131790053e-02
2.623941686118020158e-02
2.622688235893989861e-02
2.621471611703739962e-02
2.620228072233609859e-02
2.619459054881469878e-02
2.618316069363429976e-02
2.617378676366129836e-02
2.616070998405119891e-02
2.615009198773619870e-02
2.614110197784020109e-02
2.613151365097370060e-02
2.612514809625940057e-02
2.611371047776489887e-02
2.610626301469079827e-02
2.609797133596209948e-02
2.608612608225549870e-02
2.608072021571899990e-02
2.607430732768269838e-02
2.606707826628160141e-02
2.605853967547479971e-02
2.605209700474290027e-02
2.604811094657239964e-02
2.604006307007790053e-02
2.603238065437939869e-02
2.602798843013240035e-02
2.602115407149059936e-02
2.601963481021039859e-02
2.601511672662110142e-02
2.600878672923660068e-02
2.600759396001529888e-02
2.600060061323080166e-02
2.599879738797630097e-02
2.599672198146050009e-02
2.599098081034360158e-02
2.599171081762079866e-02
2.599047741583539878e-02
2.598752193823590170e-02
2.598638743935029888e-02
2.598808087485170171e-02
2.598263658207570007e-02
2.598313199708919899e-02
2.598026147876879993e-02
2.598229914632600029e-02
2.598272603640420023e-02
2.598370642031000086e-02
2.598473273564839980e-02
2.598430533413209967e-02
2.598554258468009984e-02
2.598644156362829929e-02
2.598969390570069968e-02
2.598971351645699979e-02
2.599522148894880050e-02
2.599602900887420034e-02
2.599590369807150067e-02
2.599609719638759989e-02
2.599664823278520151e-02
2.600085618796859829e-02
2.600302202065899945e-02
2.600637842535249988e-02
2.600422833817080115e-02
2.600992542793199858e-02
2.601375175506040124e-02
2.601471650163370009e-02
2.601661874121440066e-02
2.601952699469189945e-02
2.602156970947330089e-02
2.602375314729379885e-02
2.602633519381089902e-02
2.602797163492600110e-02
2.603124760668739865e-02
2.603751311780970121e-02
2.603950300910570087e-02
2.604123544464859857e-02
2.604200645927539845e-02
2.604699297929019899e-02
2.604651207575390051e-02
2.605059521618410118e-02
2.605804419968479890e-02
2.606223969523739983e-02
2.606211184580650014e-02
2.606700087480099889e-02
2.607165304457269989e-02
2.607561463863839954e-02
2.607840593066770157e-02
2.608209055749759891e-02
2.608914515959899830e-02
2.609254773123259943e-02
2.609806851634750152e-02
2.610362663717430073e-02
2.610828220743470138e-02
2.611134773368069956e-02
2.611529621015579866e-02
2.612664917730789932e-02
2.613112287021510105e-02
2.613819588249199910e-02
2.614586697205789970e-02
2.615071113282390128e-02
2.615561243297330127e-02
2.616559913875930038e-02
2.617798282302419982e-02
2.618643127369989915e-02
2.619345548267809978e-02
2.620682287449810008e-02
2.621710954688140013e-02
2.622790372214720001e-02
2.624461148445799905e-02
2.625468953304200062e-02
2.626624865216919957e-02
2.627877984811610029e-02
2.629179338146379885e-02
2.630847405277380105e-02
2.632249285414309942e-02
2.634229755069349838e-02
2.635730345371780151e-02
2.637231167477339933e-02
2.639087483374930043e-02
2.640762582260499855e-02
2.642512659583279994e-02
2.644920019083860097e-02
2.647170315729789961e-02
2.648593222557060062e-02
2.650884702104380070e-02
2.653112078187730080e-02
2.655128120310799866e-02
2.657399602790809848e-02
2.659660394533370012e-02
2.662164400037080048e-02
2.664421309543290109e-02
2.666640018455219974e-02
2.668611567892899966e-02
2.671223027073039991e-02
2.673207901737669964e-02
2.675617819722540119e-02
2.678244244979699831e-02
2.680358427980699884e-02
2.682430163881070057e-02
2.684562864846749830e-02
2.686763957862139951e-02
2.688760823089019966e-02
2.690743616843779829e-02
2.692802760771949994e-02
2.694819347954750116e-02
2.696686721744990037e-02
2.698316082304690056e-02
2.700142604597769933e-02
2.701582695295470099e-02
2.703648548257479856e-02
2.705145539823279946e-02
2.706944888287969933e-02
2.708734483643419899e-02
2.710420017091120029e-02
2.711974105901290150e-02
2.713521004331620121e-02
2.715337732773830115e-02
2.716770040677890172e-02
2.718456415525589975e-02
2.720099827170329929e-02
2.722154112854240082e-02
2.723076508762869996e-02
2.725151191184699978e-02
2.726937775148639831e-02
2.728810090548289963e-02
2.730208035150189991e-02
2.731743155843279966e-02
2.732759554483340028e-02
2.733883242778750028e-02
2.735792195533449933e-02
2.736619663013240000e-02
2.737880484704340034e-02
2.739574292250920168e-02
2.740842189590919978e-02
2.741859236620959941e-02
2.743349364785870048e-02
2.744011033662860019e-02
2.745313322899849834e-02
2.746423958658230149e-02
2.747820009205460129e-02
2.748503348461589849e-02
2.749344934836630075e-02
2.749960615472680017e-02
2.751110947784629959e-02
2.751760027011970061e-02
2.752532036280110062e-02
2.752845309167090138e-02
2.753317865123899866e-02
2.753575486043800119e-02
2.753591637154750166e-02
2.753586198070550120e-02
2.753922685706669884e-02
2.753997034539139993e-02
2.753995833885310163e-02
2.753924152948850068e-02
2.753523819153949961e-02
2.753242248436249887e-02
2.752649953191359938e-02
2.752391725417839899e-02
2.752319139701580111e-02
2.751826351399409842e-02
2.751258450622240045e-02
2.750497864106999854e-02
2.749975013548699998e-02
2.749601957818290088e-02
2.748671597318640136e-02
2.747953144619399990e-02
2.747672661309909919e-02
2.746468454196869871e-02
