1.228806815984400096e-03
1.988530366316500209e-03
2.794155985716599913e-03
3.443402033445999797e-03
4.136118624795299958e-03
4.810885084059300307e-03
5.484471376052100361e-03
6.184830115270900132e-03
6.952720742509800080e-03
7.669424939625400263e-03
8.295434283418300081e-03
8.879294521314400751e-03
9.473120787377000210e-03
1.007829413197370086e-02
1.075335787696089958e-02
1.141865893655999963e-02
1.207577992378200057e-02
1.264869766702990048e-02
1.319742370828230066e-02
1.374002364032549973e-02
1.442185333364490001e-02
1.497716407457969946e-02
1.562198098052360040e-02
1.634308277945389909e-02
1.665843285881460009e-02
1.728232914287339966e-02
1.795371638067369893e-02
1.846821033925459890e-02
1.899703591256809987e-02
1.958901999343649891e-02
2.019451873876470030e-02
2.065079468583609981e-02
2.112341268102579939e-02
2.169960765874389894e-02
2.212682534757130087e-02
2.262693831920320128e-02
2.314554929676570019e-02
2.369243186380180083e-02
2.421391197267809894e-02
2.464749344389750157e-02
2.509596755824650138e-02
2.561042369485889980e-02
2.611611389572340153e-02
2.669935187759099951e-02
2.722767648438800120e-02
2.760954456788279957e-02
2.794163635239620136e-02
2.831404259716190086e-02
2.868206270730570134e-02
2.913780772319810031e-02
2.954733677883189871e-02
2.992754599627989870e-02
3.026134873066280151e-02
3.052075932499929978e-02
3.082986847442389933e-02
3.117719948667909899e-02
3.158621352030489826e-02
3.191830814218209883e-02
3.227638845590320021e-02
3.252399815573089881e-02
3.286444088282319820e-02
3.311829679472969717e-02
3.336249425414850034e-02
3.361683889968630073e-02
3.383592718734459992e-02
3.416219571767609847e-02
3.460240931318590146e-02
3.485889297155819744e-02
3.508091274066660326e-02
3.527260348079790109e-02
3.553463512994989998e-02
3.576172978121180263e-02
3.586085733780410012e-02
3.633292762681589877e-02
3.656364695395079856e-02
3.676336207183630161e-02
3.685971259178300041e-02
3.695911041952169851e-02
3.709997239493929844e-02
3.734496807060110057e-02
3.752792252055339728e-02
3.774216584705619715e-02
3.786627987769190101e-02
3.805408235672620015e-02
3.828740801048430287e-02
3.850077055237099977e-02
3.872892897454700140e-02
3.885476184208030287e-02
3.887983008850959959e-02
3.892589888643099849e-02
3.901750444666129969e-02
3.904043453661090041e-02
3.911001103674829893e-02
3.920756224667139994e-02
3.929603490645149771e-02
3.938882857057850184e-02
3.947107706403969740e-02
3.956682846224850170e-02
3.968118694410120023e-02
3.978870100989739811e-02
3.988599036281550297e-02
3.996070827584759927e-02
3.994555545501270177e-02
4.005123848819169829e-02
4.006862365557570249e-02
4.007428814486550112e-02
4.009758730458520132e-02
4.011098365954000183e-02
4.008309343331210167e-02
4.008231349832380025e-02
4.010673618488590220e-02
4.011255149780790230e-02
4.012525840531860205e-02
4.018142927495130245e-02
4.010878602936190224e-02
4.012142839842289949e-02
4.012918884945369802e-02
4.013180508443899702e-02
4.012522150507889795e-02
4.013075176722649684e-02
4.012859855025290023e-02
4.012166010166740016e-02
4.012786752342500235e-02
4.013664047295099901e-02
4.012201004790120346e-02
4.013120004214679876e-02
4.013079169683050201e-02
4.011221940879910325e-02
4.010635146621580049e-02
4.010077016795979971e-02
4.006175861374999814e-02
4.003896572267379855e-02
4.005926693882760209e-02
3.994441758853729818e-02
3.984172307764000109e-02
3.981539507122659749e-02
3.973578528263600057e-02
3.962620899343600317e-02
3.949160926406630051e-02
3.940899747355890159e-02
3.929622479632940285e-02
3.920021409588540090e-02
3.907759930053700259e-02
3.898951734568169986e-02
3.885015244038519944e-02
3.877101389127499825e-02
3.869050622286680091e-02
3.855211392997579672e-02
3.842251041155070324e-02
3.832828273225229870e-02
3.829154245254789979e-02
3.822809914704269896e-02
3.812940530528979854e-02
3.798720035378590210e-02
3.789430139236230066e-02
3.776323197369590295e-02
3.767772554629270076e-02
3.750076322636199805e-02
3.738481399761520163e-02
3.718697221976750150e-02
3.703215728560219772e-02
3.686088970926589686e-02
3.668419023194179757e-02
3.653754652230500194e-02
3.635378815962710120e-02
3.618569713904649932e-02
3.601481075659519748e-02
3.581877610157230274e-02
3.559661227061740318e-02
3.548053414361949931e-02
3.535120594215460099e-02
3.517509547772199735e-02
3.494572523533649722e-02
3.483659958068120038e-02
3.464315886367060060e-02
3.448124737907490300e-02
3.439764381947559707e-02
3.411669947165570094e-02
3.405113652625060133e-02
3.373722026245840055e-02
3.357212616375539888e-02
3.338355433687550250e-02
3.320872029085519817e-02
3.302678849526580196e-02
3.281782767271260171e-02
3.261308314045519713e-02
3.244208413165070026e-02
3.232876953623819993e-02
3.189816111555299899e-02
3.193348738254860042e-02
3.153551439379199961e-02
3.160999806314759852e-02
3.134077841632969957e-02
3.119940536850220048e-02
3.100142106769950001e-02
3.081781705246990077e-02
3.060139191577669962e-02
3.051569299553159864e-02
3.031480637934910044e-02
3.008587555701129970e-02
3.000163163922369911e-02
2.972445648618859959e-02
2.957788205895649919e-02
2.933164092443479865e-02
2.917452648885179856e-02
2.895607175311629838e-02
2.879655424464819952e-02
2.861264572586460012e-02
2.826241447647749941e-02
2.828604357879909922e-02
2.809490035939130048e-02
2.786777390226720039e-02
2.740889956441399863e-02
2.762196353609309984e-02
2.732657376054880086e-02
2.718675188386680125e-02
2.711330427391120054e-02
2.695479828280180137e-02
2.670265132832740085e-02
2.644791516815429844e-02
2.648888060977280107e-02
2.631119469163959931e-02
2.612660391180820010e-02
2.602015527887590121e-02
2.583590801980599830e-02
2.570025351001169883e-02
2.558381050114260161e-02
2.543278824242459907e-02
2.534587165880229989e-02
2.500202012192139986e-02
2.505084568693239852e-02
2.488869916690960096e-02
2.484593751855429869e-02
2.466666719972439997e-02
2.453705918105299894e-02
2.442233545743570031e-02
2.410622148759759831e-02
2.421861919740130042e-02
2.408445673150400035e-02
2.397672536582819841e-02
2.383517086360240067e-02
2.376069767788619932e-02
2.369320758923650072e-02
2.353153181757770135e-02
2.348873642610650042e-02
2.336390135675149929e-02
2.327109231386079863e-02
2.323267714242180024e-02
2.308973426991069861e-02
2.285184397212109905e-02
2.296105233120130165e-02
2.284037432992160055e-02
2.282196054905870006e-02
2.275572237542650145e-02
2.247497832626660016e-02
2.260831637262199906e-02
2.254191959152060040e-02
2.247968009066459924e-02
2.241284018573939940e-02
2.235356011423409936e-02
2.232604527148720000e-02
2.181814099865889839e-02
2.178834612917069855e-02
2.220360165470409985e-02
2.216421806312150050e-02
2.213572878662359994e-02
2.212141440412110013e-02
2.203437218535799977e-02
2.204290033968669960e-02
2.197884344140419929e-02
2.196077045022249916e-02
2.195252090979980114e-02
2.193433240170740081e-02
2.189018341470900034e-02
2.187534676679080137e-02
2.187361390373469827e-02
2.186719008665139949e-02
2.186340542648020080e-02
2.183942986805360170e-02
2.184795234809260023e-02
2.183117955184429859e-02
2.185238392732370000e-02
2.185717182129329889e-02
2.185334054660620015e-02
2.182290605462530036e-02
2.191020577990139898e-02
2.169951893836160120e-02
2.193025182559379949e-02
2.189700321051819831e-02
2.192653833643160022e-02
2.196259525545070021e-02
2.201740989150189828e-02
2.205792620546529956e-02
2.209417781455709842e-02
2.208245640404429833e-02
2.214736636677419948e-02
2.218275147173700071e-02
2.223100092668579830e-02
2.227862283301210167e-02
2.233201593174960128e-02
2.220622595002470084e-02
2.244570959079110126e-02
2.249921761160560141e-02
2.257068984126910094e-02
2.262931313511380021e-02
2.272187285769619938e-02
2.258028341994339910e-02
2.283676203008989936e-02
2.290343123989749957e-02
2.299964218014249884e-02
2.307363241910029977e-02
2.314817553994430108e-02
2.304650720734740046e-02
2.330552509655110099e-02
2.335410199842749904e-02
2.344489222155040145e-02
2.350719395339340156e-02
2.360667280005110044e-02
2.367968960672900067e-02
2.376414827609949973e-02
2.382750250167380013e-02
2.380049544282649907e-02
2.402188227222069872e-02
2.399946250251979926e-02
2.423506203912180121e-02
2.428220869037549939e-02
2.440678456103110086e-02
2.443228739136029878e-02
2.459306771284869991e-02
2.466470859745739999e-02
2.476264173639109931e-02
2.485071954324030025e-02
2.495751771109519859e-02
2.505278421857479870e-02
2.514229991415040111e-02
2.525994860755350138e-02
2.536444663653060136e-02
2.544647711820970104e-02
2.552281756868339871e-02
2.561745945067290045e-02
2.570835771764400091e-02
2.581565489454210049e-02
2.592721897672370032e-02
2.605124506970870127e-02
2.612633304666860112e-02
2.619903525795249863e-02
2.628532608770529910e-02
2.639331530494139905e-02
2.650977639127869920e-02
2.656067575977860001e-02
2.666575163123499972e-02
2.675495623068370118e-02
2.687681303449419856e-02
2.693154381617069923e-02
2.702588284471860169e-02
2.714082949422899974e-02
2.724751957195260116e-02
2.722191329479509841e-02
2.740984942535490063e-02
2.752794139218670000e-02
2.741666800496810052e-02
2.772113734984699845e-02
2.778917678345639922e-02
2.792428450994659944e-02
2.800136746537509880e-02
2.813612675263390053e-02
2.821131317426599922e-02
2.819943422172749986e-02
2.829374536470369988e-02
2.838587025858689897e-02
2.828727359102320080e-02
2.855044554453260025e-02
2.859642844120669977e-02
2.864549277450419845e-02
2.876068282844460033e-02
2.879024412094860139e-02
2.889949605634799940e-02
2.899813592655139938e-02
2.904653842918900053e-02
2.906065346896680168e-02
2.923573252263210118e-02
2.924605530722310109e-02
2.925011209227710088e-02
2.938342464665349985e-02
2.939115487724430070e-02
2.947301465139209875e-02
2.951089449713820145e-02
2.953279309741699971e-02
2.961510761950629858e-02
2.963996014921069927e-02
2.955882849148589939e-02
2.975156669199049975e-02
2.980870360646090123e-02
2.993216328372539856e-02
2.988130877377969882e-02
2.996337361945810088e-02
3.002837870173959839e-02
3.007500656189989949e-02
3.006826656885639923e-02
3.012192079068539904e-02
3.014973681239880091e-02
3.020290147816969903e-02
3.021395707448110146e-02
3.021780203643820162e-02
3.026910455775039949e-02
3.029383044891089879e-02
3.032628609163650138e-02
3.036923993222409926e-02
3.036741651333769998e-02
3.043876951477409928e-02
3.045008233558519836e-02
3.046968711692329967e-02
3.054812852136160051e-02
3.053501350643789830e-02
3.059624086447389896e-02
3.059169983182160116e-02
3.105318927241640034e-02
3.058268713336340094e-02
3.061780557658669993e-02
3.053778429904310115e-02
3.057793330853909863e-02
3.057811322318509939e-02
3.330908899856450250e-02
3.060902706772429885e-02
3.056876337137659841e-02
3.054038182647869984e-02
3.057400408939510081e-02
3.054669896231769835e-02
3.058564898536880045e-02
3.059424239860239828e-02
3.054369390090010128e-02
3.056885085554660042e-02
3.057552116715319887e-02
3.055531552894389866e-02
3.054760943139070081e-02
3.051447039292460098e-02
3.051045647987959963e-02
3.048482435012530092e-02
3.043976728344779947e-02
3.042337182644350158e-02
3.044045912234890142e-02
3.037541022900199991e-02
3.039089844750600053e-02
3.032914346755649984e-02
3.028600853882169874e-02
3.026367361925930144e-02
3.025379827410419956e-02
3.014510220428870055e-02
3.017037751375980029e-02
2.992751535664259915e-02
3.007007576104769875e-02
3.001582010035210024e-02
2.993866152422449897e-02
2.993505638431720114e-02
2.983810642894000123e-02
2.982664053491820150e-02
2.975320930410890047e-02
2.971201376825840026e-02
2.968199388071979944e-02
2.955975853597499897e-02
2.957016637400240039e-02
2.940533233362370089e-02
2.939982190052679856e-02
2.933026691998049870e-02
2.927699993840050113e-02
2.914317121095640062e-02
2.916212526337879848e-02
2.906675780950829929e-02
2.896634784044870015e-02
2.888379318316859970e-02
2.881575973981429992e-02
2.869398208594239885e-02
2.868216586391139980e-02
2.852412925531060128e-02
2.851915304791829975e-02
2.840758977705259980e-02
2.838198454905640003e-02
2.823420441421689922e-02
2.823893230552540143e-02
2.813444966387399979e-02
2.804269679152239861e-02
2.795368674319280086e-02
2.789028022224079861e-02
2.781972623752959964e-02
2.777406940607559868e-02
2.766241742842049864e-02
2.757230549287470120e-02
2.748130457156820056e-02
2.744808549870469960e-02
2.736396374662240089e-02
2.729339282547890017e-02
2.721079930584340001e-02
2.712634144940830050e-02
2.705556631424660061e-02
2.699440449326160132e-02
2.694166337560219976e-02
2.681856648135760163e-02
2.677001886281080156e-02
2.674125790342590098e-02
2.664555931568689945e-02
2.652857380184180103e-02
2.648364555419609884e-02
2.642251402608419841e-02
2.641873331802679914e-02
2.631323056596350171e-02
2.620720614754940003e-02
2.615573938352089983e-02
2.610506883744220102e-02
2.608904513107309850e-02
2.594963985932920159e-02
2.593011981992850157e-02
2.585041390683750009e-02
2.565664443531090119e-02
2.571865651608429976e-02
2.567718820001890084e-02
2.565531322813080148e-02
2.555959489889840161e-02
2.553650884450079858e-02
2.548528636063549999e-02
2.541554178032870079e-02
2.537983856609389924e-02
2.532453125685630094e-02
2.531829198442760165e-02
2.527818218138589909e-02
2.519739174473180007e-02
2.516546151310250154e-02
2.511398761641309846e-02
2.504419741002790120e-02
2.501863995374899868e-02
2.498626890437309969e-02
2.494443210469760031e-02
2.496583408864369927e-02
2.488466566512550007e-02
2.485953095464439946e-02
2.482073161600549874e-02
2.477465675072470022e-02
2.478449173334480032e-02
2.476359271983080007e-02
2.470059329172330162e-02
2.469979273493259908e-02
2.469639863248099948e-02
2.466231895648469952e-02
2.461487667264319890e-02
2.460190796714569958e-02
2.458419538217340022e-02
2.460828628794550083e-02
2.454037765789380057e-02
2.455731056593429829e-02
2.450533632374410006e-02
2.451715630278570104e-02
2.454544108359330012e-02
2.427879632622000072e-02
2.437608374488950055e-02
2.453561869711850044e-02
2.449953777599190100e-02
2.455814253058649990e-02
2.456456965144869845e-02
2.456746692339410038e-02
2.459064450010069874e-02
2.456306419991979850e-02
2.461873573162810108e-02
2.463795371673380141e-02
2.463818513840169977e-02
2.465853985020749831e-02
2.469257246770470079e-02
2.469032751066220152e-02
2.470549654087820027e-02
2.474480580362189985e-02
2.477543765749010141e-02
2.480421776820740040e-02
2.483586967926229919e-02
2.486956015712910029e-02
2.490405579804659889e-02
2.490410388290240085e-02
2.484926210351109943e-02
2.502095954751709997e-02
2.503412424424079907e-02
2.508692789258239880e-02
2.516069274925079868e-02
2.521129143686630034e-02
2.523768913220660048e-02
2.525430650667730148e-02
2.515600778889489839e-02
2.535435917326149882e-02
2.543985162303799910e-02
2.548576151960560074e-02
2.552492700590959854e-02
2.561186910488300050e-02
2.564205065192479843e-02
2.570253221520149914e-02
2.572062056031049898e-02
2.577854924769119871e-02
2.586820817355379998e-02
2.591567451535969901e-02
2.598987435338730168e-02
2.603018111685369979e-02
2.607858220167010022e-02
2.615452033759239903e-02
2.622201837086610143e-02
2.614511734969490048e-02
2.636919861033440102e-02
2.640351593630699961e-02
2.649008282813709869e-02
2.651399853897699888e-02
2.656987083496009996e-02
2.666772402274800169e-02
2.675241194457440158e-02
2.679268333360149829e-02
2.684617245436069985e-02
2.695170584066379840e-02
2.702936909196020088e-02
2.707231582383810148e-02
2.718177125169140076e-02
2.724799631792339943e-02
2.732192081964550032e-02
2.737751315582239928e-02
2.746475717655180032e-02
2.750045186281109902e-02
2.761409570672319902e-02
2.763386539862299970e-02
2.771513150310959961e-02
2.778709103995929963e-02
2.782518478043519844e-02
2.785430781032999931e-02
2.793518531529989857e-02
2.797059683196290170e-02
2.803726444148249911e-02
2.810706672248420093e-02
2.813284638460790063e-02
2.818103900302789885e-02
2.828997184791070055e-02
2.831076651836430050e-02
2.832806034926739838e-02
2.836437166897889939e-02
2.839580543128539941e-02
2.838476387467989831e-02
2.472446589701660091e-02
2.846579235282720166e-02
2.849105355104340070e-02
2.847206154975389855e-02
2.312455041868369948e-02
1.894878599783430054e-02
2.888850898881959936e-02
2.940546042046909836e-02
2.966111235441369967e-02
2.840448631621040124e-02
2.877281172796219977e-02
2.898311777181980173e-02
2.901951206942059852e-02
2.892151523732090085e-02
2.905022870048629829e-02
2.908966343832130111e-02
2.907528514061219829e-02
2.905952252558220011e-02
2.908590266148149833e-02
2.901167556120549940e-02
2.900744993623659979e-02
2.904425971621929850e-02
2.908570761378139954e-02
2.913558425090150006e-02
2.921430478303679856e-02
2.928293796168550053e-02
2.936160164487679886e-02
2.942355471936039871e-02
2.946244480744489996e-02
2.950474812844640013e-02
2.952658957481750154e-02
2.952859586538260014e-02
2.956268072883759881e-02
2.957112137944909944e-02
2.959524606177429962e-02
2.961075225408500017e-02
2.962952432836690048e-02
2.963553449115719982e-02
2.963682547427900008e-02
2.964181720505349935e-02
2.966093541179599946e-02
2.967361470243269975e-02
2.967607677101029989e-02
2.969253688563689916e-02
2.968550609511180077e-02
2.968232169048659955e-02
2.968497063194289881e-02
2.968709673093839971e-02
2.970159865850949960e-02
2.970143951095039966e-02
2.970200467735370151e-02
2.971160059634679954e-02
2.971043383150289915e-02
2.970761483236319944e-02
2.971688923955579861e-02
2.971954489948799849e-02
2.970955630646189907e-02
2.972434975131929905e-02
2.972508885515460011e-02
2.969766074102530087e-02
2.970852776199240167e-02
2.970765227560979993e-02
2.970833190099310059e-02
2.970205234213319986e-02
2.971130325215899995e-02
2.972292810098790122e-02
2.970874723970640119e-02
2.970910775513059890e-02
2.970962030593459965e-02
2.971565029974420138e-02
2.971540175553500154e-02
2.972064203178719985e-02
2.972247141748559848e-02
2.969945161953189972e-02
2.969647777945290043e-02
2.969886807730099873e-02
2.968726136931990056e-02
2.969295633229819889e-02
2.970291019271820154e-02
2.970224265340089959e-02
2.971418182624070009e-02
2.970252795141349947e-02
2.969354208738040138e-02
2.969483109593000145e-02
2.971033028235879961e-02
2.970647197121590102e-02
2.970449296741480005e-02
2.970782684933990017e-02
2.970028836237779968e-02
2.970624850891639968e-02
2.968150288835290015e-02
2.969179503938169928e-02
2.967006992295450132e-02
2.970401953541159865e-02
2.969346860536270158e-02
2.966273667786090140e-02
2.966525028078180123e-02
2.965321052786459854e-02
2.965574550875079915e-02
2.963026133744000104e-02
2.962939878827839865e-02
2.963551183208370035e-02
2.958972468046490098e-02
2.958086214724950022e-02
2.954000329000550096e-02
2.953275950371760106e-02
2.947767690871639854e-02
2.951162434804930138e-02
2.947619120544790056e-02
2.941932860859710133e-02
2.937632787077430058e-02
2.937557281204860107e-02
2.931413875477429862e-02
2.928469613582719913e-02
2.930203260580909949e-02
2.926544322832499989e-02
2.923912492443350025e-02
2.917317156011409868e-02
2.913635721587189836e-02
2.912630691646760084e-02
2.909907453409110029e-02
2.901962918668329894e-02
2.902089538994770054e-02
2.894397798047360082e-02
2.891801418931960049e-02
2.889056880074510059e-02
2.886830231842709912e-02
2.885380224619759834e-02
2.874420660505409841e-02
2.873044710350169950e-02
2.869215009859400062e-02
2.861452457099230087e-02
2.859925564598059938e-02
2.857325705805250152e-02
2.854428543214870134e-02
2.851135887141199865e-02
2.842577402216530172e-02
2.823268318974260158e-02
2.839544290178139946e-02
2.831387181492499988e-02
2.826538167685150107e-02
2.822358098734750048e-02
2.806829620163120084e-02
2.819881609350160037e-02
2.813184263763730125e-02
2.806475969410879984e-02
2.801171404316970051e-02
2.793191422832790038e-02
2.795639294389800147e-02
2.791146990385839910e-02
2.786493222123969868e-02
2.783983146155679864e-02
2.779232737717909907e-02
2.774779651689709969e-02
2.770841902201549856e-02
2.764460650672239880e-02
2.758855026016089965e-02
2.760079264617069927e-02
2.751820974597289984e-02
2.746570280051170015e-02
2.743047856331640166e-02
2.741548022689660122e-02
2.736183725551289900e-02
2.733585187265660105e-02
2.725986092320379847e-02
2.726498932959529886e-02
2.720520382831819947e-02
2.716116709359340034e-02
2.708697333458279927e-02
2.712045717341959872e-02
2.707156815921700141e-02
2.700589858248590019e-02
2.701828888580429938e-02
2.697235913355210124e-02
2.690370177590109893e-02
2.690531127324330071e-02
2.683992555009650019e-02
2.669281521144930072e-02
2.682317644231710027e-02
2.677100519347900068e-02
2.668672804441769852e-02
2.670142872313700094e-02
2.668748014746080005e-02
2.667653323381400168e-02
2.663819669033440016e-02
2.642298225344689999e-02
2.656920639820909910e-02
2.653885030814020010e-02
2.646064197473730131e-02
2.648057591297429958e-02
2.646387285717740137e-02
2.643783671214219866e-02
2.643694712987470011e-02
2.638380003797800161e-02
2.635695310500680080e-02
2.635097406017269939e-02
2.632865870786179827e-02
2.631082815010259840e-02
2.629102574707689946e-02
2.627047650596709902e-02
2.627910315357359985e-02
2.626911221410600100e-02
2.623853240662980119e-02
2.620065777376669874e-02
2.620651089775840117e-02
2.618260598947130119e-02
2.618555775413719880e-02
2.616036503137710023e-02
2.616628942534210064e-02
2.614097824136070100e-02
2.616892506992180012e-02
2.603499504350020172e-02
2.612637052482229966e-02
2.611261816679360040e-02
2.609895448000339874e-02
2.609148184782529925e-02
2.604381468553509937e-02
2.608116715400250057e-02
2.604723577680160065e-02
2.603409979676760133e-02
2.587568224652490173e-02
2.604740083547419857e-02
2.602143112586060084e-02
2.603879725403079881e-02
2.599528907779890055e-02
2.598054470228540122e-02
2.598200755320440036e-02
2.597622747428749920e-02
2.584318333153410099e-02
2.595980147183740011e-02
2.592231481346459962e-02
2.592999872029759859e-02
2.593787104484529885e-02
2.592257507000600078e-02
2.592674035100460059e-02
2.591090116388219955e-02
2.591449451596180079e-02
2.573598850781839975e-02
2.589322507054640093e-02
2.572828576398400111e-02
2.586873883473200103e-02
2.573329441294540040e-02
2.587094153565730123e-02
2.571641146335030062e-02
2.585775935021869879e-02
2.583387846111569880e-02
2.567616127575179930e-02
2.579836128471869883e-02
2.581006480991180144e-02
2.579141314504769869e-02
2.582161673137550045e-02
2.564102745089240007e-02
2.578959696633309831e-02
2.577926572012550002e-02
2.574845762888519976e-02
2.576982438017810101e-02
2.573315314884979874e-02
2.573498656923309952e-02
2.576597353504039845e-02
2.571825025456159902e-02
2.569688682749330169e-02
2.569405417199059974e-02
2.568188990775820135e-02
2.570458279408209881e-02
2.566563630569590124e-02
2.568435849869549897e-02
2.566321509217889957e-02
2.564179531530140152e-02
2.565653772944929967e-02
2.564418963010069857e-02
2.565021355083120166e-02
2.562813638442600073e-02
2.560451709499190001e-02
2.563334352149709838e-02
2.560041354966280033e-02
2.558959496146200052e-02
2.558673030797219833e-02
2.558270491933880078e-02
2.560462711947769990e-02
2.558980873776369944e-02
2.561046192840479852e-02
2.559525788774370120e-02
2.557486543535029966e-02
2.558674602202340095e-02
2.561327974097779916e-02
2.557831080724359829e-02
2.558389040586489874e-02
2.557554920451760028e-02
2.558882160528479915e-02
2.558892477196950122e-02
2.560024830195990059e-02
2.557738849726630057e-02
2.558512565100359848e-02
2.558723392512049846e-02
2.560010458418430015e-02
2.562059185749050033e-02
2.559142161325270171e-02
2.560727524953739995e-02
2.563660977315769876e-02
2.562588333058250095e-02
2.565391736572709969e-02
2.564060001789090007e-02
2.566469536380019956e-02
2.567171805282709995e-02
2.568615646812969985e-02
2.567829658692859923e-02
2.569108387112239988e-02
2.569133565382999973e-02
2.572515877737480139e-02
2.576279310715130083e-02
2.574150753232970143e-02
2.578138899655079905e-02
2.579122424041650069e-02
2.578523458567279908e-02
2.581608381779320130e-02
2.580322877836640008e-02
2.584614799497299970e-02
2.583213666473909917e-02
2.589709904619970013e-02
2.571978842015610126e-02
2.591380572094209925e-02
2.594025241743309895e-02
2.595092875232600169e-02
2.595517066496820166e-02
2.603021971024030087e-02
2.601023408056999872e-02
2.602735316043279859e-02
2.608338538101900167e-02
2.607134242188419854e-02
2.613216192609819910e-02
2.615264959300729955e-02
2.618590205789329828e-02
2.620743766266709837e-02
2.611868418822699961e-02
2.627084245494090003e-02
2.627243341471960023e-02
2.631699565867240062e-02
2.632985010653809965e-02
2.636404702491410013e-02
2.640982322699770082e-02
2.643315383688329967e-02
2.646467226565449998e-02
2.646376282151400097e-02
2.652301283147640021e-02
2.653763738543219938e-02
2.654191201732159985e-02
2.659683368531010061e-02
2.660643505370020173e-02
2.663785599187069864e-02
2.667140289826519864e-02
2.672241630518289862e-02
2.674516239531049902e-02
2.666746735332399879e-02
2.684159177546549882e-02
2.685043271034990089e-02
2.688677325919729827e-02
2.690899795673610054e-02
2.695163807024280114e-02
2.693522015325979999e-02
2.697650617315710056e-02
2.701543616234439865e-02
2.702639006852789946e-02
2.708674272263469907e-02
2.709322472528919931e-02
2.710048754606509888e-02
2.713345551077410087e-02
2.713545001808220086e-02
2.715518837301139979e-02
2.716415803642899945e-02
2.839900992184149833e-02
2.780950521308120024e-02
2.266662019674599987e-02
2.010140249418910022e-02
2.727382940559339858e-02
2.729647826791080020e-02
2.460945642233580005e-02
2.224921847330740138e-02
2.749618658750049849e-02
2.275623028877860055e-02
2.914748700585249874e-02
2.756871208041290072e-02
2.721395781529380165e-02
2.863852044002709873e-02
2.764547134474220139e-02
2.780391454843040080e-02
2.780761171416000141e-02
2.780551035419200068e-02
2.777501410759599873e-02
2.778907412615809827e-02
2.777732619551979976e-02
2.777359866963570109e-02
2.778424331525729957e-02
2.775613536571820000e-02
2.781167859818019922e-02
2.788128516433470080e-02
2.795329593002340157e-02
2.801908403020160129e-02
2.808779038106129847e-02
2.816371294526729893e-02
2.821400416028430058e-02
2.825472234186380063e-02
2.829428869960870160e-02
2.832568879947009940e-02
2.835944809663869942e-02
2.839565209894470005e-02
2.842174660917079834e-02
2.843024191211240143e-02
2.845784308894089981e-02
2.847443007204910129e-02
2.848827394262989920e-02
2.850055439595619924e-02
2.851087990949970064e-02
2.852789937042289961e-02
2.853152841803860071e-02
2.854030510978260160e-02
2.854867922877530120e-02
2.854929032882390014e-02
2.857089591170310083e-02
2.857232138965829990e-02
2.858039256150519958e-02
2.858555914473909915e-02
2.858561334278409902e-02
2.859587980284479872e-02
2.859335503268869982e-02
2.858880498593700109e-02
2.861298359231900096e-02
2.861295834161260015e-02
2.861014145702649863e-02
2.861434483039120014e-02
2.860480417581889867e-02
2.860744211130440001e-02
2.860870856105799873e-02
2.862573860144429841e-02
2.863111134430260107e-02
2.862741270598850168e-02
2.863121014727420047e-02
2.862843960087809933e-02
2.862712586436159945e-02
2.862481104392559927e-02
2.862712586436159945e-02
2.862773094086890069e-02
2.862613676773910140e-02
2.863165135577960124e-02
2.862773094086890069e-02
2.862421053983900052e-02
2.863128252384240097e-02
2.864063913172830086e-02
2.862731056397679885e-02
2.863615104026799932e-02
2.864102404184419928e-02
2.864003013567199829e-02
2.864143204908950122e-02
2.864115627035419831e-02
2.865597849972000011e-02
2.865613275969320153e-02
2.865806523134080061e-02
2.864325622093219850e-02
2.864870875123800079e-02
2.863988412096360112e-02
2.864688191054020130e-02
2.865414121795049895e-02
2.864243799142780073e-02
2.864538647421219913e-02
2.864686164339659905e-02
2.865241445816510066e-02
2.865427620719390028e-02
2.865352580283279937e-02
2.866643133871400045e-02
2.865395290821139834e-02
2.865083179265370122e-02
2.866232340882909901e-02
2.865728874154799960e-02
2.865532694236680097e-02
2.865799896165379876e-02
2.866213965063139912e-02
2.865991050821930022e-02
2.865775363238250162e-02
2.864932977991629937e-02
2.865176245393780130e-02
2.866574007827489903e-02
2.864202098204579952e-02
2.863181559891279926e-02
2.863316114080400113e-02
2.864259424834560142e-02
2.864939224875250046e-02
2.865468901826419973e-02
2.865850636435079979e-02
2.864305669393120077e-02
2.865887557266779892e-02
2.865212523730949895e-02
2.864003377180479940e-02
2.864602730806809980e-02
2.862431560831429911e-02
2.863992842640400091e-02
2.864243764742760087e-02
2.862170456250930084e-02
2.864051707349580048e-02
2.862837410400249916e-02
2.862837487071830112e-02
2.864343159085780063e-02
2.862479078794349929e-02
2.861658516548529901e-02
2.862444148774699951e-02
2.860754162660720037e-02
2.860691464451210059e-02
2.856104691748639901e-02
2.859192017451029841e-02
2.857303310765490004e-02
2.853666834631629970e-02
2.855074079011149860e-02
2.849849933749189906e-02
2.850911557141319955e-02
2.850414209229629875e-02
2.848560613117760015e-02
2.848089177027720090e-02
2.841754834025760068e-02
2.842412292192179890e-02
2.842024840166859981e-02
2.839393109295600126e-02
2.838956799407149970e-02
2.838987828828960086e-02
2.838450597216210167e-02
2.836362772743269978e-02
2.831912227417929945e-02
2.828973855669940016e-02
2.828175932668059930e-02
2.828045595258359829e-02
2.824946470103659873e-02
2.825365173442739852e-02
2.825659087613300105e-02
2.821346283900269883e-02
2.818909983358190013e-02
2.819004849268209878e-02
2.816025834397179947e-02
2.819301088298930072e-02
2.813268673407679984e-02
2.810069851456009973e-02
2.807420702198819978e-02
2.806344353367720007e-02
2.802143100859439892e-02
2.802630867687759889e-02
2.801896610404780094e-02
2.796934907652470076e-02
2.794064139236070166e-02
2.793976151384969936e-02
2.791272235428500156e-02
2.787447017186470144e-02
2.787964213869149888e-02
2.787283829576839983e-02
2.788043377356989871e-02
2.784604123615840032e-02
2.780138090661940162e-02
2.773644970095729897e-02
2.775869978453040024e-02
2.772850094445620042e-02
2.772744790525679889e-02
2.769961565043079985e-02
2.766531431255659854e-02
2.764668573314000080e-02
2.762916495969969938e-02
2.761978790946740051e-02
2.759972748010519963e-02
2.757694870620929981e-02
2.757102973536660132e-02
2.753089466374019842e-02
2.754110357534359996e-02
2.748722186445730006e-02
2.746823295232629983e-02
2.748431559111080141e-02
2.746047311357899950e-02
2.746383445098880133e-02
2.743405443001549829e-02
2.743783961125259921e-02
2.741425983785270026e-02
2.741279582030260037e-02
2.740392217470079966e-02
2.737013317721850164e-02
2.740679690309909960e-02
2.735084449141370055e-02
2.736180606843870156e-02
2.735729124755269942e-02
2.732739636912440151e-02
2.736096079106179954e-02
2.730948496630400055e-02
2.732202760547070008e-02
2.719182552593779958e-02
2.729711403566489891e-02
2.731813279163970015e-02
2.729332992692589874e-02
2.730372842181049906e-02
2.730972961094819962e-02
2.729911538218660061e-02
2.732262357125789937e-02
2.729588485283549956e-02
2.727940958302620122e-02
2.728899256294819997e-02
2.725168630889879956e-02
2.727341461099429959e-02
2.729464433658590136e-02
2.725164151027829884e-02
2.725338551364420159e-02
2.726975478235639863e-02
2.724877975367229893e-02
2.726149726273790000e-02
2.726213304094909917e-02
2.722735397874529936e-02
2.724995692928739929e-02
2.724967208648080078e-02
2.726685975108069857e-02
2.724091792064519887e-02
2.726068448870060112e-02
2.723147233469910139e-02
2.723441585201579959e-02
2.721207869625640041e-02
2.720795970987860066e-02
2.723175875294690101e-02
2.717848893206229952e-02
2.719618108656380109e-02
2.718021663763110080e-02
2.721396187334590086e-02
2.716137158400599994e-02
2.716323866957410030e-02
2.716270196437359924e-02
2.718211549597699880e-02
2.715692766686600076e-02
2.712737724885510085e-02
2.716024831180360172e-02
2.714956166715340111e-02
2.710793368437559858e-02
2.715641052153959858e-02
2.711022627790920028e-02
2.711013712309549850e-02
2.707213238403069835e-02
2.706258626392690075e-02
2.708676091848859907e-02
2.709019834715890168e-02
2.707503146882499906e-02
2.708599111957460046e-02
2.707090789295379940e-02
2.703914837968399848e-02
2.707250960943740140e-02
2.704788455479879838e-02
2.703536891368379935e-02
2.700948566625930095e-02
2.700463726112629914e-02
2.700766900190219866e-02
2.699724583750439874e-02
2.697146567414189858e-02
2.699811848368060055e-02
2.699579765409279922e-02
2.700547835888539999e-02
2.700811860689610044e-02
2.696860043992869993e-02
2.694571103430550008e-02
2.696362843029409886e-02
2.694959646468279846e-02
2.693909722557239969e-02
2.692507122263020081e-02
2.690885167654979981e-02
2.690387688754559969e-02
2.690992061560150070e-02
2.688282471002249874e-02
2.688325066004099845e-02
2.688534121692080087e-02
2.689311636724460094e-02
2.685719616919720124e-02
2.687099954940989910e-02
2.687099942012139905e-02
2.687700242184209998e-02
2.686695668238240145e-02
2.685818959470459913e-02
2.687047566145410113e-02
2.683598910838230073e-02
2.688497429911580056e-02
2.686783797351870173e-02
2.688568483988409974e-02
2.685812635152350081e-02
2.682260124006239851e-02
2.684178587476730021e-02
2.686147459376509936e-02
2.685910103567819979e-02
2.686655176389129984e-02
2.688380111064219910e-02
2.686936846346549973e-02
2.687919080855409940e-02
2.686011955386529912e-02
2.687615720966270161e-02
2.689208858938400143e-02
2.688088912674639966e-02
2.690906816846149949e-02
2.694264781220160124e-02
2.691699324204360061e-02
2.688921433123489871e-02
2.694097299861529862e-02
2.693549727715570039e-02
2.692773486608120159e-02
2.698160676966929877e-02
2.697164264948299917e-02
2.697968934755079831e-02
2.698703310222130142e-02
2.697711446820939829e-02
2.696204042355460073e-02
2.700508234591270096e-02
2.699536506054280027e-02
2.699691663710020173e-02
2.701123643874549923e-02
2.702422234338270127e-02
2.703277215172649947e-02
2.700162068512940161e-02
2.704861632703409874e-02
2.705701067143490013e-02
2.698220588876280163e-02
2.703991536783439953e-02
2.705707282417029944e-02
2.704292223541999995e-02
2.706193281609730120e-02
2.708246811738020121e-02
2.703340678453580032e-02
2.706032452335219857e-02
2.707963619029779903e-02
2.709844675305909945e-02
2.709544962491130041e-02
2.711223308172629881e-02
2.710687513474219906e-02
2.710356617583519964e-02
2.708916483992010113e-02
2.712009911678149934e-02
2.707816573236640142e-02
2.712323071992599893e-02
2.709646069076829950e-02
2.707163550102049954e-02
2.710887190820189876e-02
2.708901568479269925e-02
2.710512824018360134e-02
2.711795518792179879e-02
2.714908048117160161e-02
2.709521562286390170e-02
2.714452656260729971e-02
2.714657269171480078e-02
2.712254265720569907e-02
2.711628420754449986e-02
2.710694821337050059e-02
2.709820542647270111e-02
2.713572591223229954e-02
2.713679851738760168e-02
2.712542912080090005e-02
2.712039615835210027e-02
2.712317381211740153e-02
2.713061349173009895e-02
2.712210432308220093e-02
2.714117922706649894e-02
2.711011018312069892e-02
2.710892230789150106e-02
2.713465400632210020e-02
2.715551831298920055e-02
2.713930882559570032e-02
2.713095651520079990e-02
2.710777405637290055e-02
2.714295885384010107e-02
2.708123295348939877e-02
2.710449433077390113e-02
2.713806807722949840e-02
2.714050256718120169e-02
2.711574705954829939e-02
2.710930085110579979e-02
2.711833570408679964e-02
2.710735054113680084e-02
2.712266806682729972e-02
2.706652385950060122e-02
2.708831914208379918e-02
2.711866719054590105e-02
2.707889307783480082e-02
2.710172571490929855e-02
2.708003073909339906e-02
2.707956360143070132e-02
2.709004068227570047e-02
2.708224540688049936e-02
2.705744011398489995e-02
2.706185191492310044e-02
2.707726355743600086e-02
2.706067579720080121e-02
2.706760870434540139e-02
2.706783443003939887e-02
2.707684247871600114e-02
2.704501411239920022e-02
2.704382923140639938e-02
2.705445732689940042e-02
2.706545474118069936e-02
2.703076304963769952e-02
2.702551870473509851e-02
2.701355479644279925e-02
2.702301636733649842e-02
2.700776093041069859e-02
2.701518407778270153e-02
2.701505264213829860e-02
2.701859070036550028e-02
2.699079089006480026e-02
2.701688702411849871e-02
2.703454820533909841e-02
2.698987967505970045e-02
2.699309092444599975e-02
2.697821254204890024e-02
2.699460344241870133e-02
2.698409714332190151e-02
2.695804634369070030e-02
2.697191202223070058e-02
2.697312324387990054e-02
2.697516769579400009e-02
2.697544465602310162e-02
2.698806228911810115e-02
2.698638408215460124e-02
2.698858925550920093e-02
2.694084779931439980e-02
2.698109450069860124e-02
2.698370446240060117e-02
2.697686658442130167e-02
2.696712737388300141e-02
2.698055801633900130e-02
2.699009662302840132e-02
2.697898726879839962e-02
2.699826849961229833e-02
2.697730443887690066e-02
2.699303646312080016e-02
2.699400553995719848e-02
2.702580206179459876e-02
2.701139558436179908e-02
2.701394530541300146e-02
2.702815287337249905e-02
2.703112095190330147e-02
2.701037624363920170e-02
2.703776335193529973e-02
2.700933517265970141e-02
2.703631636144889980e-02
2.702549784325939883e-02
2.704595978998109926e-02
2.704961132594019962e-02
2.702841136139839950e-02
2.704160732390109914e-02
2.705135316094409853e-02
2.710427711033620152e-02
2.706218621781060138e-02
2.705959505740329965e-02
2.706921667931479897e-02
2.708544618026620041e-02
2.709502661000569995e-02
2.708858184664989996e-02
2.710509076600740169e-02
2.708350356431379891e-02
2.707472197573250125e-02
2.709459919258060123e-02
2.709261397125370049e-02
2.708041277694910043e-02
2.710140130611760068e-02
2.709636158585360111e-02
2.705876068334719942e-02
2.707614014513089890e-02
2.706312432965980036e-02
2.709866473274019985e-02
2.709959894069469827e-02
2.711705080642879892e-02
2.715098358429689912e-02
2.714542815201110085e-02
2.716809105376749925e-02
2.720182334876970059e-02
2.722495159499849909e-02
2.723936878512259879e-02
2.726664335444059853e-02
2.730138424876819847e-02
2.732223470732509860e-02
2.735562357768470121e-02
2.738775880851080161e-02
2.743974868415199886e-02
2.748968391542489995e-02
2.750849784329240100e-02
2.753832725295629960e-02
2.755758614509979873e-02
2.759262309987160072e-02
2.762298745411230147e-02
2.765289963955539984e-02
2.768318161865960039e-02
2.769806138160069847e-02
2.774978007834140101e-02
2.776966775664040099e-02
2.779631647970590147e-02
2.782673467957290023e-02
2.784371031890829976e-02
2.784861283043950017e-02
2.786476273180870170e-02
2.788288727313820159e-02
2.790682649722680056e-02
2.792637979000180126e-02
2.793780700468490030e-02
2.793626358527019973e-02
2.796350507064429905e-02
2.797111122556529897e-02
2.798899196539550091e-02
2.799557493785230153e-02
2.801521188457700012e-02
2.801369993922650167e-02
2.803153904641359981e-02
2.803661307925970139e-02
2.805451042751649915e-02
2.805381825835380136e-02
2.806345461668240115e-02
2.805733513501890153e-02
2.807524709433489862e-02
2.807559231111420028e-02
2.808371321109820115e-02
2.808731625816199978e-02
2.807551821806979903e-02
2.808135825472590080e-02
2.809229096372780135e-02
2.808378618262050153e-02
2.808608352811079942e-02
2.809255958200339992e-02
2.809113222409469895e-02
2.808989204010739829e-02
2.809660672772720108e-02
2.809901275767159867e-02
2.809499449472959917e-02
2.810253914692609906e-02
2.810314446118149928e-02
2.810108901382109975e-02
2.810917402866830103e-02
2.810393956372969973e-02
2.810656979823440010e-02
2.810530258341860030e-02
2.810437464545560010e-02
2.810699366198250032e-02
2.811408206916140087e-02
2.812138955229069939e-02
2.810696610176489918e-02
2.811321140870130103e-02
2.810561197229519831e-02
2.810275706334519966e-02
2.811093835982049829e-02
2.809946117966709983e-02
2.809631662588360154e-02
2.809061120724659980e-02
2.809794137016129872e-02
2.810799195656400046e-02
2.810052115592430108e-02
2.810715816821100083e-02
2.811060748824829869e-02
2.811311685986820144e-02
2.811156534296069959e-02
2.810334393689640012e-02
2.810097444028309896e-02
2.810539702289619954e-02
2.810290321986580117e-02
2.809832511147400055e-02
2.809487031957659878e-02
2.809312409790769988e-02
2.809827390839140029e-02
2.809724670314460090e-02
2.810444329977060049e-02
2.808054044685799958e-02
2.808416496621750011e-02
2.807900707153029862e-02
2.807987684218070032e-02
2.807072639573519879e-02
2.807747352615149947e-02
2.807566778440900163e-02
2.806377059587570125e-02
2.805363310656650011e-02
2.804720346084220092e-02
2.803347074842890002e-02
2.801945330740270024e-02
2.800982155274649860e-02
2.800880454898339866e-02
2.796701461314200082e-02
2.795646174173890136e-02
2.795995277567520088e-02
2.794998820045600102e-02
2.790677713826979905e-02
2.789031420892950155e-02
2.786165636193780118e-02
2.784911770583110152e-02
2.782477654633239844e-02
2.779621659665449870e-02
2.779661026578780086e-02
2.776934571165839971e-02
2.774032110270329907e-02
2.772243969434120062e-02
2.769443613044789837e-02
2.768672635825529874e-02
2.766315873042459947e-02
2.764227596191159986e-02
2.758763704610920145e-02
2.760658977445550055e-02
2.755357459705500001e-02
2.751687780643239864e-02
2.751744664631350021e-02
2.748581275717919964e-02
2.749581321179420113e-02
2.747236649969640038e-02
2.744140273481450107e-02
2.744610754332620084e-02
2.744520768351189910e-02
2.740595495537809928e-02
2.741508385253079924e-02
2.738389694532400095e-02
2.736299060110080131e-02
2.733760352504970015e-02
2.733120301739769969e-02
2.731762185790289829e-02
2.733545237543130030e-02
2.731535216317750037e-02
2.730409587845500016e-02
2.727683411260330149e-02
2.725851037179660014e-02
2.729045035022739998e-02
2.726740272194029882e-02
2.725689629940319936e-02
2.722110827885659834e-02
2.724105351147319831e-02
2.723473798518270123e-02
2.722416556468629928e-02
2.722458333761969967e-02
2.720779234449329995e-02
2.720186354468650050e-02
2.720728747252069979e-02
2.722052596716549935e-02
2.719561316525069897e-02
2.719060696195759949e-02
2.719837088334110115e-02
2.721822256880489926e-02
2.718860190509399949e-02
2.723243126585580057e-02
2.720808527389440012e-02
2.720498504689860056e-02
2.721340207747060050e-02
2.720331851325789863e-02
2.720153483581750145e-02
2.721110838877049964e-02
2.720014575073259958e-02
2.719589293614430026e-02
2.723332860601949956e-02
2.721860472608129966e-02
2.720566561341790021e-02
2.722814480613720139e-02
2.721232570013500107e-02
2.721324568328629956e-02
2.721604723605710111e-02
2.725672718115609849e-02
2.720564745642430060e-02
2.725150357469700163e-02
2.723304714158079898e-02
2.724224072076769990e-02
2.725607120001230163e-02
2.724917549060480032e-02
2.726997064778639845e-02
2.725355793957049896e-02
2.726453791340130092e-02
2.723851300108669909e-02
2.725816014597439926e-02
2.727542178395939848e-02
2.729669519668689870e-02
2.728215576036829848e-02
2.726809501934919847e-02
2.726908681099349946e-02
2.727925209430679884e-02
2.731015143934180031e-02
2.729385199094429976e-02
2.730837023833609933e-02
2.727424184112249919e-02
2.727696177191800062e-02
2.727902406897320109e-02
2.730684252813070020e-02
2.726430366499429936e-02
2.729379781231050170e-02
2.730593686188290126e-02
2.730019303946809930e-02
2.729031338366229992e-02
2.728846739334630025e-02
2.728018141767480156e-02
2.729848116859509913e-02
2.730424724933079930e-02
2.728928432873359983e-02
2.729326726918350141e-02
2.729745959723950052e-02
2.730653695814879919e-02
2.729806813004069868e-02
2.729812513063410023e-02
2.728502490307710068e-02
2.734307621675670028e-02
2.729469643653159930e-02
2.731051008209050071e-02
2.728873973984060133e-02
2.728111405765430014e-02
2.728263904712059998e-02
2.728575610644259908e-02
2.727949173367480093e-02
2.731244539012939870e-02
2.732889484432619864e-02
2.731259898700080097e-02
2.732517319372020081e-02
2.729729227845279979e-02
2.732363196370009989e-02
2.733504243301480147e-02
2.729365271944749968e-02
2.731559081824359858e-02
2.732215354618169889e-02
2.729996708398390107e-02
2.730867178330479914e-02
2.732038378944769835e-02
2.731236606420390026e-02
2.732079472005469883e-02
2.730484438914930131e-02
2.730547360744850147e-02
2.730636147148679874e-02
2.731615978776590070e-02
2.731913580050220058e-02
2.731283280656670101e-02
2.732446044042160030e-02
2.731002234232260059e-02
2.731220403573799901e-02
2.732575978807580061e-02
2.730633321845980094e-02
2.731456584137050003e-02
2.733376652691170069e-02
2.733052625124710033e-02
2.730405725910380055e-02
2.733757825056489996e-02
2.732209469610650046e-02
2.730160443904179959e-02
2.732691638371170101e-02
2.731557891837919916e-02
2.731775768053509856e-02
2.734085654625640141e-02
2.731023084007170101e-02
2.734756554969550169e-02
2.732897998211999968e-02
2.733224629752789916e-02
2.733678340177289959e-02
2.733606178769119877e-02
2.733750916211200033e-02
2.732477842004989860e-02
2.733432421204460075e-02
2.732951027973819919e-02
2.734220666922109952e-02
2.732912252323390148e-02
2.732978584486470131e-02
2.731250899301310153e-02
2.734006505600159939e-02
2.733206929672039875e-02
2.730421453476180108e-02
2.732030898201150138e-02
2.732337600884540002e-02
2.733337752903799989e-02
2.730692312541380118e-02
2.731236795274480031e-02
2.732666991165339995e-02
2.732472235067930078e-02
2.731815489792829843e-02
2.731363478008039941e-02
2.730910415059549859e-02
2.729336233677789880e-02
2.728911520569509905e-02
2.729623956976760107e-02
2.729886210917470066e-02
2.727917999384180114e-02
2.726206479964370100e-02
2.727990136459059953e-02
2.727321626828090040e-02
2.729908722997479928e-02
2.726884013968609854e-02
2.727481528541729830e-02
2.728279791222119888e-02
2.726863107704170092e-02
2.724813061859829993e-02
2.725420204892110149e-02
2.724026055754459955e-02
2.723774557318230094e-02
2.721184501378939857e-02
2.724396018429369945e-02
2.724161754068669949e-02
2.722939932485899869e-02
2.721697931922839944e-02
2.721247948312319892e-02
2.720507411210040111e-02
2.721427113125670164e-02
2.720232294198040093e-02
2.719795890828589913e-02
2.720978493789049865e-02
2.721387721625629849e-02
2.719964221444219968e-02
2.718571081352190097e-02
2.718826937727160040e-02
2.718946551156909905e-02
2.718354399718070011e-02
2.719054406859179943e-02
2.718048163077689885e-02
2.718382690795780043e-02
2.719199676500779969e-02
2.717754096668439923e-02
2.717841675754200173e-02
2.719170532757420045e-02
2.718942428946390100e-02
2.718129356485200071e-02
2.715600305045429846e-02
2.717175392342559975e-02
2.718498024551080014e-02
2.718408457126179900e-02
2.718694433870360097e-02
2.717779276186960136e-02
2.718256561377550146e-02
2.717894859719439948e-02
2.718046997895360098e-02
2.717854451246120087e-02
2.720243732674169912e-02
2.721059071364029941e-02
2.720575936599720079e-02
2.720204197998599832e-02
2.717551253056989941e-02
2.718314929515670136e-02
2.721151476591179841e-02
2.722285109277490164e-02
2.717166939594749947e-02
2.721601429425449942e-02
2.719780676400690086e-02
2.721215253535759840e-02
2.720337668893079916e-02
2.719792997485990030e-02
2.720787523133200159e-02
2.720842738685219989e-02
2.721222794198059972e-02
2.720364352147370060e-02
2.720766687653499924e-02
2.722293664345409869e-02
2.722455868722289951e-02
2.721805947440830015e-02
2.720869629087660155e-02
2.723085282202719962e-02
2.720560662248129938e-02
2.719378305153890077e-02
2.722517583411730030e-02
2.722616922755139932e-02
2.719867058548310068e-02
2.722590481044100119e-02
2.721719771745889985e-02
2.725235545167749990e-02
2.722605243412759904e-02
2.723900856271080015e-02
2.721898624914390052e-02
2.722475452092249990e-02
2.723249635481150149e-02
2.723563376512240161e-02
2.723387373436160150e-02
2.723265656521879977e-02
2.723283077651919917e-02
2.724727813735889834e-02
2.723515765553969833e-02
2.724551577093770049e-02
2.727266835840110037e-02
2.726739425361780073e-02
2.724787991827050046e-02
2.725921490314989898e-02
2.724779436107470018e-02
2.725900152426359926e-02
2.727554364116990121e-02
2.727219025546660097e-02
2.727067094102600051e-02
2.728702336434839920e-02
2.728821138122999868e-02
2.728107203613419976e-02
2.727835743831300008e-02
2.730106182857190006e-02
2.726871313529969851e-02
2.727365992749620008e-02
2.729648723034440103e-02
2.730067642209680137e-02
2.729555434881539983e-02
2.730793303726960011e-02
2.729434524804430148e-02
2.729388177476869959e-02
2.732576698040990043e-02
2.730441103888620047e-02
2.732506425341069828e-02
2.731450313365919869e-02
2.731675264612139914e-02
2.731224631697029906e-02
2.730674776778670154e-02
2.729280148310580037e-02
2.730919546455029892e-02
2.734084474946419860e-02
2.733154683207680152e-02
2.732202674883230098e-02
2.731976098660239896e-02
2.732193269781929904e-02
2.731728601806519829e-02
2.731391782791910139e-02
2.732239255337099923e-02
2.731877162904959924e-02
2.731866203104139912e-02
2.732037884378980125e-02
2.733672525574819961e-02
2.730832732439100047e-02
2.733391139079800053e-02
2.732449247157580155e-02
2.731521417983629949e-02
2.732064338903129885e-02
2.733081498546630073e-02
2.732302212680729966e-02
2.732213900729249870e-02
2.732341419573119934e-02
2.733810000456739914e-02
2.735156128838879888e-02
2.734006927508380105e-02
2.735080808111369985e-02
2.736242089658180027e-02
2.738183158165079928e-02
2.737822227466680039e-02
2.741815364980130024e-02
2.741441294469499843e-02
2.744048959064099985e-02
2.745332992420499926e-02
2.747295698204230141e-02
2.748141940930549920e-02
2.749639538168659886e-02
2.750805388698039991e-02
2.752102802114360022e-02
2.754833645122200039e-02
2.754668255471509966e-02
2.756167247357620143e-02
2.758862237210049986e-02
2.759597102614759837e-02
2.761363616398439941e-02
2.762274607996120096e-02
2.763030992808450034e-02
2.764990537372840132e-02
2.765482775216110065e-02
2.766636368180259986e-02
2.769461947559419962e-02
2.769837488129319944e-02
2.772020895561949985e-02
2.773283554833829920e-02
2.773782163338130158e-02
2.773101614130130121e-02
2.774908179901059910e-02
2.776370035580090143e-02
2.777354883946659900e-02
2.779115947499510159e-02
2.780990214588640111e-02
2.780417776645910041e-02
2.781625008238119978e-02
2.781479774079749848e-02
2.782357169489249951e-02
2.782908785078630140e-02
2.784046993403720138e-02
2.784361900348129859e-02
2.784227849071930008e-02
2.784970670134509843e-02
2.784776873344579906e-02
2.784859354816600005e-02
2.784938868554370089e-02
2.785269956384860135e-02
2.785378108570180089e-02
2.785459947549859955e-02
2.785179546255539887e-02
2.786790618323880045e-02
2.785752206036050047e-02
2.787472375154769963e-02
2.787634220693370121e-02
2.787459175399849970e-02
