1.219676968557100024e-03
1.976201612834500073e-03
2.791845207286600041e-03
3.428974947476399852e-03
4.132329357615100417e-03
4.809071582135500227e-03
5.466531938229600082e-03
6.165235134680400325e-03
6.945266037531899750e-03
7.660465204081400199e-03
8.289962681409300191e-03
8.866489487044300691e-03
9.462905439377800390e-03
1.006495087121959953e-02
1.073947197045030041e-02
1.140775217448820010e-02
1.206820929729759961e-02
1.264705574069660034e-02
1.317282805195179977e-02
1.371327744229549998e-02
1.443006388707990077e-02
1.494831487092669955e-02
1.560283689737789956e-02
1.634693091345720134e-02
1.663166250082629902e-02
1.726830573134860089e-02
1.794677832755180169e-02
1.846382661385069859e-02
1.899755904723260044e-02
1.958078445807119941e-02
2.019536411578429919e-02
2.063843527377099904e-02
2.111608865261660126e-02
2.170106490442389943e-02
2.211683105285219830e-02
2.261753067305500089e-02
2.314801021101589931e-02
2.368584102480569831e-02
2.421219464417260006e-02
2.464915327273689907e-02
2.509101564616249974e-02
2.560516740776950032e-02
2.611123491327160123e-02
2.670429239253959905e-02
2.723094542113380090e-02
2.760913415102320134e-02
2.793534575209430035e-02
2.831416030187240002e-02
2.868619592718220021e-02
2.914068158811389947e-02
2.954804795548929969e-02
2.992598446689830050e-02
3.026707840686159931e-02
3.051839859690139850e-02
3.082852780446760158e-02
3.116698030257319951e-02
3.159037440242890016e-02
3.190770476759789698e-02
3.227713091367519910e-02
3.252644526751560100e-02
3.286826136239270196e-02
3.311693654981989754e-02
3.336240135651120237e-02
3.361670155411890237e-02
3.380942049276949857e-02
3.416057434931339676e-02
3.461568061272909946e-02
3.485615152219109780e-02
3.508332050736139712e-02
3.527431579287979707e-02
3.552459429468340230e-02
3.575485621802369784e-02
3.585359085384740019e-02
3.632750530583869764e-02
3.656171153231130289e-02
3.677247520901680278e-02
3.685570764977289665e-02
3.696036445363930223e-02
3.709708028686589665e-02
3.734123632441539720e-02
3.752359742696260297e-02
3.774186751670519785e-02
3.785996441160489889e-02
3.805125183872379996e-02
3.829645962764739731e-02
3.850545179555089903e-02
3.872819555753469895e-02
3.885914118713609811e-02
3.887954950958359690e-02
3.892264323046369656e-02
3.901623504973669720e-02
3.903664593055009707e-02
3.910534318048580066e-02
3.920474533941910311e-02
3.928934022113830110e-02
3.938787753554669896e-02
3.946770286674859685e-02
3.956124099960599966e-02
3.968244140980459883e-02
3.979169835553549722e-02
3.989880275611069893e-02
3.996956978941750005e-02
3.993999488924739744e-02
4.005436273418699900e-02
4.007387277093960032e-02
4.007812406190729843e-02
4.009621188386520291e-02
4.011490716163960274e-02
4.007975811941379835e-02
4.007505295462639866e-02
4.010166999045840230e-02
4.010576045699749959e-02
4.012359327513549678e-02
4.019270223166260259e-02
4.010713591195910060e-02
4.012532215686649695e-02
4.013380364515249654e-02
4.014108222135039789e-02
4.013438914956599796e-02
4.014252261154960255e-02
4.013865446704389939e-02
4.013360729004249866e-02
4.014360620970130328e-02
4.015493909431389757e-02
4.014480849593619893e-02
4.015261929074120245e-02
4.015922942653549904e-02
4.014609656032919888e-02
4.014346318653019829e-02
4.013844353217509847e-02
4.009928614661149859e-02
4.008084687550809988e-02
4.011945671816950082e-02
4.000122206625399829e-02
3.989315342044030127e-02
3.987539865889400126e-02
3.979545521253909784e-02
3.968426583307139988e-02
3.954915477895810244e-02
3.947028253010889665e-02
3.935543750659319800e-02
3.926329310997520028e-02
3.913900858052039855e-02
3.905329262145380148e-02
3.890788807905490310e-02
3.883375959101310199e-02
3.876331154721270045e-02
3.861479308248420145e-02
3.847997959997089684e-02
3.837907086956880015e-02
3.835412860593660073e-02
3.830019048382889840e-02
3.819645504252640322e-02
3.805065076318450007e-02
3.796982576860800235e-02
3.783693141201110305e-02
3.776560898949680306e-02
3.758314786889670189e-02
3.747264900136459964e-02
3.727393740451589998e-02
3.712038403932960140e-02
3.694745696705509924e-02
3.676954397465789781e-02
3.662625505643100216e-02
3.643907064672879947e-02
3.627490007210149719e-02
3.610424491602289704e-02
3.590921195226679657e-02
3.567336191305629789e-02
3.556550748962299807e-02
3.544217403967470092e-02
3.526179313608179822e-02
3.502294801068440294e-02
3.492261765155899728e-02
3.472704126448709905e-02
3.456681766030329783e-02
3.449897931560509667e-02
3.420343290705959993e-02
3.415196825023419924e-02
3.381852378253410313e-02
3.366119153091499949e-02
3.347093347820170178e-02
3.329664159795010098e-02
3.311946719037649894e-02
3.290798108905269859e-02
3.270200892994210018e-02
3.253311880597559852e-02
3.242977144683840268e-02
3.195963035104539690e-02
3.202889568437960327e-02
3.159342830548320102e-02
3.171329112238310127e-02
3.143015940186649759e-02
3.129375761973340192e-02
3.109554115669310032e-02
3.091418057714730161e-02
3.069021089523099946e-02
3.062484854062010042e-02
3.041984775194310139e-02
3.018164437350320112e-02
3.011393625688249878e-02
2.982699116618539939e-02
2.968686218628959969e-02
2.942870906749159993e-02
2.927949217506670143e-02
2.905748698155119839e-02
2.890101337482570143e-02
2.871625773553499947e-02
2.833363350880810025e-02
2.839271700346800154e-02
2.820038311494350164e-02
2.796411047957519935e-02
2.745658126510550079e-02
2.773666056257410167e-02
2.741897307215520121e-02
2.728398971640669940e-02
2.722367067639029983e-02
2.706367840325590163e-02
2.679962110992240021e-02
2.652318665765939984e-02
2.660175264099949935e-02
2.641869836364769963e-02
2.622870229172550097e-02
2.612814054277450004e-02
2.593942617914350018e-02
2.580235507551209909e-02
2.568906409668390151e-02
2.553142212871219868e-02
2.545370770740660107e-02
2.507560787964219912e-02
2.515486164155570151e-02
2.498480924230679981e-02
2.495871047926069911e-02
2.476909215949460105e-02
2.463739694664249941e-02
2.452464225197999864e-02
2.417378702012670105e-02
2.432692038512470137e-02
2.418797381222649936e-02
2.407771786835890063e-02
2.393221503249279986e-02
2.386276665655049853e-02
2.379969293170090122e-02
2.362884051270119912e-02
2.359418701023789991e-02
2.346384927830159894e-02
2.337291396059720111e-02
2.334045075401449884e-02
2.318844888790230069e-02
2.292414751698609865e-02
2.306272301133480140e-02
2.293691027588920170e-02
2.292529301986919940e-02
2.285936717552400008e-02
2.254379327791879856e-02
2.270925242367749855e-02
2.264370446744309873e-02
2.257740294194430022e-02
2.251097487868350053e-02
2.244987663174989947e-02
2.242622465424199893e-02
2.183740636375739938e-02
2.180961698827380002e-02
2.230602931936720087e-02
2.226436003404390004e-02
2.223744128240059958e-02
2.222736741244939890e-02
2.213204847617180129e-02
2.214271253041990087e-02
2.207279414341449877e-02
2.205653355629829879e-02
2.204712277577550172e-02
2.203396398545190080e-02
2.198337080589689990e-02
2.196684449293739849e-02
2.196762599083260104e-02
2.196383339492859882e-02
2.195808655688440136e-02
2.192826177295630063e-02
2.194033232110529849e-02
2.192093142802370095e-02
2.194245949468240017e-02
2.195008111850639890e-02
2.194445544535340159e-02
2.190502909641199938e-02
2.200735312686979972e-02
2.175478493425630003e-02
2.202377459520180047e-02
2.198038127092260055e-02
2.200711427567220158e-02
2.204694283339179994e-02
2.210626041588700103e-02
2.215014497000269977e-02
2.218626269991710170e-02
2.216374826483409957e-02
2.223265613733960144e-02
2.226955917936010096e-02
2.231710663996230165e-02
2.236332949886549876e-02
2.241837935165590101e-02
2.225983948068909965e-02
2.253258597959989853e-02
2.258309316352309984e-02
2.266011919066079905e-02
2.271962102143509910e-02
2.281394545379500025e-02
2.263613016374919906e-02
2.292532238965419925e-02
2.299290377112470085e-02
2.309007472925519999e-02
2.316465246591679905e-02
2.324205795994210150e-02
2.310943269152879870e-02
2.339978819460269976e-02
2.344303354713920054e-02
2.353386474122190139e-02
2.359405896826129861e-02
2.369690649987039877e-02
2.376645163677559847e-02
2.385206823394870126e-02
2.391155880166100089e-02
2.386513711082819886e-02
2.410889370114080096e-02
2.406873730027619951e-02
2.432513918383890153e-02
2.437017376497229923e-02
2.449618195673839913e-02
2.451020436995289889e-02
2.468520111212149995e-02
2.475203461522679921e-02
2.484930954477049952e-02
2.494078696177340002e-02
2.504484843403829986e-02
2.513962239754960123e-02
2.523022046155369916e-02
2.535099916239800036e-02
2.545435880219859906e-02
2.553520477663119917e-02
2.560802521340540053e-02
2.570313610840299981e-02
2.579091095494100150e-02
2.590104372244330169e-02
2.601576010153239943e-02
2.614403020920429838e-02
2.621626830695290150e-02
2.628706670865769979e-02
2.636793893265310107e-02
2.647736514997220056e-02
2.660055332986729915e-02
2.664330623782359964e-02
2.674696766508199985e-02
2.684013946818740101e-02
2.696769753680810025e-02
2.701159807643880098e-02
2.710348416033769858e-02
2.722480956917409933e-02
2.733244032799590079e-02
2.729045161439280082e-02
2.749267242267159836e-02
2.761741268439680055e-02
2.747311286773369832e-02
2.781134053344500034e-02
2.787259399461219922e-02
2.801961158634769938e-02
2.809235565072090018e-02
2.823792357410370019e-02
2.831504390479419944e-02
2.828533156887479832e-02
2.838450677635770067e-02
2.847798328799650003e-02
2.834851037750570069e-02
2.864588215655499912e-02
2.868701862248690046e-02
2.872697786097400119e-02
2.885207875942210135e-02
2.887600037420690047e-02
2.898881599574739884e-02
2.909168344564690145e-02
2.913603781327680012e-02
2.914525782834430020e-02
2.933425469803009958e-02
2.933970314828780040e-02
2.932944587215489951e-02
2.947664868403560012e-02
2.947757115357069885e-02
2.956188765093549844e-02
2.959766970697539842e-02
2.961515145206970040e-02
2.969879137606299888e-02
2.972192670395129924e-02
2.961457811893870168e-02
2.983617963574700105e-02
2.988918014046080054e-02
3.002737213028140034e-02
2.995945529741509891e-02
3.005045296869799862e-02
3.011588404781119846e-02
3.016466923845720002e-02
3.014731295206940151e-02
3.020331990522729868e-02
3.022948068445820147e-02
3.028317500208600049e-02
3.029118066963380068e-02
3.029148508122310110e-02
3.034220795352799913e-02
3.036641129525290139e-02
3.039837031243930107e-02
3.044159005705290161e-02
3.042986426690739987e-02
3.050829207072710061e-02
3.051556606110780029e-02
3.053068703293910016e-02
3.061752529326339928e-02
3.059485876727750103e-02
3.066159710449780154e-02
3.065278824191509932e-02
3.118652375156459947e-02
3.063827237795040126e-02
3.067831697022160159e-02
3.058433273893080076e-02
3.062676741289030100e-02
3.062744579712370005e-02
3.378859140812490169e-02
3.066346530780399843e-02
3.061895215238550141e-02
3.059308765381300171e-02
3.062778568056310005e-02
3.059685947169309833e-02
3.064004791213479836e-02
3.065576377075129866e-02
3.059876540389759939e-02
3.063178777770600089e-02
3.064233591341870150e-02
3.062197161481219898e-02
3.061551246737110113e-02
3.058207308885639922e-02
3.058110766755950047e-02
3.055224530026010021e-02
3.050681006688769903e-02
3.049128021130239827e-02
3.051607340634910140e-02
3.044486009265159887e-02
3.046847973062000170e-02
3.040577621338939884e-02
3.036070555111679975e-02
3.034065645432950167e-02
3.033728832896270128e-02
3.021766162692419988e-02
3.025884211535170148e-02
2.997796359142250108e-02
3.015649141177340065e-02
3.009882328381559974e-02
3.002278631121270067e-02
3.002441897468300161e-02
2.992116325041169894e-02
2.991611319510449965e-02
2.983933853010239945e-02
2.980290498750839956e-02
2.977839832228640002e-02
2.964708789268789835e-02
2.966860195716489873e-02
2.948849252815599967e-02
2.949039905099280073e-02
2.942292368388419940e-02
2.936805100590249989e-02
2.922882224864270170e-02
2.926287578536290040e-02
2.916260811822969992e-02
2.906012090824919986e-02
2.897545735507220041e-02
2.890850003992859879e-02
2.878031046533190140e-02
2.878078943105679896e-02
2.861084917362649929e-02
2.861467253919600107e-02
2.849600911625600058e-02
2.848240811954779947e-02
2.832337915191019892e-02
2.834022762195019876e-02
2.823291008460390022e-02
2.813903083613019870e-02
2.804918786056960142e-02
2.798740887062340157e-02
2.791818629759950168e-02
2.788122614871299879e-02
2.776102057090649999e-02
2.766987359985160003e-02
2.757621710774910140e-02
2.755246555694820104e-02
2.746477996507940000e-02
2.739726260112659850e-02
2.730906177944369961e-02
2.722513278950710117e-02
2.715451885243829952e-02
2.709412363770550072e-02
2.704652604094099841e-02
2.691407783629960054e-02
2.687137644220270044e-02
2.684914988504129990e-02
2.674984110850170058e-02
2.662413659909240032e-02
2.658395352560749894e-02
2.652532213272600081e-02
2.652912509807609995e-02
2.641627636335639948e-02
2.630414927594530022e-02
2.625657237471940020e-02
2.620703282826070124e-02
2.620025741436380132e-02
2.604579381940049995e-02
2.603535407409699950e-02
2.594974420966210046e-02
2.573289196607260118e-02
2.581803801199340082e-02
2.577805705531530100e-02
2.576042795705379973e-02
2.565887704085690127e-02
2.564177894242620007e-02
2.559153502841050171e-02
2.551405629013029849e-02
2.548138211716110060e-02
2.542645193593930097e-02
2.542465601110899948e-02
2.538702555542239961e-02
2.529851600636999834e-02
2.526795550624370140e-02
2.521603329771570159e-02
2.514241240877250136e-02
2.512024672918650170e-02
2.508788829665810002e-02
2.504351462680389981e-02
2.507059731756179979e-02
2.498637792133270169e-02
2.496070575617110113e-02
2.492157705131249970e-02
2.487108863597720099e-02
2.488553543550089953e-02
2.486702560161310055e-02
2.479747790727379955e-02
2.479863706459200026e-02
2.480001525343170088e-02
2.476316260845110029e-02
2.471232992799499845e-02
2.469897963333919991e-02
2.467837313661040005e-02
2.471186129726279934e-02
2.463062512532560033e-02
2.465379113190959912e-02
2.459440697535390102e-02
2.460635008328199841e-02
2.464173510357150002e-02
2.432839962448559920e-02
2.444172978036790109e-02
2.463031288272420072e-02
2.458699422965330075e-02
2.465448580997239847e-02
2.465846457814090120e-02
2.466252489959720046e-02
2.468615601258680042e-02
2.465232703162410083e-02
2.471445569835339917e-02
2.473516959992329983e-02
2.473026478199890146e-02
2.475043395954399858e-02
2.478706164283379920e-02
2.478022851153769898e-02
2.479458747557899967e-02
2.483612155214449946e-02
2.486836580001969971e-02
2.489448054147809855e-02
2.492501459606270148e-02
2.495905741065990169e-02
2.499337498310180011e-02
2.498713095670230047e-02
2.491798181187470165e-02
2.511440302754109830e-02
2.512375159545560122e-02
2.517546784319529829e-02
2.525562911126829832e-02
2.530471651118669854e-02
2.533148954335399938e-02
2.534160765965329937e-02
2.521323538632379985e-02
2.544288373809480003e-02
2.553132297453800104e-02
2.557776018613909866e-02
2.561469701322489911e-02
2.570817609744360105e-02
2.573311890860309828e-02
2.579594222709359966e-02
2.580501783616840142e-02
2.586450390143879910e-02
2.596299413531669847e-02
2.600550521009760072e-02
2.608267720794659947e-02
2.612009107204209951e-02
2.616464979520560091e-02
2.624264278723080143e-02
2.631609073158370019e-02
2.621146386505879972e-02
2.646153102342160141e-02
2.649165962551969927e-02
2.658317885497140168e-02
2.660243858747169884e-02
2.665496655887440031e-02
2.675753140747520048e-02
2.684439068838610082e-02
2.688198795948880046e-02
2.693062060909619942e-02
2.704465494078230059e-02
2.712385675677629962e-02
2.716429627026789931e-02
2.727593080121699931e-02
2.734145869494329986e-02
2.741446754750809928e-02
2.747061518636699853e-02
2.755942388526230052e-02
2.759030540161550027e-02
2.771106772603880095e-02
2.772192391482060023e-02
2.780655655337360005e-02
2.787988481220480055e-02
2.791399454688790055e-02
2.793889702302609912e-02
2.802158319378119863e-02
2.805014862919480087e-02
2.811683503082059929e-02
2.819011330276280022e-02
2.820442988996550021e-02
2.825152180009430150e-02
2.837034123776389916e-02
2.838375889962229878e-02
2.839300886579159897e-02
2.842694641814279971e-02
2.845829100575950066e-02
2.843576129002050104e-02
2.423819948660270104e-02
2.851935917781529828e-02
2.854220135298420058e-02
2.851828086727909925e-02
2.245979265335620173e-02
1.778690446740530118e-02
2.897275725687420075e-02
2.954876186230660090e-02
2.982063419929879833e-02
2.844907759242069900e-02
2.881678151059209950e-02
2.904781154064079926e-02
2.908926846007809860e-02
2.897100402043690029e-02
2.910090430710990037e-02
2.915155985019009938e-02
2.912698207566639941e-02
2.910681508035509873e-02
2.912791796178169912e-02
2.903824208907110002e-02
2.902334658992620012e-02
2.905526030004509930e-02
2.909556667656090084e-02
2.914266650419049948e-02
2.921899328938330070e-02
2.928944003882569952e-02
2.936909462062160109e-02
2.943325112799210011e-02
2.947285761872960042e-02
2.951625246117830018e-02
2.953800950898649927e-02
2.953708441485130079e-02
2.957281440018010021e-02
2.958078384170269998e-02
2.960465279634080099e-02
2.962262510762619927e-02
2.964305727851719932e-02
2.964562304409119886e-02
2.964704605265360005e-02
2.965165665386540125e-02
2.967129389434470035e-02
2.968558599078400043e-02
2.968897075784979883e-02
2.970539318229770132e-02
2.969718789884080029e-02
2.969527675491189997e-02
2.969800650379780110e-02
2.969954003116019939e-02
2.971957032038359883e-02
2.971796813376110027e-02
2.971637001398250155e-02
2.973063072224089998e-02
2.972904132082130127e-02
2.972697794191030141e-02
2.973537524269170146e-02
2.974019227848840111e-02
2.972915896104549871e-02
2.974679410478220029e-02
2.974973505890700018e-02
2.971901568539909999e-02
2.973058963948699979e-02
2.973286038757080169e-02
2.973294392770670092e-02
2.972744178089600092e-02
2.973913191238250139e-02
2.975351392453379901e-02
2.973823913989330145e-02
2.973850848657010049e-02
2.973887979063009890e-02
2.975031980490059833e-02
2.974940893678200068e-02
2.976127274048869994e-02
2.976266040833579901e-02
2.973716221816950084e-02
2.973429192102629987e-02
2.973953480494670107e-02
2.972822095359900149e-02
2.973738950204119977e-02
2.974603825034800170e-02
2.974650338664119875e-02
2.976475883625940080e-02
2.974878733865399943e-02
2.974058877998830147e-02
2.974317631770989970e-02
2.976028869777259944e-02
2.975939187656769999e-02
2.975945130338350161e-02
2.976073997213540129e-02
2.975417399741159957e-02
2.976264851919549828e-02
2.973837464718229878e-02
2.974985590091519874e-02
2.972791334356419957e-02
2.976791737678890007e-02
2.976219007598939967e-02
2.972371784782310011e-02
2.973287126363240163e-02
2.971981105948389920e-02
2.972696500576299874e-02
2.970026383965700123e-02
2.969854168375219913e-02
2.971274180422369890e-02
2.966492973738230066e-02
2.965802086437509949e-02
2.961524825727269994e-02
2.960958989012220030e-02
2.954996733523829883e-02
2.959474631210960022e-02
2.955752584045140061e-02
2.949590119984350084e-02
2.945166889010419897e-02
2.945675853084740031e-02
2.939104344753009843e-02
2.936288373612029948e-02
2.938773009912570150e-02
2.935479772647589872e-02
2.932575973046529921e-02
2.925513991110180109e-02
2.922255536305709903e-02
2.921710082729970029e-02
2.919065697852989832e-02
2.910489942404019884e-02
2.911180563114440165e-02
2.903085026607820154e-02
2.900481000975200022e-02
2.897981937962770121e-02
2.896622730671359960e-02
2.895142281468759959e-02
2.883102037590809866e-02
2.882371985783020035e-02
2.878593740491190017e-02
2.870217651498289946e-02
2.869094477843510058e-02
2.866753980275759880e-02
2.864243262019190023e-02
2.861146142592679853e-02
2.851728271036869933e-02
2.829683378407690103e-02
2.849569706046050158e-02
2.840923950327189917e-02
2.835986825287389879e-02
2.831478546086359932e-02
2.814141009564280135e-02
2.830572988802770168e-02
2.823526373582270141e-02
2.815971322908850105e-02
2.810739762436110026e-02
2.802197866394059989e-02
2.805665708385009921e-02
2.800890554228109910e-02
2.796100432328419913e-02
2.794250971683720150e-02
2.789590471359830112e-02
2.785045703584540164e-02
2.780855396540470037e-02
2.774285055136519948e-02
2.768464172567650095e-02
2.770805537399450083e-02
2.761520481235829952e-02
2.756212497195039898e-02
2.752830287384299898e-02
2.751962896362609989e-02
2.745918147203840060e-02
2.743912939234259898e-02
2.735633012157789867e-02
2.736913159195639850e-02
2.730280563949109840e-02
2.726019971869320102e-02
2.717753496541649993e-02
2.722227404573970139e-02
2.717313975966199890e-02
2.710122380282030050e-02
2.711977597188459932e-02
2.707466802253140001e-02
2.699963700365910074e-02
2.700863960769829888e-02
2.693617730471200081e-02
2.677010668291479947e-02
2.692697453988790110e-02
2.687106825343609992e-02
2.677630297599650072e-02
2.680102693971039840e-02
2.679099357082050104e-02
2.678229700666440172e-02
2.674023296872700059e-02
2.649203786511450040e-02
2.666957415302050050e-02
2.663744322042330137e-02
2.655148734559520038e-02
2.657507108107729984e-02
2.656327319183229840e-02
2.653376937787799844e-02
2.653521720267160156e-02
2.648071230914469942e-02
2.645207214563709969e-02
2.644948721795490135e-02
2.642477787504020001e-02
2.640830253841530001e-02
2.638531166962259852e-02
2.636438644105729839e-02
2.637820351264169930e-02
2.636699753948320082e-02
2.633805701570979957e-02
2.629248737037090042e-02
2.630362297839860045e-02
2.627659452268889945e-02
2.628370079842379942e-02
2.625398018396690042e-02
2.626497771931940103e-02
2.623352243787799992e-02
2.627206948897699984e-02
2.611578027966380069e-02
2.622403220231319873e-02
2.621175415819310128e-02
2.619758309417200004e-02
2.618867984176809910e-02
2.613510990021719951e-02
2.617912410830550152e-02
2.614165902088669974e-02
2.612632258460790072e-02
2.594075883372640168e-02
2.614561540708660106e-02
2.611796184239659896e-02
2.613969520294229937e-02
2.609024034633920103e-02
2.607264167202150151e-02
2.607421486308239902e-02
2.607200651125619884e-02
2.591505462287140016e-02
2.605463104008099925e-02
2.601084305438820105e-02
2.602019305452449999e-02
2.603301432109930008e-02
2.601679824450610010e-02
2.602194985116810036e-02
2.600246132724860076e-02
2.600896674451479845e-02
2.580089129197659856e-02
2.598836445716079871e-02
2.579495103818120125e-02
2.596092272979379917e-02
2.580409190183230103e-02
2.596744233827490145e-02
2.578632113162199896e-02
2.595402253044630167e-02
2.592620929933460092e-02
2.574477062951159925e-02
2.589066894283439946e-02
2.590323463706920015e-02
2.588277409415680116e-02
2.592066841463390101e-02
2.571165066124530066e-02
2.588485489241090093e-02
2.587608063749780030e-02
2.584028468192050079e-02
2.586899076434159839e-02
2.582429746791569877e-02
2.582977396730450070e-02
2.586787810502619994e-02
2.581212749572970103e-02
2.578830485635130038e-02
2.578582535518450167e-02
2.577583788285340086e-02
2.580296388583100051e-02
2.575818604863960165e-02
2.577932761652690016e-02
2.575712435228949895e-02
2.573538351353750128e-02
2.575304300346990122e-02
2.574191090746590083e-02
2.574739746022200113e-02
2.572181680274149979e-02
2.569341161035320134e-02
2.573061906626379972e-02
2.569122300274560150e-02
2.568098185921920129e-02
2.567798257353939850e-02
2.567248040639370094e-02
2.570047852700230173e-02
2.568044935826459957e-02
2.570603734062150078e-02
2.568861138303130121e-02
2.566455463090529937e-02
2.567938301122479894e-02
2.571043241857769862e-02
2.566922040968919877e-02
2.567481611751479958e-02
2.566424874058299832e-02
2.568050159480260095e-02
2.568176080579469972e-02
2.569143282909819997e-02
2.566878021800760024e-02
2.567256816543990114e-02
2.567475253769579968e-02
2.568909675943070042e-02
2.571039365096969981e-02
2.567454104954119964e-02
2.569357424208030052e-02
2.572648733616380093e-02
2.571227505762519946e-02
2.574376293542169833e-02
2.572722849428020139e-02
2.575151875996030057e-02
2.575958291287040042e-02
2.577560796752719971e-02
2.576237437298619856e-02
2.577500143031249968e-02
2.577375398370269910e-02
2.581373008166649996e-02
2.585543967194550014e-02
2.582607191431660065e-02
2.586902352425190024e-02
2.588159579767290025e-02
2.587018414176220013e-02
2.590640313313979926e-02
2.588820114031250078e-02
2.593516979087430105e-02
2.591525462740349936e-02
2.599018657464680082e-02
2.577656293966279835e-02
2.600325631344129959e-02
2.602876699199140054e-02
2.603836097103619934e-02
2.603904301873500096e-02
2.612608379593329977e-02
2.609766509326739981e-02
2.611433132094450119e-02
2.617675444723410044e-02
2.615771912850929984e-02
2.622475123830119922e-02
2.624462024012190128e-02
2.627855972271300050e-02
2.630295012192960039e-02
2.619249814618029859e-02
2.636493385547599919e-02
2.636155477668560010e-02
2.640997011779900108e-02
2.642027797896890143e-02
2.645438867856710063e-02
2.650577195834440125e-02
2.652850495585390087e-02
2.656055053123570001e-02
2.655456627094129884e-02
2.661713010982630009e-02
2.663160581994319931e-02
2.663058305268390172e-02
2.668892638955440086e-02
2.669539819274849984e-02
2.672560186649070024e-02
2.676039179827729986e-02
2.681253279391219990e-02
2.683439875096490027e-02
2.673781816462869956e-02
2.693491056743139989e-02
2.693757055107690035e-02
2.697110502972269869e-02
2.699612351166449931e-02
2.704014939488410055e-02
2.701206761139090043e-02
2.705508406553349884e-02
2.709451533967970061e-02
2.710010710638379935e-02
2.716224084677210104e-02
2.716753416729239881e-02
2.716808217380660070e-02
2.720163534742960076e-02
2.719798463616149992e-02
2.721512742932320067e-02
2.721957352064250171e-02
2.864772591380480155e-02
2.795850091950550023e-02
2.201698352394449928e-02
1.913257799546300153e-02
2.732262853595340130e-02
2.734159082423070000e-02
2.426232664731170149e-02
2.161112803078580127e-02
2.755653395597239957e-02
2.217434596761180127e-02
2.942439079990009920e-02
2.762402184785199902e-02
2.721479000621549946e-02
2.883160190769539985e-02
2.769393530311569859e-02
2.786862538356699864e-02
2.787013018262480060e-02
2.786098365322139947e-02
2.781849962585999925e-02
2.783046790952579952e-02
2.780984660215090123e-02
2.780083561481610024e-02
2.780396559731240086e-02
2.776658322503210152e-02
2.781809453941879937e-02
2.788880883198530114e-02
2.796336186740359941e-02
2.802660684262889973e-02
2.809330811021450158e-02
2.817454218088169884e-02
2.822410584526810137e-02
2.826349942859069861e-02
2.830190080468460156e-02
2.833099561431800043e-02
2.836522850623790157e-02
2.840461331949090118e-02
2.843137200045479929e-02
2.843684642475910115e-02
2.846414213777370000e-02
2.848115156284920096e-02
2.849662381535139968e-02
2.851043000340490116e-02
2.851907471082480022e-02
2.853859109672820041e-02
2.854033545259130125e-02
2.855233584519070028e-02
2.855793186224899957e-02
2.855881408423549886e-02
2.858159610163939907e-02
2.858586311197020002e-02
2.859279026118610040e-02
2.859533776262410121e-02
2.859697650815270012e-02
2.861093126221820118e-02
2.860540677973590074e-02
2.860240544253739997e-02
2.862920442485769948e-02
2.862701976048019972e-02
2.862555447353730062e-02
2.862787060713820053e-02
2.861848121704309994e-02
2.862079527325439923e-02
2.862488068790789916e-02
2.864165203790799974e-02
2.865050918224590001e-02
2.864352758351719833e-02
2.865150709768360046e-02
2.864523217647459846e-02
2.864358081533109959e-02
2.863858018220849858e-02
2.864358081533109959e-02
2.864427117856859981e-02
2.864116424509979830e-02
2.864790010326309991e-02
2.864427117856859981e-02
2.863926204795860103e-02
2.864923347272799875e-02
2.865694487398250112e-02
2.864207616630989883e-02
2.865356733693210159e-02
2.865661858181989957e-02
2.865528036814770155e-02
2.865957325673080050e-02
2.865882592937930157e-02
2.867579265776969838e-02
2.867214775710640040e-02
2.867824877577379930e-02
2.866247139455509879e-02
2.866668021013010076e-02
2.865814476306620048e-02
2.866771484550379931e-02
2.867413735064600067e-02
2.866096562032249828e-02
2.866410299640450091e-02
2.866944271165519989e-02
2.867583753625399870e-02
2.868128749378569958e-02
2.868161597699259852e-02
2.869546679363050093e-02
2.868094811161819857e-02
2.868106372961390024e-02
2.869471416447420126e-02
2.869152342776359887e-02
2.868820072006699959e-02
2.869189506722310060e-02
2.869647330723780129e-02
2.869842992172729965e-02
2.869611956599670000e-02
2.868794553709949971e-02
2.869328162646010011e-02
2.870623183089199976e-02
2.868200819957830022e-02
2.866990841340779847e-02
2.867481422788190071e-02
2.868428092819750100e-02
2.869441163127599975e-02
2.869948917342590028e-02
2.870658530010010076e-02
2.869147149578719913e-02
2.871115637458640166e-02
2.870326305377239942e-02
2.868850728259090058e-02
2.870251382708400092e-02
2.867673565960780074e-02
2.869703936166160055e-02
2.870096057189840122e-02
2.867865741150549957e-02
2.870105267130690016e-02
2.869230260787470135e-02
2.869317468752160052e-02
2.871327392109099957e-02
2.869343613873270166e-02
2.868633680738909980e-02
2.869920304205179906e-02
2.867660162734799942e-02
2.868141531011650022e-02
2.863047262722389838e-02
2.866784137818889980e-02
2.865290340395270155e-02
2.860955562863170057e-02
2.863102989392339939e-02
2.857291292704360053e-02
2.858957546526789961e-02
2.858682230567879956e-02
2.856822848014730146e-02
2.856496917148229966e-02
2.849381476614390105e-02
2.850673635454930091e-02
2.850749633068450084e-02
2.847587408785860058e-02
2.847405902077970036e-02
2.847717578496159960e-02
2.847343591251789985e-02
2.845398741056569952e-02
2.840464651889179973e-02
2.837038690033839849e-02
2.836781333152419912e-02
2.836930604746840112e-02
2.833659923370840036e-02
2.834401267581329945e-02
2.835130355364109955e-02
2.830471449018399921e-02
2.828033463064629979e-02
2.828352392465539877e-02
2.825625896665729872e-02
2.829515660278249939e-02
2.822524342773419931e-02
2.819386306865210093e-02
2.816743693628359982e-02
2.815713838636299884e-02
2.811298176887270031e-02
2.812100069179060066e-02
2.811770614860470072e-02
2.806360504066749903e-02
2.803260306920159900e-02
2.803619805774639970e-02
2.800576685207030112e-02
2.796500046728700103e-02
2.797420426173699917e-02
2.797214554537180015e-02
2.798260877110069975e-02
2.794661398474470107e-02
2.789915010436299844e-02
2.782672933442209909e-02
2.785488358869219958e-02
2.782787296307579969e-02
2.782961003876120026e-02
2.779738039144610123e-02
2.776406074609179958e-02
2.773916207286460101e-02
2.772421095294319918e-02
2.771573034809809988e-02
2.769383079101059991e-02
2.767154563115650084e-02
2.767222429024520161e-02
2.762141617790690035e-02
2.763856828124590034e-02
2.757801735052929984e-02
2.755856479634210057e-02
2.757908339285120025e-02
2.755099857729379972e-02
2.756110914875160162e-02
2.752824012082519950e-02
2.753248708054650135e-02
2.750955970322109881e-02
2.750803129415469936e-02
2.750071065573109902e-02
2.745992794017269867e-02
2.750686542745390054e-02
2.744372106847670079e-02
2.745653227035759966e-02
2.745253422466729931e-02
2.741839538609560159e-02
2.745721487830779864e-02
2.739941230138020004e-02
2.741431737353909950e-02
2.726195084290690060e-02
2.738972418686340046e-02
2.741227061489629954e-02
2.738334908084109898e-02
2.739887402156580137e-02
2.740834153056639910e-02
2.739606520009079879e-02
2.742170855926530024e-02
2.739098143356239953e-02
2.737490697746150156e-02
2.738623225158930141e-02
2.734383688324730152e-02
2.736691264572560164e-02
2.739392358895249846e-02
2.734516663043489934e-02
2.734807110385120005e-02
2.736696021340299934e-02
2.734076307678829851e-02
2.735609641207499901e-02
2.735673779106950060e-02
2.731704551670369879e-02
2.734302832625369953e-02
2.734514001620149889e-02
2.736690043671610034e-02
2.733578176850379876e-02
2.736113877417150134e-02
2.732774281473070166e-02
2.732997237506160082e-02
2.730657839120819927e-02
2.730017882671560009e-02
2.732635811500419912e-02
2.726690379021180083e-02
2.729181902563199841e-02
2.727236697342510022e-02
2.731352510327359970e-02
2.725238885310899903e-02
2.725150164570179848e-02
2.725307493790169941e-02
2.727677576487479855e-02
2.725132551823010105e-02
2.721690703397760050e-02
2.725536852972569937e-02
2.724345949510079828e-02
2.719555357093349918e-02
2.725464714704620151e-02
2.720263984562239917e-02
2.720162928489760004e-02
2.715916599877319856e-02
2.714793531442310018e-02
2.717689533116710021e-02
2.718258379411659861e-02
2.716863554022070151e-02
2.718109428036169853e-02
2.716307806205129835e-02
2.712792653528089959e-02
2.716944944280339988e-02
2.714105745808790063e-02
2.712622359999549912e-02
2.709865607173640029e-02
2.709578198939760138e-02
2.709983699696370124e-02
2.708830809587749883e-02
2.706025365459889878e-02
2.709042874619770058e-02
2.709076995505989988e-02
2.710311981374599957e-02
2.710764205925399878e-02
2.705985387016610066e-02
2.703556517625950104e-02
2.705772950922090067e-02
2.704254375189649867e-02
2.703076145566489855e-02
2.701664198691870050e-02
2.699997221131830022e-02
2.699209259822649837e-02
2.700321919480800151e-02
2.697308945349249920e-02
2.697321297208609900e-02
2.697631278792689963e-02
2.698353337560269877e-02
2.694154672571880127e-02
2.695998123352279924e-02
2.695964720062329900e-02
2.696840731296519869e-02
2.695863305722399905e-02
2.694801093282240059e-02
2.696054148701930095e-02
2.692237990535959954e-02
2.698027465929540153e-02
2.695755769056799867e-02
2.697716758954870134e-02
2.694776604732190134e-02
2.690559630230960134e-02
2.692331499460679997e-02
2.694910109040339966e-02
2.694437808211950017e-02
2.695390579205749967e-02
2.697193392277219895e-02
2.695291497797649982e-02
2.696394899196730144e-02
2.694399639999120119e-02
2.696145644131850080e-02
2.697941871114150139e-02
2.696108758886240145e-02
2.699219042705880076e-02
2.703372767405199870e-02
2.700010872235850123e-02
2.696786429675010130e-02
2.702362410069280088e-02
2.701552982762130128e-02
2.700685056947749879e-02
2.706643732480270084e-02
2.705267342955449891e-02
2.706298693176870107e-02
2.706835902534019886e-02
2.705538663621220169e-02
2.703807305695140120e-02
2.708468533987010152e-02
2.706831714290430096e-02
2.706962554376270147e-02
2.708366499028699859e-02
2.710012046483640039e-02
2.710683938956690020e-02
2.706588540389909953e-02
2.712163466334099882e-02
2.713116708780790101e-02
2.703985895882650078e-02
2.710672212211449883e-02
2.712470929439980000e-02
2.710548255527419834e-02
2.712782392184880098e-02
2.714737524047049905e-02
2.709140687756710075e-02
2.712014414372860074e-02
2.714307329670940030e-02
2.716120159234899911e-02
2.715735020373090045e-02
2.717762651762279866e-02
2.717010943330009851e-02
2.716327586801120172e-02
2.714483258671050031e-02
2.718157121992869837e-02
2.713024852115029917e-02
2.718389848152870034e-02
2.715037075366100172e-02
2.712533782040050037e-02
2.716540448047850137e-02
2.713991378068879995e-02
2.715915216374870100e-02
2.717470930632310058e-02
2.721134769893469862e-02
2.714601795721599889e-02
2.720600540327430122e-02
2.720445744745880051e-02
2.717670908364869936e-02
2.717185849412550105e-02
2.715993628003179894e-02
2.714818071604720162e-02
2.719022960237939962e-02
2.719347420736279927e-02
2.717995349504770050e-02
2.717243699956950129e-02
2.717602202075439927e-02
2.718488933037130004e-02
2.717327332039199891e-02
2.719380265166990163e-02
2.715983814224039866e-02
2.715981401258539887e-02
2.718924956423639933e-02
2.721117346981309984e-02
2.719519193619639869e-02
2.718349711293609888e-02
2.715689279085869989e-02
2.719652164810550110e-02
2.712732620214459989e-02
2.715829968695469832e-02
2.719497721916100050e-02
2.719814277990999923e-02
2.716899836848370164e-02
2.716180433839120167e-02
2.717213403257329879e-02
2.716046067662529831e-02
2.717624528609070139e-02
2.711408472080059986e-02
2.713810248479939929e-02
2.717795418121339915e-02
2.713230387693139900e-02
2.715932190641549837e-02
2.713352848154549843e-02
2.713837572292829986e-02
2.715102188633389951e-02
2.714271928622840127e-02
2.711578359668649976e-02
2.712064320316920005e-02
2.714063952904070126e-02
2.712088603331570119e-02
2.712891477746659855e-02
2.713374067462330161e-02
2.714443291358119986e-02
2.710802343318500021e-02
2.711210954590429975e-02
2.712369197268369933e-02
2.713643600556800081e-02
2.709905361575390068e-02
2.709293967617739871e-02
2.707993980116709873e-02
2.709406793758629972e-02
2.707412723333309928e-02
2.708523938578650050e-02
2.708752446798149902e-02
2.708979932449729830e-02
2.706079155247429965e-02
2.709207968196149924e-02
2.711529295774890019e-02
2.706433231190349953e-02
2.706866773517919988e-02
2.705082814233390059e-02
2.707046348336520150e-02
2.705668139381450094e-02
2.702594158102410160e-02
2.704333192779550046e-02
2.704518454764590074e-02
2.704636316119830158e-02
2.704838595599300122e-02
2.706311263816889995e-02
2.706003964164980027e-02
2.706444345990309877e-02
2.700651886365849907e-02
2.705567642603300127e-02
2.705659501036029868e-02
2.704561637659889939e-02
2.703367439914039841e-02
2.704853029478259882e-02
2.705900396619740148e-02
2.704354360662589857e-02
2.706692463456589898e-02
2.703936983157809865e-02
2.705520614799939924e-02
2.705334224326619991e-02
2.709219123088390038e-02
2.707237551382099885e-02
2.707203896718009956e-02
2.708631869696040070e-02
2.708947690569159933e-02
2.706351731187740112e-02
2.709151240260149890e-02
2.705724105773989890e-02
2.708680543022879902e-02
2.707057541053529970e-02
2.709377532008709968e-02
2.709537053668190087e-02
2.706561152087719885e-02
2.708117833422750073e-02
2.708679595222749856e-02
2.715114585414169987e-02
2.709673042705349963e-02
2.709356055569319896e-02
2.710427502028280033e-02
2.711991838811729852e-02
2.712981043393800085e-02
2.712186995536980047e-02
2.713726050483570088e-02
2.711093519729650125e-02
2.710075139674040026e-02
2.712084503088050061e-02
2.711617410986480112e-02
2.710250869021699899e-02
2.712430041828749888e-02
2.711705829469730072e-02
2.707044279566740014e-02
2.708871201655119881e-02
2.707032902847409869e-02
2.711336821684520032e-02
2.711332612027839845e-02
2.712922973910390084e-02
2.716956163836679872e-02
2.715678611861609831e-02
2.718171143463310110e-02
2.721615345078570031e-02
2.723644493957479845e-02
2.724600772507089833e-02
2.727556701198070171e-02
2.730950462785420099e-02
2.732671428891250004e-02
2.736296261652509942e-02
2.739335016993749844e-02
2.744917812216990036e-02
2.750174327016879916e-02
2.751776488158939882e-02
2.754659522165269978e-02
2.756482986415470168e-02
2.760097726351079875e-02
2.763188265588269882e-02
2.766053900004379965e-02
2.769346510000059852e-02
2.770831437666600172e-02
2.775815472796390113e-02
2.777806153959050048e-02
2.780231251845549992e-02
2.783357507573450129e-02
2.785022861491140075e-02
2.785399627542270093e-02
2.787241378129319894e-02
2.788910645479259973e-02
2.791474518658119963e-02
2.793505246849660104e-02
2.794744334420120116e-02
2.794407141221379870e-02
2.797085174013980158e-02
2.798027282552899980e-02
2.799730252743369910e-02
2.800569357430320039e-02
2.802657194004469846e-02
2.802254224553000009e-02
2.803911132546230145e-02
2.804739061572550027e-02
2.806982779479690049e-02
2.806685168797039970e-02
2.807571424929470108e-02
2.806890968710459844e-02
2.808956498200310126e-02
2.809081486970459868e-02
2.809713658812519957e-02
2.810318671105179952e-02
2.808891663577929923e-02
2.809774834102899896e-02
2.811006031956760076e-02
2.810087050515869961e-02
2.810191927203619863e-02
2.811009428909539906e-02
2.810910644456179885e-02
2.810858801885919925e-02
2.811548340675660076e-02
2.812000489954059879e-02
2.811538992227170103e-02
2.812481908913649908e-02
2.812536780367520112e-02
2.812340347306130015e-02
2.813571610223599903e-02
2.813094873126789977e-02
2.813080867540089861e-02
2.813187404890549886e-02
2.813010761416569888e-02
2.813482682876669930e-02
2.814307713988190018e-02
2.815286588353639943e-02
2.813806455571039866e-02
2.814488240966619981e-02
2.813391259466899857e-02
2.813082748321539886e-02
2.814373784893330066e-02
2.813250935065859937e-02
2.813033709275199884e-02
2.812491902680859870e-02
2.813474579256410035e-02
2.814426317513199841e-02
2.813908180530860087e-02
2.814498189720000126e-02
2.815321140698499869e-02
2.815456834639720046e-02
2.815838258637910069e-02
2.814967761236610022e-02
2.814829336781820082e-02
2.815553824153000165e-02
2.815520752452720099e-02
2.814824949592099890e-02
2.814663946150609830e-02
2.814700854016570150e-02
2.815607908533340059e-02
2.815415953205810048e-02
2.816728490034599991e-02
2.813735511321640084e-02
2.814589573831249858e-02
2.814338266848339862e-02
2.814959072818979877e-02
2.813698252656210083e-02
2.814762847832399939e-02
2.814941715021929830e-02
2.813683301808830167e-02
2.813175395078749974e-02
2.812684457079960010e-02
2.811178541564720093e-02
2.810136133844870140e-02
2.809032481769140055e-02
2.809419614428700085e-02
2.804645187002790044e-02
2.803823818176700081e-02
2.804642543525069989e-02
2.804057370581970049e-02
2.799374369127210008e-02
2.797529840378500110e-02
2.794653930276379955e-02
2.793546002706030068e-02
2.790898089037659874e-02
2.787943883728739858e-02
2.788590742400870112e-02
2.785916185786969923e-02
2.782941553982960087e-02
2.781260981368690113e-02
2.778352190042579842e-02
2.777695316002979850e-02
2.775262270821559837e-02
2.773196888107819919e-02
2.767184136146159934e-02
2.769741866317990131e-02
2.764013590485369862e-02
2.760016426657880065e-02
2.760428314548559955e-02
2.757235478557529956e-02
2.758488703562299998e-02
2.756114584327230138e-02
2.752965354880499912e-02
2.753908747756660114e-02
2.753851868849689979e-02
2.749824865156509993e-02
2.751115384961560009e-02
2.747611724726009910e-02
2.745332898375209968e-02
2.742806637279969831e-02
2.742103112434019982e-02
2.740510565295519937e-02
2.743095055576439886e-02
2.740986349502060049e-02
2.739689378654040081e-02
2.736731204830079867e-02
2.734942887439250139e-02
2.738618692798670123e-02
2.736041424845460021e-02
2.735210029292150027e-02
2.730741126840779964e-02
2.733670612729539873e-02
2.732638857374760158e-02
2.731369611374650022e-02
2.731889239280239912e-02
2.730080307492909961e-02
2.729550903512499918e-02
2.729751732415559851e-02
2.731503289763869899e-02
2.728571045190469890e-02
2.728081483577200067e-02
2.728991240718319986e-02
2.731102231787540038e-02
2.727616018220679894e-02
2.732848660975130059e-02
2.729767133075899910e-02
2.729527278628919931e-02
2.730833780043030040e-02
2.729191908494340083e-02
2.729186688404440161e-02
2.729918335029659845e-02
2.728524413888450129e-02
2.728126047847089994e-02
2.732399423324720009e-02
2.730721698737889960e-02
2.728994550289800050e-02
2.731684479958260137e-02
2.729605590138880003e-02
2.729692701126009910e-02
2.730044552024949930e-02
2.734571288832840161e-02
2.728408051960139885e-02
2.733651395784490040e-02
2.731540358413030167e-02
2.732747439988660043e-02
2.733891217598950069e-02
2.733113209683530123e-02
2.735343578958539940e-02
2.733341397563709974e-02
2.734800007248849862e-02
2.731519445016060074e-02
2.733444910492640115e-02
2.735475577891079840e-02
2.738007568615859894e-02
2.736039175295639989e-02
2.734381842520059933e-02
2.734264491752410112e-02
2.735643224245139921e-02
2.738936845834559833e-02
2.736960367745150044e-02
2.738304509984540100e-02
2.734191686387240153e-02
2.734569611591279939e-02
2.734873284447859876e-02
2.738357532355769827e-02
2.733041976246039853e-02
2.736408512215289870e-02
2.737781191710739886e-02
2.736891080056539846e-02
2.735879102790899839e-02
2.735317552118260095e-02
2.734654997551060063e-02
2.736526212030970101e-02
2.737145640317410061e-02
2.735374870521579960e-02
2.735504263896339910e-02
2.736278519953800129e-02
2.737367156486929937e-02
2.736374692182850024e-02
2.736132132036209891e-02
2.734752066984269883e-02
2.741573894839209949e-02
2.735942466537849907e-02
2.738066705375359969e-02
2.734985200576100020e-02
2.734077009440480030e-02
2.734163307751660138e-02
2.734677066407360108e-02
2.733666291852989913e-02
2.737757038826390057e-02
2.739585679298259940e-02
2.737621949570559834e-02
2.739110216065670025e-02
2.735697921612159980e-02
2.738927683133590002e-02
2.740182649923560143e-02
2.735389718809599913e-02
2.737684334529549846e-02
2.738629026252710139e-02
2.735974908354510057e-02
2.736996805766910013e-02
2.738341389996120159e-02
2.737214938452319987e-02
2.737924491486259937e-02
2.736116198093679897e-02
2.736222191916680077e-02
2.736565538412760040e-02
2.737536994387290007e-02
2.737945175185060170e-02
2.737196025954419937e-02
2.738457057010100157e-02
2.736760468427100121e-02
2.737127518903929857e-02
2.738342028276710000e-02
2.736266350473130077e-02
2.737012524179489870e-02
2.738972442016170128e-02
2.738875522670159920e-02
2.735661911810259930e-02
2.739678615824379937e-02
2.737706927710789953e-02
2.735364094263839987e-02
2.738336903793330002e-02
2.736926360657539886e-02
2.737186027625499937e-02
2.739940796013649871e-02
2.736263450593149835e-02
2.740586889509359983e-02
2.738551852611769907e-02
2.738717498072900172e-02
2.739197012830319952e-02
2.739306274417650094e-02
2.739573414559559952e-02
2.737678983820670056e-02
2.739267646190590016e-02
2.738531819589790084e-02
2.740214805914849977e-02
2.738644759983459992e-02
2.738304240015750068e-02
2.736887595090610123e-02
2.739690952157219916e-02
2.738858092400489955e-02
2.736017777784130120e-02
2.737725900394579956e-02
2.738265285442259903e-02
2.739283450076510085e-02
2.736432054571030087e-02
2.737178071307639834e-02
2.739257273636129877e-02
2.738988405976430091e-02
2.737989326669600099e-02
2.737783193372540086e-02
2.737620759383859945e-02
2.735931446582669929e-02
2.735000341275179922e-02
2.736246039172820013e-02
2.736624408119489940e-02
2.734476258487490014e-02
2.732805370113940147e-02
2.734848729199209835e-02
2.734492851724189960e-02
2.737557684952289863e-02
2.734025860343999859e-02
2.735125785229710130e-02
2.735901592663919982e-02
2.734333928941709915e-02
2.732072211564360101e-02
2.732871043687740142e-02
2.731546979376139883e-02
2.731044619371809923e-02
2.728502335754460009e-02
2.732268635307320143e-02
2.732203007611699874e-02
2.730868615520000084e-02
2.729249849583060064e-02
2.728888945635889879e-02
2.727955649711040140e-02
2.729364301543510049e-02
2.728092013606470134e-02
2.727807738824390010e-02
2.728974408259590007e-02
2.729477116467100145e-02
2.727905380672019861e-02
2.726508261199930144e-02
2.726882037658669850e-02
2.727066673856029869e-02
2.726241117829550017e-02
2.727226143445549839e-02
2.725849201825900070e-02
2.726565623905440050e-02
2.727266703975049847e-02
2.725445255238689857e-02
2.725870041547490130e-02
2.727238746862540100e-02
2.727430280225209835e-02
2.726235728961199853e-02
2.723563732887950006e-02
2.725256444236540121e-02
2.726741624491570148e-02
2.726510557130090023e-02
2.726866052347460059e-02
2.725830804464780127e-02
2.726190663048960044e-02
2.726046164910210165e-02
2.726227611412199853e-02
2.725969104220339959e-02
2.728622439193080160e-02
2.729836587025689931e-02
2.729247896980609850e-02
2.728526915526230043e-02
2.725447748826350172e-02
2.726209391932729945e-02
2.729658338002189863e-02
2.730912549394049968e-02
2.724784766028920044e-02
2.730155899322049898e-02
2.727719381039149862e-02
2.729674926640720048e-02
2.728492628317469998e-02
2.727633073470130121e-02
2.728872199961479908e-02
2.728799883562809878e-02
2.729441969516889846e-02
2.728267285706010084e-02
2.728812956734590067e-02
2.730503864956389942e-02
2.730776391247730084e-02
2.730037097671160137e-02
2.728950655569470016e-02
2.731475992929329952e-02
2.728363118230460113e-02
2.726885996785589905e-02
2.730560892186889924e-02
2.730689091594689852e-02
2.727222958025949870e-02
2.730603205988320001e-02
2.729315950612860170e-02
2.733625064470050076e-02
2.730124244077290069e-02
2.732244581365700017e-02
2.729046558787839860e-02
2.730160957528479995e-02
2.730794170948280114e-02
2.731139000349960128e-02
2.731068838264499865e-02
2.730638278732759952e-02
2.730602917098619992e-02
2.732227902765890087e-02
2.730698078246270033e-02
2.731834758076260097e-02
2.734929019558909880e-02
2.734310351934529995e-02
2.732105704274759989e-02
2.733201341038650131e-02
2.731672956019159937e-02
2.732874488815740036e-02
2.734730718331779969e-02
2.734166155765810000e-02
2.733854278028120116e-02
2.735846516324939859e-02
2.735456353693069970e-02
2.734749029643390034e-02
2.734306245272459870e-02
2.736852665434659840e-02
2.732938920741519867e-02
2.733199523561440081e-02
2.735751103249900104e-02
2.735870391983699981e-02
2.735277238229870053e-02
2.736698692353179904e-02
2.735101804877559939e-02
2.734763720916659827e-02
2.738234847993779864e-02
2.735641695401050053e-02
2.737660153498390134e-02
2.736565541939840057e-02
2.736685802130670031e-02
2.735750769531530152e-02
2.734980350290220144e-02
2.733314802245030012e-02
2.735002419299970011e-02
2.738438678198909862e-02
2.737408793742769977e-02
2.736098278050379945e-02
2.735901301987200135e-02
2.735647003161020135e-02
2.734862015582899958e-02
2.734715838693440107e-02
2.735207511819619935e-02
2.734865581730809916e-02
2.734388844753729911e-02
2.734727433657049844e-02
2.736572264509889996e-02
2.732970985784659995e-02
2.736240396528129976e-02
2.734771682207219959e-02
2.733413409538909891e-02
2.733927905150549884e-02
2.735260240346919919e-02
2.734218135462819846e-02
2.733862404180750078e-02
2.733726304718860078e-02
2.735263088974750068e-02
2.736744144366630091e-02
2.734910229606240042e-02
2.736155080884499977e-02
2.737479358574329905e-02
2.739314673071209863e-02
2.738478303692649940e-02
2.743266837642700101e-02
2.742399803307219927e-02
2.745333396802440012e-02
2.746114523630559939e-02
2.748603630596799935e-02
2.749187233431429900e-02
2.750744332361039837e-02
2.751562718827000112e-02
2.752943941114060003e-02
2.755635761031359834e-02
2.755476379698289929e-02
2.757515338678399874e-02
2.759783041319290031e-02
2.760357532010199871e-02
2.762399718485670022e-02
2.763098014039939987e-02
2.763649579613530055e-02
2.766127438911780007e-02
2.766209049702880035e-02
2.767371189257050029e-02
2.770472530920710039e-02
2.770719520551200021e-02
2.773231093069829928e-02
2.774484063509129878e-02
2.774988885902089988e-02
2.773854782093209889e-02
2.775684823748229835e-02
2.777372946843570042e-02
2.778293496734930007e-02
2.780210100585379929e-02
2.782286337536700113e-02
2.781396812779500169e-02
2.783129015159179973e-02
2.782558547121850162e-02
2.783550701107490033e-02
2.784201932303570146e-02
2.785539184738740001e-02
2.785823873288439945e-02
2.785638122779869955e-02
2.786557885769249884e-02
2.786321103807989918e-02
2.785986554984740127e-02
2.786275057755039850e-02
2.786743001993609997e-02
2.786838128765629918e-02
2.787112045288899984e-02
2.786580697483629840e-02
2.788446145925310010e-02
2.787453703658469839e-02
2.789590479876660062e-02
2.789718435224159895e-02
2.789582793965419971e-02
