1.813660936961118297e+00
1.908200238802881366e+00
1.628965454858566364e+00
2.022800696596799508e+00
1.746020673083924279e+00
1.607455165247788864e+00
2.049455338226108925e+00
2.108189933563050733e+00
1.771673856228326738e+00
1.751474368206958898e+00
1.777834923204106188e+00
1.839055586042448676e+00
1.759121889629573943e+00
2.066853720314204335e+00
1.927334637361330927e+00
1.915400874479315174e+00
1.813940947809932647e+00
1.513190660675456600e+00
2.184396652554839946e+00
2.079712328062643500e+00
1.494579139165194359e+00
2.237477350191583891e+00
2.084510034217158747e+00
1.274743501619233665e+00
2.360938690275181440e+00
2.089710829021567573e+00
1.652575938398805677e+00
1.693315129104800532e+00
1.761859169926522251e+00
2.115901607007564245e+00
1.013660369607087608e+00
1.806503319328786272e+00
1.461547737632647781e+00
1.813422592803952460e+00
1.771708069248680628e+00
1.761597799124116071e+00
1.876508103700823549e+00
1.857693229565273274e+00
1.468352006512809060e+00
1.427065692703198163e+00
1.562279167037238459e+00
1.656824543272158667e+00
1.616766621044873453e+00
1.628849047370119818e+00
1.329927765214378388e+00
1.568577487939134985e+00
1.414424173598828993e+00
1.569773961432705089e+00
1.663268623501831023e+00
2.046227540831455194e+00
1.884915528902560533e+00
1.473001412350604777e+00
1.572812494488688539e+00
1.808829674554369049e+00
2.012239403991632702e+00
2.055909979956795475e+00
2.089496059084857027e+00
1.993540472945859898e+00
1.841172614192314816e+00
2.053942000295958970e+00
9.755682039116169157e-01
1.643338823466086396e+00
2.172877810349698180e+00
1.996940818084368408e+00
2.065332023283936724e+00
1.675225187667537918e+00
2.132032109622350013e+00
1.434112715518385262e+00
8.498634570960191814e-01
1.791507819714988736e+00
1.882433404875361038e+00
1.596193516060745221e+00
1.944678159809212437e+00
1.396596848029982185e+00
2.085647660052393437e+00
1.572358053345600304e+00
1.187553066639049026e+00
1.270280877990359381e+00
1.927062060080396266e+00
2.106910596307496331e+00
1.296108314969705466e+00
1.622290312315098459e+00
1.590050704705403994e+00
1.394518791079152331e+00
1.598347015521869974e+00
1.084461581437921929e+00
1.893328723131955771e+00
1.368791551771672887e+00
1.022852684279852431e+00
1.785847767068253766e+00
1.168031233659292845e+00
1.808295680662916682e+00
1.290364644599951260e+00
2.183968940150462945e+00
1.831154567335882000e+00
1.685026937238331524e+00
1.698681070434215457e+00
1.202873311681999180e+00
1.373342664363511600e+00
1.369566950978728492e+00
1.709328350212215186e+00
1.425861356803985958e+00
1.651431929841474355e+00
9.136647480063726512e-01
1.353645718622636496e+00
1.711957263336590040e+00
8.420207679133087098e-01
1.320229224230773379e+00
1.973440891810100517e+00
1.981833223921834142e+00
1.945781507520675024e+00
1.446211193794388894e+00
1.658041601519209429e+00
9.746983379135433223e-01
1.233544846832811182e+00
1.595681083155774838e+00
1.136220791993791224e+00
1.039332580664529937e+00
1.135429315910388093e+00
1.646516969137437725e+00
1.182518862470488763e+00
1.364792001433932755e+00
1.362560091359355630e+00
9.733125835597095099e-01
1.306532712238146710e+00
8.695109790005280948e-01
8.409917786548675167e-01
8.703599071661377584e-01
1.403604535479135329e+00
7.255776916686534905e-01
9.581896785400955130e-01
5.999809582198222246e-01
6.599713438239183105e-01
9.007697303908608344e-01
7.270806364827464563e-01
5.373286873628952964e-01
4.345576499636791823e-01
4.390581508656097864e-01
5.607012286753627617e-01
5.636776964719398819e-01
4.864609488672331228e-01
4.461697003520907479e-01
4.963910973381253089e-01
3.950876729359908968e-01
6.488303354830885494e-01
5.329929534742490205e-01
4.251154533996869822e-01
5.247207380455519710e-01
5.371732361110405085e-01
5.245571286737004124e-01
4.170446872802903160e-01
5.335027593179906269e-01
4.334732767065045400e-01
4.623747061966492766e-01
4.668723847837981111e-01
4.739129967367025076e-01
3.548083521286224951e-01
4.561361408562150110e-01
3.439267053562168330e-01
4.189494441571480765e-01
3.432990817424220742e-01
4.987210817944909835e-01
3.897563727280194956e-01
3.589179108177521504e-01
3.718849722565346627e-01
4.056129796713243141e-01
3.182015781944919630e-01
4.248834363366161271e-01
5.624943114853868664e-01
4.582226797847029354e-01
3.543932672343202417e-01
4.006385580048723583e-01
4.649467806280839777e-01
3.479989515184035986e-01
4.296500162880705354e-01
3.814689959170234901e-01
3.744760626781834523e-01
4.150754396036021587e-01
3.266014408920361878e-01
4.085689502346196988e-01
4.088222105856421651e-01
3.899082445826486665e-01
3.849020298973955811e-01
3.796504053649367716e-01
4.134929110497086446e-01
3.857146947582923979e-01
3.529886566882637355e-01
3.355605931272733211e-01
4.755106573633577915e-01
3.120339132617259703e-01
5.494039432976951520e-01
3.479237955743860744e-01
4.075347668735984086e-01
3.120766129729153904e-01
3.708147043662430309e-01
3.830373609907441468e-01
3.984701374017726172e-01
3.353638492303527840e-01
3.152836162821847643e-01
3.422063047672587732e-01
2.780068568234891901e-01
3.881991246770822857e-01
3.362898690032007365e-01
3.547922863171016350e-01
3.412941187782019270e-01
3.909034820321912185e-01
3.157436285688318689e-01
3.358010658649925873e-01
4.987336529969460530e-01
3.258127738254859573e-01
3.143602968293605637e-01
3.453900750208114823e-01
6.770663063756059419e-01
2.946195601424274613e-01
4.478041012284356692e-01
3.695710213710898251e-01
2.476604908094234003e-01
2.932738374352492627e-01
3.656241019487906918e-01
4.106084739619443313e-01
3.005278699571734546e-01
3.216261095867335995e-01
3.295064313672800282e-01
3.238414534362159536e-01
3.941207238877462715e-01
3.538598000127404775e-01
3.483286942626317439e-01
3.094416010602302758e-01
3.007499449000720637e-01
4.569294331870003556e-01
3.291136668490263206e-01
3.471198598954668424e-01
3.433906731041754257e-01
3.527689003289888325e-01
3.544385271917498414e-01
3.641711729309726198e-01
4.749757465878537421e-01
3.199843347945889316e-01
3.244451578820464199e-01
3.301406194896758239e-01
3.876885136646087693e-01
3.648598336130740583e-01
3.276106723164571854e-01
3.622740746276845170e-01
3.687480316794743418e-01
3.529392060223242034e-01
3.631329736878438630e-01
3.330994305737816075e-01
3.889884466390201023e-01
5.336393777819342654e-01
3.146374302497187969e-01
3.631858796693210323e-01
3.292619413691686980e-01
3.369210321635290328e-01
4.818066610601386968e-01
3.446002026997844747e-01
3.502626654358385050e-01
3.443884262160428755e-01
3.502988966207374877e-01
3.634970765155811634e-01
3.597208020641540216e-01
9.146510863627960175e-01
1.145694053083432085e+00
3.493260807509577237e-01
3.510750143930712053e-01
3.321269486303988216e-01
3.479487626576758807e-01
3.642022239803779371e-01
2.981637007177913024e-01
3.561319239317099483e-01
3.702639944013220719e-01
3.373149509884173503e-01
3.592293348256164198e-01
3.970901476948675013e-01
3.509457165218600738e-01
3.554364162774582558e-01
3.464488813888233487e-01
3.417910990852006115e-01
3.768320175770886182e-01
3.730925837160998237e-01
3.819314091398796074e-01
3.310315792505938992e-01
3.672007944000469370e-01
4.090178550365062282e-01
4.318536187903521673e-01
4.051244108355550599e-01
6.023311648725493406e-01
3.771214630451539263e-01
4.129667131284830983e-01
4.011853251134610554e-01
3.706520627345426533e-01
3.712363447406756833e-01
3.689586563965381871e-01
4.346243699740734434e-01
3.837877266694793565e-01
3.884204943042593450e-01
3.960062904013175733e-01
3.387703700450274136e-01
4.164916111493921491e-01
3.972825308870971406e-01
5.728539190048085317e-01
4.497366177586430425e-01
3.990201410697463702e-01
3.793919759948377601e-01
4.014327895098742105e-01
3.831439365917575501e-01
4.776101736697584976e-01
3.947986633066534745e-01
3.997778788504728897e-01
3.640529296340230814e-01
4.094463494142332460e-01
3.789073349714772165e-01
5.095681850736699658e-01
3.812306831557913389e-01
4.167096160640548774e-01
3.594592684216237899e-01
3.534706938816280508e-01
3.968323599234309107e-01
4.112691209891393140e-01
3.656692619966007141e-01
4.152698463460158806e-01
5.379431619981781543e-01
4.678562525844948139e-01
4.868345439751819437e-01
3.378663069928837248e-01
4.458472675031869281e-01
3.770100911700430268e-01
4.966822730920221751e-01
3.992138349983224144e-01
4.068648393601335123e-01
3.853221639987305380e-01
4.650464541505565652e-01
3.752809692127094254e-01
3.977725744979444533e-01
3.904949970135608295e-01
4.084326748588645306e-01
4.135364819673339465e-01
3.751427066761051088e-01
3.997389245396018587e-01
4.275254622707263530e-01
3.438185718492574039e-01
4.566187812586294248e-01
3.976378510907970787e-01
3.665617579258022563e-01
4.156094268178991413e-01
4.671314186341319341e-01
4.361430205828641382e-01
3.642915803085752247e-01
4.387868115827313620e-01
3.882797152568074339e-01
3.619139464336789125e-01
3.974884561105477832e-01
3.964500048042288727e-01
3.618053011983813350e-01
4.051486572803189024e-01
3.586441733974199408e-01
3.984060750699522924e-01
4.418893135443482945e-01
3.945696439955795887e-01
3.842005751812864744e-01
8.209788295185779239e-01
3.713491214827868703e-01
4.580534732990289015e-01
3.626339146393874335e-01
3.352772005860534810e-01
3.084135228458654843e-01
3.927673896607516424e-01
4.158947671364076615e-01
4.238743088147062799e-01
3.670246797878554679e-01
4.710640256880966326e-01
4.285217540419100635e-01
4.069706068309412172e-01
4.019727176733678964e-01
4.284672999585204534e-01
4.736819513886393884e-01
4.078879293938023620e-01
3.544268170066398049e-01
3.974825461976107532e-01
4.237974702330700172e-01
4.025612179684045500e-01
3.732696876133690389e-01
3.193165573409627034e-01
4.011253590939079516e-01
4.820611316659926260e-01
3.791216102768626417e-01
3.836928804052386344e-01
3.898076108734593315e-01
3.809951193330185504e-01
4.045646878577734418e-01
5.754643552913366600e-01
4.415150249596742627e-01
3.630492152714636656e-01
3.084634837763317039e-01
4.548003282540956094e-01
3.704553283846266920e-01
3.742534263356459001e-01
4.241373668598738544e-01
4.559407033118124675e-01
4.535903739418453706e-01
4.041309802925395767e-01
3.937399641162674380e-01
4.370524129106291844e-01
5.652998804788967879e-01
4.234305654442047651e-01
4.600250444433597319e-01
4.744836108889529669e-01
5.512843437777468214e-01
4.744014785990156025e-01
5.181826894766063951e-01
5.129026613039945337e-01
4.973215766951748495e-01
5.325298864502423513e-01
5.836477846944663206e-01
5.587431101217407159e-01
5.305414222880570074e-01
2.538748277574068291e-01
5.215463870750591813e-01
6.977244947475608194e-01
7.345232845622496898e-01
5.846483161445095167e-01
5.650174376692282951e-01
7.621346015400029539e-02
5.952462402923991425e-01
5.351706430291802707e-01
6.029996716227642439e-01
5.841425223077764128e-01
5.601540785310976656e-01
4.303004927268069268e-01
5.191760895864914183e-01
5.022070705626283660e-01
4.956401943853835923e-01
4.378544278083631447e-01
5.687907249950495681e-01
4.829467698481172966e-01
4.714581314889288444e-01
5.846125594548500226e-01
4.957864704465741457e-01
5.164537151393143732e-01
5.534757632292706120e-01
4.961875227828802526e-01
5.131674336361681243e-01
4.355225085034126753e-01
4.788825192035710554e-01
5.380767186799657598e-01
4.237606112308693884e-01
4.288832312017200610e-01
4.014595961677814295e-01
4.197828589043212100e-01
5.143071233195207759e-01
4.090127859646494057e-01
3.596333718975159299e-01
4.372177728156713683e-01
4.169098736800794791e-01
4.709215962709984993e-01
3.911406468704141104e-01
4.062085823109798377e-01
4.213812492600192416e-01
3.381649568541076345e-01
3.775905526616369912e-01
3.516154858662447480e-01
4.278801018997356320e-01
3.600935987909665847e-01
3.862333204025984457e-01
3.495814008309210408e-01
4.460538752996614509e-01
3.116611764776202609e-01
3.475969252886074723e-01
3.210718615704480361e-01
3.833759581604531674e-01
3.815503350859919540e-01
4.205048249117483983e-01
3.614556454710328715e-01
4.085287595292397267e-01
3.679457907496812008e-01
3.590186458470990827e-01
3.356058540743832030e-01
4.069812766358121836e-01
3.628975997136363318e-01
3.432934900159653746e-01
3.778484037609705637e-01
3.465533819248243219e-01
3.404765643629820704e-01
3.690953155469717806e-01
3.680784862924675882e-01
3.545280672611971218e-01
3.764232320366723838e-01
3.823897335374897843e-01
3.415522457053586924e-01
3.218468657508805064e-01
3.590739521387278921e-01
3.252544248939597260e-01
3.500087369792593273e-01
3.284617226229441522e-01
3.243986522737451472e-01
3.670729638884689394e-01
3.258695130679659102e-01
3.333840409090159107e-01
3.234523807753123537e-01
3.343218062655723966e-01
3.659196299009490061e-01
3.526085520125350481e-01
3.562236175179886444e-01
3.056961440974716449e-01
2.924260218060095173e-01
3.915381451127493695e-01
3.427191997811234736e-01
3.388350513621934401e-01
3.050818624927582046e-01
3.297730217884433102e-01
3.417938278711735167e-01
3.838389007449602430e-01
3.733366951900016217e-01
3.568470691357678581e-01
3.348909683841470031e-01
3.077630524808020462e-01
3.358258773648437612e-01
3.340066801179783496e-01
3.168087000595699032e-01
3.216542498110218085e-01
3.069543169461149135e-01
3.474901703808561670e-01
3.280474920893651225e-01
3.228138936680130522e-01
3.242219230280243281e-01
2.955578636435801654e-01
3.543240699473733657e-01
3.573341481606704950e-01
3.771975589621154867e-01
3.770628020826323201e-01
3.331626041196446564e-01
3.170160061121830020e-01
3.908099666309380327e-01
3.056612874446208439e-01
3.291436587916680145e-01
3.585856041148947626e-01
2.999132910930741303e-01
3.151561085527210815e-01
3.382346133768956431e-01
3.075643615030761446e-01
3.405919694097281902e-01
3.446300850950049233e-01
3.852679990924698927e-01
3.542575104863258106e-01
3.613334657779464498e-01
3.425215411172492508e-01
3.233564550675085414e-01
3.731335686977049759e-01
3.431056674956279307e-01
3.991198650251451818e-01
3.567021665391967300e-01
6.296786944371112194e-01
4.756710705647673176e-01
3.738225335354483647e-01
3.996067033407876279e-01
3.985502152095752870e-01
3.624408190633232607e-01
3.878533146314121494e-01
3.469232627302870076e-01
4.351753063899260199e-01
3.739443216022383942e-01
3.577375796715674405e-01
3.455488510132299629e-01
3.390491161436682832e-01
3.533369006531325573e-01
3.618729298083990797e-01
3.911016277341607950e-01
4.102093298186198500e-01
3.922670316800940249e-01
3.658073208631251738e-01
3.807294100241977453e-01
3.794980773490728154e-01
3.549777009717698384e-01
3.763983572421517043e-01
5.392131721313315751e-01
3.755151596774565781e-01
3.773429366968366616e-01
3.864613596219694802e-01
3.799000633829696105e-01
3.584705634615638625e-01
3.807103433520528935e-01
4.313505803024101914e-01
4.956969314946380600e-01
4.384125216036805495e-01
3.677304209894015630e-01
3.648053316623688924e-01
4.106338329424696343e-01
3.298963701895307743e-01
3.881442296066220932e-01
3.243219643704337574e-01
3.770159423238602647e-01
4.064314988945316731e-01
4.446195567095471701e-01
4.296760054573754983e-01
4.116895311699866888e-01
3.985780392830645669e-01
3.623946135946299330e-01
3.536189558477075834e-01
4.377189186248741648e-01
5.052017742394516731e-01
3.420530646131637043e-01
3.600880109572349719e-01
3.975324385175647568e-01
4.022246604503955103e-01
3.967135348795496341e-01
3.625468520745925294e-01
3.585595199047605930e-01
3.942370611974471695e-01
3.946476995599382254e-01
3.862610846046427016e-01
3.309816137158811400e-01
4.324463873406537151e-01
4.124903400604883474e-01
3.343411507467115573e-01
3.729155420003092969e-01
3.621949753532205385e-01
3.831321272511067910e-01
3.932360062177341908e-01
3.707642113681676732e-01
3.491935133197577312e-01
3.796210022376450000e-01
3.631699998953445974e-01
3.585885515853023398e-01
4.047959849213808026e-01
4.102418691077734936e-01
3.768827954570559413e-01
4.451351495172543027e-01
4.397020010138414370e-01
3.944849797910979783e-01
3.979965493362302431e-01
4.190196915098389208e-01
4.543339213971390733e-01
5.332760791122088673e-01
5.448568579438337611e-01
4.583711886979608963e-01
6.095756651439253604e-01
3.067140730318474784e+00
5.382500390223133868e-01
5.499556270191791052e-01
8.193892028441500663e-01
3.084713865370154906e+00
3.109530727341549117e+00
3.853157116014702122e-01
2.762944061674120766e-01
2.178557303394156597e-01
7.366018372289565574e-01
6.883426560369803049e-01
4.849501792014673796e-01
6.033106629052297221e-01
8.247976815281385932e-01
5.394331482688156099e-01
4.518769996889741014e-01
6.170178254856674149e-01
7.146817075984492895e-01
5.739551741696493625e-01
1.069520572391247093e+00
7.911105917626437556e-01
1.502680122750619685e+00
9.484348195746356014e-01
1.549656712388552515e+00
1.049448593160979826e+00
1.617086847550273321e+00
1.126241345299283214e+00
1.056010759769715701e+00
1.230042112117740283e+00
1.234334673281889838e+00
1.178640560209354815e+00
1.305034469266902253e+00
1.307454098711516410e+00
1.488046752837157038e+00
1.175786955953086466e+00
1.100106223171942954e+00
1.488358418488406443e+00
1.540159279062992548e+00
1.606318445861862454e+00
1.517115629651918818e+00
1.072749178753743537e+00
1.163374686001741765e+00
1.257789207518954511e+00
1.056837770888383377e+00
1.160147973319338721e+00
1.351071630691873082e+00
1.317348802983068223e+00
1.132547967307128367e+00
1.125414495237583301e+00
1.299024615362071255e+00
8.660478646984207662e-01
1.203151598203014094e+00
1.503662753312604572e+00
1.282833983118140342e+00
9.857971299056936809e-01
1.116898962503598769e+00
1.192060904403374311e+00
7.642865361623606413e-01
1.164539753121595078e+00
1.264400483235755157e+00
9.431035412241964844e-01
1.208656464516806306e+00
1.111961605908621475e+00
9.526160651692326953e-01
9.694765760826533629e-01
9.210293748867764974e-01
7.549264572786700267e-01
7.711477246079035952e-01
6.158727630495118843e-01
7.641869446601277094e-01
6.709827940119731382e-01
6.926422150036043446e-01
6.368842557271716665e-01
7.532818768191964498e-01
8.122434302667718153e-01
8.783577577369336975e-01
9.954663320357378664e-01
8.101683138721910149e-01
5.993559712312542809e-01
6.119762750858122047e-01
7.258549275104833054e-01
6.478864173463098064e-01
7.436615646398858637e-01
5.347415105706248006e-01
6.676533247199898380e-01
6.807408036491919834e-01
7.104158613355204821e-01
4.910080133071056951e-01
5.887188306048474207e-01
5.696863473152976587e-01
8.013723729014308184e-01
5.320492959569590452e-01
5.517561283386082094e-01
4.712291055086731961e-01
4.979718981652340726e-01
4.628331496766672215e-01
5.208641892562311249e-01
5.459109609646000116e-01
5.482891030428207468e-01
5.189463327031975659e-01
3.772568656695106104e-01
4.331453280605033762e-01
5.734673145804665140e-01
4.690868168596071808e-01
4.358858071013324564e-01
4.172750035816680247e-01
5.313746325247672431e-01
4.130668830462471686e-01
3.983048642279792828e-01
4.995245976819333578e-01
3.950651843564085275e-01
4.771534408744620981e-01
3.891657443001521055e-01
4.869538215307895879e-01
3.894882377881074276e-01
3.864887751377073521e-01
3.528172654026219823e-01
3.699626051335025423e-01
4.455023531981781582e-01
4.738644676242225184e-01
3.644504259784412947e-01
3.759328105086728322e-01
3.845303186992040656e-01
3.737944427456811880e-01
3.458259622949411694e-01
3.528036084166474295e-01
3.577600255882744662e-01
3.299329709797109156e-01
3.586571787383342480e-01
3.832187973653619073e-01
3.470696797409866807e-01
3.788784771070809465e-01
3.391704280177654796e-01
4.237537694057214588e-01
3.972264150167924002e-01
3.318145849392789004e-01
3.778550152097230885e-01
4.529031045968877622e-01
3.579643427364181951e-01
3.972528578741935101e-01
4.057335207518389386e-01
3.433403434977524982e-01
4.617924098086013673e-01
3.538791496614919208e-01
3.440451167113448006e-01
3.608045959728000129e-01
3.509430078403843467e-01
3.786050209281976442e-01
3.123655439755284036e-01
3.161104527637871864e-01
3.361171019526239534e-01
3.391031269287729799e-01
4.014848501155112714e-01
3.548572811165632279e-01
3.861135639921359775e-01
3.630019755339292109e-01
3.569630140033310250e-01
3.173604284162742650e-01
3.394798487261109221e-01
3.788116666770038332e-01
3.441540151165423667e-01
3.251444240121173501e-01
3.328425320196858328e-01
3.725610475092042129e-01
3.859506756130187677e-01
3.400633265378952830e-01
3.313729972778904909e-01
3.705520112681465195e-01
3.853119400890779311e-01
3.197835107823672196e-01
3.826343627929574831e-01
3.389910392295924502e-01
3.108376249940332237e-01
3.197637941357792113e-01
3.710163394529865100e-01
3.238482033638589996e-01
3.349447381093986209e-01
4.455668028054254881e-01
3.501415236034707834e-01
2.999524589838643562e-01
3.666461062851835706e-01
3.503050634195823965e-01
3.758777130150520174e-01
3.419678117688684238e-01
3.704890631214071139e-01
5.090767757548684269e-01
3.604585543141936022e-01
3.524064103973733597e-01
4.289742088245749874e-01
3.448700918193098874e-01
3.518018807245267277e-01
3.499797743909936476e-01
3.222391374487870719e-01
3.999122313343053126e-01
3.787570633359932382e-01
3.970306526091350596e-01
3.208416145988942092e-01
4.066973758388651161e-01
3.162400061635272097e-01
3.814964780008042733e-01
3.772906111552621344e-01
3.689580230768021996e-01
4.367558951916022392e-01
3.327895292866417387e-01
3.364076454412739947e-01
3.405714651322679920e-01
3.530132035707679306e-01
3.911611174359102550e-01
3.655046099889739386e-01
3.079614722132242854e-01
3.714148963938799231e-01
4.398233314734323884e-01
3.218056606352407978e-01
3.425195809148154913e-01
3.734972598885278883e-01
3.585592219458859087e-01
3.405805393729114394e-01
3.785238422610466835e-01
3.881469131498506142e-01
3.455325192453114203e-01
4.937861744333913450e-01
3.546980942706752238e-01
3.784533913182313580e-01
3.924076133267814237e-01
4.040166537198593422e-01
4.033157800611420485e-01
3.707023445077349821e-01
3.991125799577988076e-01
4.463004626151744203e-01
3.895223869480527457e-01
4.110296531543023435e-01
4.148751911068542242e-01
3.425937550427709533e-01
3.891569878544124950e-01
3.444267168904612264e-01
3.764334373823409186e-01
3.572762234205905663e-01
5.041971247280409019e-01
3.655996819625367267e-01
5.202430609740580358e-01
3.717258527680843416e-01
5.209781286475281270e-01
3.445187594929147168e-01
4.342211093943384448e-01
3.591859489205058709e-01
3.470726458199053233e-01
4.952648540376566322e-01
3.886538075973336448e-01
3.327837645356014895e-01
4.090025023885469624e-01
3.653046617048453792e-01
6.184093286098497622e-01
3.811628099638332823e-01
3.843031004268928630e-01
3.243182608396301680e-01
3.524032212659650165e-01
4.013548877715684138e-01
3.662479253950741698e-01
3.733013209604090776e-01
3.321546892480100599e-01
3.393515241250490422e-01
4.095407715575331009e-01
3.905776211829041222e-01
3.740528280716809428e-01
3.342124362323234399e-01
3.645024084609911896e-01
3.437825111859380001e-01
4.291341375770213462e-01
3.204153765445338364e-01
4.126277435026382556e-01
3.431089817465547975e-01
3.494633423298393327e-01
3.528550772414416614e-01
4.001655798827319921e-01
3.719116500526424285e-01
3.620937529440085290e-01
3.586035809929173923e-01
3.956530156372168872e-01
4.115367950348248205e-01
3.201499300225607025e-01
3.305427233715841351e-01
3.520502117468158887e-01
3.479712354998985568e-01
3.865051730631458571e-01
3.631974716042033480e-01
4.155380985179785158e-01
3.601414812108430508e-01
3.542949254313372265e-01
3.551393291179533729e-01
3.882152652464456177e-01
3.728910014360588554e-01
4.630727140714456236e-01
3.907344360885474654e-01
3.766995367381202886e-01
4.499881169746767773e-01
4.036125988677544130e-01
3.870435139298458727e-01
4.184430247068037789e-01
3.973988419971776764e-01
3.796586900340713777e-01
3.483240106704123540e-01
4.147015360038934229e-01
4.278149071691982330e-01
3.659628447993074629e-01
4.054123252123886800e-01
3.324690995160616835e-01
3.718120266356618742e-01
4.311471507328131225e-01
4.067515485452071200e-01
3.887708875474334969e-01
3.892699051557525491e-01
3.537506413695921115e-01
3.961867179195627253e-01
4.332209208133203093e-01
3.871166303109150331e-01
4.437910671851880706e-01
3.902770724457044760e-01
3.835782596430762914e-01
3.873423771341671928e-01
5.229722215001659791e-01
3.931295889468173210e-01
3.561535708539464995e-01
3.535312738982739345e-01
3.701535081429352392e-01
3.955929768541716629e-01
3.366752205445271429e-01
4.145752284040774005e-01
3.972946339645133662e-01
4.334424154395761231e-01
3.557746764938199968e-01
3.949074101643965662e-01
3.711194252651454084e-01
3.743710150995099850e-01
5.285428119377725276e-01
3.941800810023190493e-01
3.772352474844972159e-01
3.359547558709956028e-01
3.605911766657995954e-01
3.742914060737189130e-01
3.921201892274470135e-01
3.863070270928498640e-01
4.050109501456123917e-01
4.037169949712503536e-01
3.613910265504790553e-01
3.945235892245907983e-01
3.772594675118031704e-01
4.654226455620992797e-01
3.785772971135956122e-01
3.814202013276837833e-01
4.196561431861031699e-01
3.438832624227179391e-01
3.860565153316735665e-01
4.623065986736663580e-01
3.552562602238061307e-01
3.826857365229442975e-01
3.285695554481111169e-01
4.416434295024591616e-01
4.236215869601022144e-01
4.315480015380939727e-01
3.696918062757729162e-01
4.127721975561411960e-01
5.629539267887067044e-01
3.478691077250414265e-01
4.045565321261658243e-01
4.753890759192168081e-01
5.260411432476650440e-01
5.501694879945718819e-01
4.819564296524875280e-01
6.151184325947426368e-01
1.431415174788942257e-01
2.227141629848441995e-01
3.084055343051723685e+00
3.102829266528427166e+00
5.070465640450512179e-01
5.596311241175386808e-01
3.035928697818967237e+00
3.083354761548416700e+00
5.542732609768907803e-01
3.079531245593694511e+00
1.382289476770655057e-01
5.943284186535647828e-01
1.409399393297558811e+00
1.960477663696787165e-01
6.775367433995681532e-01
4.749058630896204058e-01
4.682932063649324350e-01
6.206391506492665577e-01
6.631462424770239172e-01
6.549824386504755624e-01
7.208032707294635966e-01
8.842420634812202529e-01
1.111210392580418427e+00
1.332808372586502088e+00
1.428634952844916484e+00
1.154473596936197000e+00
1.432518624138357399e+00
1.131830417553413515e+00
1.085204976233619112e+00
1.284036488596243641e+00
1.373729943952382015e+00
1.809332001841034820e+00
8.402613071821699586e-01
1.111781758187793567e+00
1.776844394126007032e+00
1.469794284868275902e+00
1.430310200129930376e+00
1.249740173633157037e+00
1.140862103102100011e+00
1.551181741607653208e+00
1.341290496531597487e+00
1.192095883693951475e+00
1.247413259818772380e+00
1.269039752778208463e+00
1.400263707023669646e+00
1.356726026363719750e+00
1.226260546874885726e+00
1.216703090951297028e+00
1.148519351881904571e+00
1.508617286645862254e+00
1.113524529482237568e+00
1.129912439039661542e+00
8.761549895119377096e-01
1.415593351359430985e+00
1.139665674605048196e+00
1.145684783874683976e+00
1.187550322488716281e+00
1.166963949313055249e+00
1.335432190052098456e+00
1.266926318091672332e+00
1.011528778785309113e+00
1.084698269948767946e+00
1.799400271483512004e+00
1.300443126980439734e+00
1.413691047755958774e+00
1.042239245686438442e+00
1.280232104038993901e+00
1.183640842191873377e+00
1.180004546682370092e+00
1.242067418479310570e+00
1.180004546682370092e+00
1.303797007156110910e+00
1.104162047998048735e+00
1.305719379104469891e+00
1.303797007156110910e+00
1.073300002611893289e+00
1.220309660688222442e+00
1.142043087792539824e+00
9.327056671017471823e-01
1.249173216820435250e+00
1.046389804230445586e+00
1.222304907531922336e+00
1.004257597169379679e+00
1.092133146831814505e+00
6.983310228085920501e-01
7.339104862668801577e-01
1.030805681586170142e+00
1.387021691965473869e+00
8.828483315954310795e-01
1.018801377562792654e+00
1.183703468567232298e+00
9.884286441803985523e-01
7.112347347320328028e-01
8.530545961501684316e-01
9.015085621384005821e-01
8.847808599402160468e-01
1.111301607189711271e+00
1.107420490743319164e+00
9.202313255782365031e-01
7.965185917329518084e-01
1.009304163439698643e+00
7.658789719161906984e-01
7.521506680853965454e-01
7.127353947437277126e-01
7.697652674789825511e-01
6.234475081094028592e-01
7.866041552420507399e-01
7.349057049350711246e-01
8.211330605016894379e-01
8.805709947509170465e-01
7.830139462794669658e-01
7.459620823999736361e-01
7.934951588608596396e-01
8.452608412493264334e-01
5.725111160796656495e-01
7.379593217472140143e-01
5.916746085515530718e-01
5.937946782630931786e-01
6.920225167200351191e-01
4.995978911957246194e-01
6.296582272922944812e-01
6.880996024841240510e-01
6.394219787105662745e-01
7.023444123658456606e-01
5.941855075988524693e-01
4.420707050585351849e-01
7.150591326248153523e-01
5.046934191058820574e-01
5.894376223964988837e-01
4.793232762710881167e-01
5.136317924655949829e-01
5.344174287715193206e-01
5.223813161141999117e-01
4.486568878475543087e-01
4.472647766090212529e-01
4.684595888231138927e-01
4.748851097130467047e-01
4.160148524829845318e-01
4.640362416614211560e-01
4.610482582113026861e-01
4.160349945625640977e-01
4.476315669355507287e-01
4.484246951146427795e-01
4.594054324962728586e-01
4.522174556408427026e-01
4.126992979799985473e-01
4.909175304206370161e-01
4.555063927708882243e-01
4.486209373289875568e-01
3.861102557007425884e-01
3.796806991854083657e-01
3.416080504448612554e-01
3.750318137032263577e-01
3.940966510204705897e-01
3.855123153962533578e-01
4.154488441233352702e-01
4.756632090682357816e-01
3.581726605310984746e-01
3.901439799700558431e-01
3.974376701502034259e-01
3.761567587124338141e-01
3.833911842066354270e-01
3.387983812586134458e-01
3.722477114966375455e-01
4.983821814363367797e-01
3.337346396287065864e-01
3.342501155031349924e-01
3.517240988604365404e-01
3.488610295919540860e-01
3.288687015074271414e-01
4.007808915079840162e-01
3.380734010791256461e-01
3.698971114505334445e-01
3.687141684016873588e-01
3.789994073946897912e-01
3.833698815030024409e-01
3.323992902372547853e-01
3.734470502826972016e-01
3.329629188388113503e-01
4.339786838132189128e-01
3.401336842191182708e-01
3.402927930813290369e-01
3.707288085918640230e-01
3.524420982132069891e-01
3.461339383510668166e-01
4.168852252144384374e-01
3.243309935100093799e-01
3.366417395524994305e-01
4.030230707323830264e-01
3.743277477965029632e-01
3.878718677023549333e-01
3.372364449730431701e-01
3.088606177194564983e-01
3.289081879773032568e-01
3.930255073907851782e-01
3.468130011066065110e-01
4.020716019439726785e-01
4.271154605179086072e-01
3.921044303384419449e-01
3.530958686382776324e-01
3.468850196653817664e-01
3.714740701991702809e-01
4.224923619696017152e-01
3.815793640978701884e-01
3.655206891534037994e-01
3.447287072056651747e-01
3.634778931010315683e-01
4.068344345279825691e-01
3.505113460330564479e-01
3.540154587999838065e-01
3.540931869461421133e-01
3.729397434403917133e-01
3.729117252182999609e-01
4.067402382591091548e-01
3.643272425590369235e-01
3.462776625619165549e-01
4.058837847089634687e-01
3.923032560623524456e-01
3.781502176663088521e-01
3.859417564577627413e-01
3.548693175674135225e-01
3.645314133273167556e-01
3.415123699323037720e-01
3.409861476961961180e-01
4.002194889306681658e-01
4.178756822418666084e-01
4.000083008693203213e-01
4.257821942327116860e-01
3.513932717782999871e-01
3.797884044927778424e-01
4.310975993262145534e-01
4.056772628600575081e-01
4.181577772363948009e-01
3.575558309122364165e-01
3.804384865851860864e-01
4.062593929106536050e-01
4.279224281696262233e-01
3.641345699563076077e-01
3.764393603818694256e-01
3.533625417647036637e-01
3.426524174626461305e-01
4.189097151323724066e-01
4.185777311647414511e-01
3.473518132204798103e-01
3.790259422664323252e-01
3.983042182239451279e-01
3.395358275973788809e-01
3.584315432786250866e-01
3.919144333016710280e-01
3.921257348856624914e-01
4.229256378888161527e-01
4.091128965119060767e-01
3.749343532891986630e-01
3.355194034538299119e-01
3.815520285934658751e-01
3.779643580677865544e-01
3.538862268886201479e-01
3.574625471528682374e-01
3.424648003788183792e-01
4.533750303825254679e-01
3.766841954681736659e-01
3.795945963501365927e-01
3.847581928971613996e-01
3.861292271541422183e-01
4.054591844537813183e-01
3.727860613202280127e-01
3.896281600861529193e-01
4.510142845469500839e-01
3.868858891586848814e-01
3.546884260272474831e-01
4.565159905532181761e-01
3.944573654609415669e-01
4.350961251348887115e-01
4.457186257753298908e-01
4.402570924610976211e-01
3.611978288979199037e-01
3.918691975260030214e-01
3.711464399912698386e-01
4.008722083092426947e-01
3.419303912209792906e-01
3.715345534953317652e-01
3.630165746131959192e-01
3.603726207093360667e-01
3.646214168758119545e-01
4.266831362576305464e-01
3.407734445092295839e-01
3.455528850290395249e-01
3.447787296421264136e-01
3.738904019198909245e-01
3.837392658184985428e-01
3.425932100044741802e-01
3.955989653202207079e-01
4.123597808361849637e-01
3.739974781924254033e-01
3.806172242178715859e-01
3.255330635471476164e-01
3.896610927735923435e-01
4.039854936568281207e-01
3.763782256365867385e-01
3.848661010179417752e-01
4.173981372829220216e-01
4.036278322377315764e-01
3.566615054732998891e-01
4.211877877364087475e-01
3.363941686002308584e-01
4.057034683445876477e-01
3.484631313499665928e-01
4.196313410840940561e-01
4.771155243942868385e-01
3.725176912589603928e-01
3.676667607359945800e-01
4.138202026175062942e-01
4.276527559212782159e-01
3.498225183151428830e-01
4.026445137729384172e-01
4.068504005161142079e-01
3.899809042609004295e-01
3.960705961018508026e-01
3.947474672171397692e-01
4.319708579404238913e-01
3.671618488147326276e-01
4.174616688785142138e-01
3.987683950054703441e-01
4.598050698783703871e-01
3.648079529483722050e-01
3.984825025695680756e-01
4.087035755952314053e-01
3.952044546640515743e-01
4.205099709773923999e-01
3.954375423104825038e-01
3.997761811946535793e-01
4.699005721961885818e-01
5.606835695487463189e-01
3.794113427057718702e-01
4.405903533344173728e-01
4.806848766740738355e-01
4.396494881641220820e-01
5.715580901517061108e-01
4.634902241868943951e-01
4.560269219884680036e-01
3.997305678006279894e-01
5.501851001588748957e-01
6.329302848638592716e-01
5.142071928218574506e-01
5.711483287538635656e-01
5.573513980160854642e-01
5.343202709962097119e-01
5.406978826247921255e-01
5.645320619387482752e-01
5.637841382096573373e-01
5.167282320458184142e-01
4.974846462372107814e-01
5.352380396452864897e-01
5.369379954514759135e-01
5.312515644395233716e-01
5.669435347734024244e-01
6.248587244318259959e-01
5.140786509108625779e-01
5.144673472578574769e-01
5.070709523731573576e-01
4.826870037209775033e-01
7.979701026277917775e-01
5.741360885526353153e-01
6.747114174376692697e-01
5.795446234003848174e-01
6.994275500799082002e-01
6.699456056614175870e-01
6.707055049061468877e-01
5.134014511747010401e-01
5.305982252154681778e-01
5.202290679650933836e-01
6.236966366122344008e-01
5.885370107441740828e-01
6.417037583669712442e-01
5.334970499148238288e-01
6.544230850681834744e-01
7.897720516862892781e-01
6.097684809878448631e-01
5.660692212720837002e-01
4.907518588858956754e-01
5.653390464426897299e-01
5.396172615965204589e-01
5.768020492267306176e-01
7.227133269261721837e-01
6.984437183652869585e-01
4.781653193142726410e-01
7.082213377678474586e-01
6.633403372306696522e-01
6.690794176588186204e-01
5.720479248282068774e-01
6.404126812116459622e-01
8.489874814803444192e-01
5.957422133981264967e-01
4.992335231096488024e-01
5.646865550930862954e-01
6.233193138427987057e-01
5.812252783579276993e-01
5.723935449552114418e-01
5.083501328804650443e-01
6.600489981556182384e-01
4.957880484481848593e-01
5.355392968567792567e-01
6.692029829952060860e-01
5.359432342902572532e-01
5.250595746857690260e-01
6.917500819964825798e-01
5.212903650431296443e-01
5.263547924396695388e-01
6.810421216455826432e-01
5.466094809590190673e-01
5.277135684636333757e-01
5.565648648488785710e-01
4.455860669992235401e-01
4.959066102226745154e-01
4.842256941203826326e-01
5.110272556487180928e-01
5.441609267236867664e-01
5.441787804702081788e-01
3.955000328567837564e-01
5.305793418527444683e-01
4.442655460776889775e-01
5.530417990383161841e-01
5.394906738326721296e-01
5.400859593529677705e-01
4.266173133578594068e-01
4.784017186959463874e-01
3.848590267837233569e-01
4.642943051907545415e-01
4.888827478514463087e-01
4.103949360135970004e-01
5.080179280337772108e-01
5.151517452637224270e-01
4.696259008918515221e-01
4.861668937600240326e-01
4.644215479562368576e-01
3.564201794872964291e-01
4.719265540182663865e-01
4.103394456493369979e-01
4.139034154161017609e-01
4.980023367102457410e-01
4.711096100560138167e-01
4.993990398456803481e-01
4.598246781097513614e-01
4.773438717251416996e-01
3.977070194270991288e-01
4.594228187494210358e-01
4.649384036996844216e-01
5.055080627204762145e-01
4.786770358352158139e-01
4.566549542591732402e-01
5.690154267748193107e-01
5.352622087896783398e-01
5.524609105091802252e-01
5.158735994943804970e-01
5.367627126160061657e-01
5.454274511181316232e-01
6.470171876374617437e-01
5.510998421196184882e-01
6.199236381378628868e-01
5.706143040108718756e-01
7.262875408702829105e-01
6.171080057472001501e-01
6.320043659059423335e-01
5.300854793175997504e-01
7.302511681807314359e-01
6.178621440302390910e-01
7.016619629053448826e-01
6.268470060284266898e-01
6.284520992273568973e-01
6.738922897138509560e-01
7.372435572538804660e-01
8.700775740432090677e-01
7.225367653343658381e-01
8.085889455426933381e-01
7.989911207636909429e-01
7.730639074320676540e-01
9.299473489045508856e-01
7.676946583619016495e-01
7.502815785910663671e-01
9.755958389700680744e-01
1.016287022419150254e+00
9.160095570985546942e-01
1.036791148324968548e+00
8.009510169572902072e-01
9.899285695307042943e-01
1.315326835120313564e+00
1.084062230723364717e+00
1.240803436015719408e+00
1.039749170112513887e+00
1.066969908415451584e+00
1.449662176918906864e+00
1.164999072401293523e+00
1.086904418189790000e+00
1.492153287882015622e+00
1.292082686868017749e+00
1.441118734792831590e+00
1.223886459327614862e+00
1.748570979946415527e+00
1.047058518768687385e+00
1.285859330317879579e+00
1.437690792654799044e+00
1.548036975806013293e+00
1.352737711179217150e+00
1.168134209783676436e+00
1.184600035202883594e+00
1.188722955598764619e+00
1.511054028421284334e+00
1.816709070815737181e+00
1.660212531035532013e+00
1.002102713347289287e+00
1.423884048878032882e+00
1.549199568916639791e+00
1.151930143491461944e+00
1.564864921186744473e+00
1.599962729926749594e+00
9.978665839616615019e-01
1.175898535261078681e+00
1.515243949289040826e+00
1.347521166276198112e+00
1.696868765856405892e+00
1.272907731382465490e+00
1.119355154043546241e+00
1.442371999593938137e+00
2.078640762137112130e+00
1.356933068215534499e+00
1.572578893008972134e+00
1.268521385032343796e+00
1.620991781646981877e+00
1.390427007608918242e+00
1.330006846398321230e+00
1.044303124824199624e+00
1.336308267087206403e+00
1.149813620325135899e+00
1.175403032714941842e+00
1.122562099830050508e+00
1.451538562866554027e+00
1.382704388234120563e+00
1.444342648883809366e+00
9.857696998409780642e-01
1.306685834295094883e+00
1.679271476593638956e+00
1.188065074733304138e+00
1.068030279907738800e+00
1.093672971830562224e+00
1.085305534507783998e+00
1.059519915504648857e+00
1.201276825961628658e+00
9.520017811536554131e-01
1.037827139311281233e+00
1.350413784732267697e+00
1.013105132890447901e+00
1.258303459845811156e+00
1.035352807666753305e+00
1.167986706355355953e+00
8.589321244117757992e-01
1.038716842233204041e+00
7.690506169267119496e-01
9.120861821998671459e-01
8.197584348883578675e-01
8.818627338713658226e-01
9.233262270964969209e-01
9.259931209226054394e-01
1.018945551135343797e+00
9.317022149947574716e-01
7.895724031139541577e-01
7.742269364878645588e-01
6.993775423829901028e-01
7.048977773673474889e-01
8.438855595705095913e-01
8.654948578928732816e-01
7.860587565307418645e-01
7.174161589253722493e-01
6.724929470238774076e-01
5.839584228818763822e-01
6.563293499572409040e-01
5.602921650411122334e-01
6.536598223166348864e-01
8.832805550484533752e-01
5.653144151895642677e-01
7.267919443678345637e-01
6.055478487602432569e-01
5.891043407376244101e-01
6.879187517585246825e-01
5.651269481620867507e-01
5.709144023780838850e-01
6.015233728329212326e-01
5.935706645561229511e-01
5.995300318379014337e-01
5.544563215714682913e-01
6.446837596750554233e-01
5.386950112813090330e-01
4.918856396369193362e-01
5.379413718073245976e-01
4.665225278390509045e-01
4.273356090835383481e-01
4.891391222926714244e-01
4.872725939024109554e-01
4.760744417807748485e-01
4.463887282454181982e-01
3.998150441181417825e-01
3.669183962254233267e-01
4.405004265081605697e-01
3.709299698918600563e-01
3.358417261258341835e-01
4.274342960889630505e-01
4.211217025629269695e-01
3.367918577566070271e-01
4.181765511855837225e-01
3.598273787920724387e-01
3.900194574903869671e-01
3.743013227121363418e-01
4.044711973264406013e-01
3.918765241238928443e-01
4.148253212882490049e-01
3.453341820239071991e-01
3.755964984640001170e-01
3.679355038475962125e-01
3.724588471937165801e-01
3.702988416929754445e-01
4.650352712207030947e-01
3.512667197508978489e-01
4.062187944349570090e-01
4.098723813280569228e-01
3.718220958260557985e-01
3.718481277138221963e-01
3.454564978222735561e-01
3.418421706841138219e-01
4.306760291313714850e-01
3.612420758674381172e-01
3.519173665450136546e-01
3.656667532787635233e-01
3.411047484659259776e-01
3.818303719356601622e-01
3.732284598582448765e-01
3.983431944233942756e-01
3.815085910185413431e-01
3.875764886353759708e-01
3.645280489873142238e-01
4.292218745930743706e-01
3.748411851873132417e-01
3.565559971707083498e-01
3.745642749174889485e-01
3.855888443509739028e-01
3.863321470296345317e-01
3.698874508953671203e-01
3.820868489253221312e-01
3.816666601377921020e-01
3.321612837156405762e-01
3.830451402151786588e-01
4.161636663556380067e-01
4.546915013126761052e-01
4.516840097593972647e-01
3.393879647928375043e-01
4.013200415867761994e-01
3.539267712205746430e-01
3.536614526574007322e-01
4.373958138656257599e-01
3.655620765612356826e-01
3.475291697772937005e-01
3.393046630508928518e-01
3.161516075802702219e-01
3.651845845142677183e-01
3.924518927905996102e-01
3.572387993573910570e-01
3.695837920220635398e-01
3.705148790342465137e-01
3.646317401216633280e-01
3.759917412113190083e-01
3.514800988257881786e-01
4.060255822568017980e-01
3.835979067058913339e-01
4.484510681098539675e-01
3.969198741370632000e-01
4.239767307175569266e-01
3.856916494221906966e-01
3.998720594467621847e-01
4.269647138419969679e-01
3.332164456692678356e-01
5.007959446424635752e-01
4.988142019302709285e-01
4.060004457074034012e-01
4.546275948853073512e-01
4.130660816322820339e-01
4.424597422467942409e-01
5.228626356054555391e-01
5.007804555998566221e-01
4.431060319070568299e-01
4.688021363820332743e-01
4.265856597543640216e-01
4.003928120531005108e-01
4.361823962071788574e-01
5.026634218744709948e-01
5.131363352614274342e-01
4.429397077166715158e-01
3.813305394314961960e-01
4.490747695419077257e-01
4.472358714411424629e-01
4.408740174422317581e-01
5.322497587062515745e-01
5.100802367327690323e-01
5.223443489184337318e-01
5.240188534845278134e-01
5.129279594753752836e-01
5.252847378790495014e-01
4.743003107035506649e-01
4.289937124016270920e-01
5.527132481803279651e-01
4.627661573994963362e-01
5.058144744097954337e-01
5.440897466219505318e-01
4.896989624138358144e-01
4.832975287618852533e-01
4.637404800727634724e-01
4.487414768335229454e-01
4.598976675053698671e-01
4.714351171209032465e-01
5.016526954712912101e-01
7.057578173602064853e-01
6.378307169792494236e-01
5.270235921968764448e-01
6.316544411310179852e-01
5.179681385251259096e-01
5.412839879799064002e-01
5.863599697405430522e-01
5.803075779412648627e-01
5.032065627079670422e-01
5.137574326118625745e-01
5.365085109990295198e-01
4.821634786466743039e-01
4.838811146474651936e-01
5.152160916981687322e-01
5.452318799732310817e-01
4.320217319520927024e-01
6.608946501990855538e-01
5.660059414147274870e-01
5.345620582376112706e-01
5.434059459327906794e-01
5.392839477698391226e-01
4.870198270585910372e-01
5.292918917951234814e-01
4.934402801824619988e-01
5.262931827008416885e-01
5.075114568792549186e-01
5.726234199495502386e-01
6.757538335699789789e-01
5.036168029046471650e-01
5.648756255077380661e-01
6.179038495877570147e-01
5.124607276522351595e-01
6.161009597541170502e-01
6.475137548593781212e-01
5.000930996276128360e-01
6.100766341974926954e-01
5.947400713724733112e-01
5.419750365348728893e-01
5.832894705758178144e-01
5.895949573181982206e-01
6.195401053982947381e-01
5.972328469631542625e-01
5.367889926637949838e-01
6.917506921460901959e-01
5.030120671860479620e-01
5.243912677687062596e-01
5.980115378267359949e-01
5.381582644365441315e-01
5.975512002428357006e-01
5.482210064308887798e-01
5.135406491931888695e-01
5.205668337052726802e-01
5.660022073930764952e-01
6.019862051014802651e-01
6.161956911911751211e-01
5.730274962092584135e-01
5.355754531937508833e-01
6.872398024967391050e-01
5.474396057743492472e-01
5.103327243160087345e-01
6.605572655959967010e-01
5.090430929900733314e-01
5.519787248555498849e-01
4.601625066569371980e-01
5.454622940583740975e-01
5.417188161896631104e-01
5.277523330968735271e-01
5.959584186348311219e-01
4.742176436821305407e-01
4.586418112265693292e-01
4.299298461612336975e-01
5.040932411700805860e-01
4.949643131695196097e-01
5.339525468326986601e-01
3.811971721381131606e-01
4.495194796751380006e-01
5.189311599049377666e-01
4.589747404605847292e-01
4.392431456383052435e-01
5.139171067054106867e-01
4.602845828211852841e-01
5.337379987766339706e-01
4.182869594145085523e-01
4.958348141633537320e-01
4.909103145562804249e-01
4.131522675513632503e-01
4.551020064890616279e-01
4.341391027399075786e-01
5.482358790443292440e-01
4.442481099849960868e-01
5.122663209837501341e-01
4.527240673820669414e-01
3.897664710893520290e-01
4.279946494884797059e-01
4.785810059950346140e-01
4.255597494839387651e-01
4.376333620881527886e-01
5.324497895449720186e-01
4.233460476201915124e-01
4.065251267304447746e-01
3.838464087727050389e-01
4.298781819272662896e-01
4.774526987911835718e-01
4.221338757981483170e-01
4.663841758871539178e-01
4.101424930259022217e-01
4.124267177313327148e-01
4.145660900588475917e-01
3.669016275702500218e-01
3.838351304091587313e-01
3.966194577765499441e-01
4.224973362739113947e-01
4.261984897608349643e-01
4.429686917346621344e-01
4.515529827757145953e-01
4.246583001348345210e-01
4.364252971531095149e-01
4.431177388707804865e-01
4.157924931922881151e-01
4.015083812289199083e-01
4.431676014778015982e-01
4.836423206790416152e-01
3.830800186819001696e-01
4.539277856504185804e-01
4.791067447789326694e-01
4.838462243336005830e-01
4.899848838994819156e-01
3.958448077479880811e-01
4.430832840262345917e-01
4.087078450110127048e-01
4.062263746968060030e-01
3.628712805049849610e-01
4.359372131541882078e-01
3.966511219021197632e-01
4.328001897665574860e-01
4.332969766712179149e-01
4.081532382251512603e-01
4.333786037623325038e-01
4.364288787783851542e-01
4.116300878613068370e-01
4.246668273463048426e-01
4.091251478095724869e-01
4.146459105871321826e-01
4.067048431680794773e-01
3.942648804220840186e-01
4.353041501362046040e-01
4.618035402079745944e-01
4.368680716977565437e-01
4.307194210704601289e-01
4.600444217351271070e-01
4.556739485056973682e-01
4.536529324946368957e-01
5.025209439801965328e-01
5.153215471507414103e-01
4.905274494669672469e-01
4.173528775629564702e-01
3.590611205151753027e-01
5.035454927312501550e-01
4.085394752553350162e-01
5.267896317078145652e-01
4.404355784433878762e-01
4.543595988070419645e-01
4.603891345688224668e-01
4.200281411074305860e-01
4.872951101333480306e-01
4.308713342407615721e-01
4.697040239914645476e-01
4.499209024890845621e-01
4.182330993658892049e-01
4.467087832761325594e-01
4.942265240862614428e-01
5.141061886369824308e-01
5.521655258693347612e-01
4.368094812787376435e-01
4.035200923137795548e-01
5.297078789628975048e-01
4.692277866771470407e-01
4.911489229530838219e-01
5.243194490055544943e-01
5.296365910578672009e-01
5.145914862874911844e-01
4.640619010804832856e-01
5.453937108211085460e-01
5.310824739406895256e-01
5.184586069615294557e-01
5.676237946350208841e-01
5.549400279285662263e-01
5.601249626901696477e-01
6.277408623074944849e-01
6.209847964372529061e-01
4.771668749392753983e-01
6.075271877612381521e-01
5.906602470442859909e-01
6.868017507510082442e-01
7.272443149289670172e-01
6.510134357881283140e-01
6.804659398523079661e-01
7.933532512277019499e-01
8.082763515940326604e-01
5.042795674360927016e-01
7.704086516520843864e-01
7.143018770460819455e-01
8.290007384088405873e-01
7.147157061165690939e-01
8.292282083219507660e-01
9.211898751214137038e-01
9.408108048992180894e-01
9.128654154918848240e-01
8.117489243742945781e-01
1.063957081836516716e+00
9.554473172299224881e-01
9.455017993981473801e-01
9.151001821305383421e-01
1.006648098320211293e+00
8.639597174728588236e-01
9.140421637832749635e-01
1.113246339804438545e+00
1.183109620376915583e+00
1.416527634293549109e+00
1.177848076111750464e+00
1.256314599066031157e+00
1.113362185468670607e+00
1.226164706039376329e+00
1.653819766812557601e+00
1.529795605570843708e+00
1.000665293892681884e+00
1.347361510295383313e+00
1.534471233736195206e+00
1.465893753075198536e+00
1.103037031315046601e+00
1.144731690098869104e+00
1.255991457806750367e+00
1.176863021467019044e+00
1.166417051005946615e+00
1.222465562511154680e+00
1.463200901653616270e+00
8.732446533975748437e-01
1.161884450770440003e+00
1.655028898377685742e+00
1.568686776765587654e+00
8.815194433950808151e-01
1.130753165031522123e+00
1.142424772901879271e+00
1.286043938036571355e+00
1.510005539484919890e+00
1.352360281666003861e+00
1.364549595307177565e+00
1.005054166188805942e+00
1.278775862494071491e+00
1.122692982084249058e+00
1.442317454890388762e+00
1.525652294976126422e+00
1.174802732118610971e+00
1.398740434160118395e+00
1.675579565908401847e+00
1.258738339815080209e+00
1.203057155145023760e+00
9.669973336591730639e-01
9.478804390103289235e-01
1.099274350290836200e+00
1.021151428818527274e+00
1.112549034883275167e+00
1.321679224453477408e+00
1.298611875807123228e+00
1.330800687802927929e+00
1.227059402416011080e+00
1.240506603437890210e+00
1.304214635144098855e+00
1.033924576847260468e+00
9.392497939350783476e-01
9.391134500946179964e-01
8.323941489864208343e-01
1.192003246123922500e+00
1.142651462106070159e+00
1.244406261340428532e+00
1.297126063170263688e+00
1.105644003626478744e+00
1.346645770706995870e+00
1.032572821372547800e+00
