1.328533984971469684e+00
1.212721207227770659e+00
1.495968559958475996e+00
1.196611811771637557e+00
1.442759903239217323e+00
1.529495506600746291e+00
1.096554938531512313e+00
1.083821005615266619e+00
1.338224080593520604e+00
1.298799494252962372e+00
1.429729852835969872e+00
1.102200046723672999e+00
1.314249516085919556e+00
9.765694398377947616e-01
1.255338253226564671e+00
1.260083569750093835e+00
1.353964761877952450e+00
1.551970529209866889e+00
9.550567658673251303e-01
7.817180633768706643e-01
1.244744641752997483e+00
9.131112570111705740e-01
9.857243027821110948e-01
1.513263512442808434e+00
1.013540053572113964e+00
1.246674360310193741e+00
1.411153155839765416e+00
1.156136826634383885e+00
1.492991180989841959e+00
1.272567866486969290e+00
1.187296458719619308e+00
1.106388867302283474e+00
1.364119403687289456e+00
1.442573602427919433e+00
1.334789489759343750e+00
1.261011067257141960e+00
1.567318947618172587e+00
1.390764402405104905e+00
1.489992640853105899e+00
1.428451255433888401e+00
1.401983822657568934e+00
1.439229939723993601e+00
1.405877673241719306e+00
1.321209070666635954e+00
1.262907836160392039e+00
1.280878940458670456e+00
1.272762682036293391e+00
1.220258479799046780e+00
1.504561564853968747e+00
1.496430191334597870e+00
1.413839875111436273e+00
1.526105037514406071e+00
1.409887463247115447e+00
1.270962987285744195e+00
1.453290010898540707e+00
1.082667143867008130e+00
1.448342592877660984e+00
1.037631169195085690e+00
1.435958476498300440e+00
1.399571003546685732e+00
1.346966347637150285e+00
1.318346284230388576e+00
1.337591923445875075e+00
1.236919144140081750e+00
1.021122767231163575e+00
1.352139716834808159e+00
8.223159143944744898e-01
1.385609587581182911e+00
1.314032905010829699e+00
1.481722972853280362e+00
1.200043504935624394e+00
1.209741497535982813e+00
1.134943103407834775e+00
1.339775983742324650e+00
1.275300102361310417e+00
1.541807242743170159e+00
1.058400366541943693e+00
1.392182500315722216e+00
1.019022899278296812e+00
9.275699869572393563e-01
8.722402236400977893e-01
1.010866308628936450e+00
1.163895499878944362e+00
1.173738212318769181e+00
9.757269942022385179e-01
1.527230547193712207e+00
1.197195262317998887e+00
1.155527400253975046e+00
1.446406005192901967e+00
1.331755021023528496e+00
1.569979066396116840e+00
1.451802759029575673e+00
1.190941084778875725e+00
1.488155897091565150e+00
1.165046514914125586e+00
1.216180957400550433e+00
1.417791495438108784e+00
1.158210621254722295e+00
1.262541014090271307e+00
1.497601448526631795e+00
1.300924185268357292e+00
9.424344108225801708e-01
1.464516631324944029e+00
1.565396288979043593e+00
1.010019266893875667e+00
1.064031825223429095e+00
9.382356247079580713e-01
9.358005275231136011e-01
1.477268874474402027e+00
1.000577964546301324e+00
1.513671971071574029e+00
8.387766471298903070e-01
1.362859642136122318e+00
1.011566414673411796e+00
1.474042740300302468e+00
1.187936019429522760e+00
1.545854798142709097e+00
1.432957795152876468e+00
1.128075565714020012e+00
1.222708932101552293e+00
1.355804779700619189e+00
1.462538460977356181e+00
9.482834330696010561e-01
1.248126719672058460e+00
1.022317369126811926e+00
1.073427657440412242e+00
8.789909455422654228e-01
8.166111346813732519e-01
8.163574605601827683e-01
8.377602464847312413e-01
9.371714446779094709e-01
6.058299417707515566e-01
5.262788284889594603e-01
5.086971279722648509e-01
5.876593481871094093e-01
4.760633620018511203e-01
6.930408046606965078e-01
4.858004550557752377e-01
6.496549785262691890e-01
4.618891913510396741e-01
6.213431252099804736e-01
5.220876216824160698e-01
5.076109566996701572e-01
4.651492187462156758e-01
7.947887266582195354e-01
5.181504140927851720e-01
3.428614348271094570e-01
4.529956804570188234e-01
5.733508954473756081e-01
5.469714232462571379e-01
4.458108279515753947e-01
4.368608492443622482e-01
4.849039433303395374e-01
6.283857823726649583e-01
4.405337372926751427e-01
5.144199756546490310e-01
3.389870014673208587e-01
4.973653197597366904e-01
3.874404663186566955e-01
4.012900010229542014e-01
4.111077967289472057e-01
4.252736563980961670e-01
3.711463724612661941e-01
3.824836250702326468e-01
3.741070762157438501e-01
3.857563007689835954e-01
3.569161006623327581e-01
3.575885436369174442e-01
4.065429092814299983e-01
3.523312829643567290e-01
3.876555127248408894e-01
3.656153862790387787e-01
4.802424815670752745e-01
4.049796115193809443e-01
4.043820287044519457e-01
4.031350702629666882e-01
3.582985647070794921e-01
4.030661393874256926e-01
3.257258693103760594e-01
3.987805054726810683e-01
3.434964839859993568e-01
4.192219434912458631e-01
3.532252213564057719e-01
3.590818177266434930e-01
3.505173666012093014e-01
3.861280638258486331e-01
3.205292749924543716e-01
3.344693217169405486e-01
6.086242596856267228e-01
3.421038146729712404e-01
5.899067028359673559e-01
3.308430229346249751e-01
3.427072142137373434e-01
3.569877928264375000e-01
3.560735915031453813e-01
3.782913627912498633e-01
3.855409820971612000e-01
3.142576184366951964e-01
3.140018009921118902e-01
3.580785211807275825e-01
3.189146294852238106e-01
2.924293293853926778e-01
2.845153841268372452e-01
3.413650743186352199e-01
3.052023301242812181e-01
3.263951117607264418e-01
3.062512668832007567e-01
3.364654397720639456e-01
4.599019957475997122e-01
3.569704648072662967e-01
3.071175171009168925e-01
4.060987713966314749e-01
5.502856011568035832e-01
2.695808868026060567e-01
3.877917314143435323e-01
3.515788700873275774e-01
3.006786645991357254e-01
3.075885922248239313e-01
3.192003348773920779e-01
4.632771803472324201e-01
2.750775795156127357e-01
3.405626354923599886e-01
3.112536872592875925e-01
2.887998221506133945e-01
3.308620929602587579e-01
3.380459341618574087e-01
3.080962742293399392e-01
3.706542451331633625e-01
2.839881292105591037e-01
4.333351702259892191e-01
3.268895360244252757e-01
3.351241800926704206e-01
2.901414182186403123e-01
3.499598989601316879e-01
3.346151523370443637e-01
3.201176859459007318e-01
4.504846252139382279e-01
2.881344639174521216e-01
3.262231896645489959e-01
3.518301157060467199e-01
3.283646577631011976e-01
3.157190747727264268e-01
3.097354831437561518e-01
3.174142987683950534e-01
3.195351046572098008e-01
3.134062585246537025e-01
3.282136055641234895e-01
3.148849920112798961e-01
3.785175601946749735e-01
4.776549852814402919e-01
3.124909350257760732e-01
3.621065818908268397e-01
3.331707966744914540e-01
3.153847697292868624e-01
5.000050401684142942e-01
3.585347841795937240e-01
3.507346604934268308e-01
3.574532274475790694e-01
3.391580273896690478e-01
3.062241785707155439e-01
3.074590320335147675e-01
1.030954461691808932e+00
1.030155379470512278e+00
3.107194726175228627e-01
3.346185684067214949e-01
3.172792473693570314e-01
3.103585303883967250e-01
3.725673943463393978e-01
3.179323920308533835e-01
3.811364671039797480e-01
3.940777046973741871e-01
3.724527510784573225e-01
3.211354513541238020e-01
3.508670389741787021e-01
3.350037389774231378e-01
3.679936639039293467e-01
3.461758719559935304e-01
3.433242437731851560e-01
3.530729293044926331e-01
3.521208398989968402e-01
3.256218410612823910e-01
3.725222291196151336e-01
3.481218648479340039e-01
3.754425212514682642e-01
4.217247643418143843e-01
3.480161679176646539e-01
6.212532768532821326e-01
3.572034372345466169e-01
4.191023109077662845e-01
4.028568011275670546e-01
3.694938698795197651e-01
3.649613140454278648e-01
3.562963587044514768e-01
3.534794733255329779e-01
3.896295285570843814e-01
3.807787245980917556e-01
3.623470789220440968e-01
3.886257285419202345e-01
3.925475340861098728e-01
3.594144743724126956e-01
5.285402886424928059e-01
4.205573201481226375e-01
4.345568745207528671e-01
3.702534283857255026e-01
3.801992865792107046e-01
3.573406292112019100e-01
6.618832418359131831e-01
3.883819436167740280e-01
3.894427598181892658e-01
3.590909019778599220e-01
3.854195485952416900e-01
3.596353187729749434e-01
4.796238850983438606e-01
3.509600881770666425e-01
3.468167664185320964e-01
3.797555962040090605e-01
3.401728401946099156e-01
3.460862622144418865e-01
3.922807663789275034e-01
3.705913533501866142e-01
4.289551462731541198e-01
4.671344129274391799e-01
3.514877319750241980e-01
4.889065838360917571e-01
3.543976985462291562e-01
3.646241129121156610e-01
3.379362197767207809e-01
4.377886932880476478e-01
3.872226757611096915e-01
3.785760010729545266e-01
3.743473039496180155e-01
3.887351325103664546e-01
4.078539142126143546e-01
4.557325123066477413e-01
3.604952344298414935e-01
3.536318646066028970e-01
4.085038327063189589e-01
3.979077146601480708e-01
3.706261024094535950e-01
4.077087193601508508e-01
3.840612068235755849e-01
4.109623971437034173e-01
3.762397942098857362e-01
3.436298227987463760e-01
3.256285136531352764e-01
3.758999822555208481e-01
4.198678778111176180e-01
3.577433171513394461e-01
3.888224896505589334e-01
4.340943334348023597e-01
4.013045550378726567e-01
3.580184829941727154e-01
3.508591150711763973e-01
4.297034988880421014e-01
4.095887554624696447e-01
3.876408876115737812e-01
4.003166754193695498e-01
4.369311747682866898e-01
3.773662002573885954e-01
3.688987762058476561e-01
6.085574703798539709e-01
3.557990326511540347e-01
3.971250441935337827e-01
3.657333953316976305e-01
3.859169892885289110e-01
3.331210899247059598e-01
3.394880624911945644e-01
3.716722081910302511e-01
3.169387308099196887e-01
3.633400009929957930e-01
5.103268278772031818e-01
3.892850781419828210e-01
3.632234585921694792e-01
4.258348845460186438e-01
3.752521606259445752e-01
3.662166563522339380e-01
4.024391446919658444e-01
3.640429152575397898e-01
3.697040595068677993e-01
3.645011786045104785e-01
3.924410906398381749e-01
3.544253022346831039e-01
4.546657001492708239e-01
3.404434206730093115e-01
3.926840545987261288e-01
3.715322199564025651e-01
3.484063151335980990e-01
4.245570651454516620e-01
3.993934342897922929e-01
3.699545752962433709e-01
4.647224306779225156e-01
3.661772548390493376e-01
4.024576527372615842e-01
3.370756130333355527e-01
4.357541065595881280e-01
3.345804581099899866e-01
3.448216791753105359e-01
3.362044671733925849e-01
4.019679177821169347e-01
4.871849136820128323e-01
3.728985850765818011e-01
4.467498261666002501e-01
4.936576874649880042e-01
4.386820622459391972e-01
4.980038405341489782e-01
4.564080287564946659e-01
4.444926239666894263e-01
4.542130489166816276e-01
5.243625805890017588e-01
4.558271045449832082e-01
4.924261420479422169e-01
4.802376425050303155e-01
4.463662031316024681e-01
5.674955936401839818e-01
4.640646753587593931e-01
4.798655913781161297e-01
2.477770958404771351e-01
5.407292518242654555e-01
5.143981907759692662e-01
5.940649613581463484e-01
6.047106720563704130e-01
5.466953912518895953e-01
6.952187162698493517e-02
5.777443851781518536e-01
6.108256812170814731e-01
4.746906556640575481e-01
5.579073669665581825e-01
5.786386803033511939e-01
6.429853992455443201e-01
4.925669262530108505e-01
5.611936439061152582e-01
4.684584618819813140e-01
4.691158525252484557e-01
5.281554994242908530e-01
5.167579357340750246e-01
5.074398834516565815e-01
5.128357716442752956e-01
5.110963233411554008e-01
4.616344305149310268e-01
5.234734563383194317e-01
4.135831361910848325e-01
4.896003696405961114e-01
4.481195587668578284e-01
3.699632841138920103e-01
5.210428249074343654e-01
4.819247300600877359e-01
4.147421867532421480e-01
4.944296490534236810e-01
3.652073827045442256e-01
5.443048317998044894e-01
3.681259138194540870e-01
4.117246772241607844e-01
3.430880719708483406e-01
3.647929075868185933e-01
4.722662936262813638e-01
4.009098229721217987e-01
3.748994276471713794e-01
3.753882256301184217e-01
3.573376716910359185e-01
3.565174372231044719e-01
2.858565276750608120e-01
3.807200767317141521e-01
4.068455425535092429e-01
3.140758943878052545e-01
3.338471429150194902e-01
4.482848389778467668e-01
3.589199073532670092e-01
3.281217324292740600e-01
3.898150768070141603e-01
4.227384800870806481e-01
3.575381318518285889e-01
3.414039218804238440e-01
3.317613411205709850e-01
3.372813647206172050e-01
3.271041415585743684e-01
3.431966494758747488e-01
3.514469432460029519e-01
3.851888669319757930e-01
3.379530226288829931e-01
3.529834472275599766e-01
3.408098796535781738e-01
3.317345690853740203e-01
3.761441257806795724e-01
3.222783915609736538e-01
3.292982593776497269e-01
3.445081333939056800e-01
3.311100228304035276e-01
3.439125168249121955e-01
3.193102914695949424e-01
3.335045837444925443e-01
2.860159887250217081e-01
3.415791041731500166e-01
3.274079755860040408e-01
3.121290123164557340e-01
3.562757526728071444e-01
3.085642632002366104e-01
3.227055986656282016e-01
3.135277560125598884e-01
3.217899635451881291e-01
3.249282885270704524e-01
3.499163425696975027e-01
3.086337046422006347e-01
3.149910573181523010e-01
3.275998025190706708e-01
3.350873058983374619e-01
3.153675859758243161e-01
3.723985642636536419e-01
3.171859903179566897e-01
2.782507466859013290e-01
3.185626735016930944e-01
3.116791790540873741e-01
3.366000548185818508e-01
4.110666085917151213e-01
3.344326993987953855e-01
3.016466701738750311e-01
2.827926351609948430e-01
3.642106527790999748e-01
3.551283819870549308e-01
3.050075554905326558e-01
3.222263572143660992e-01
3.169418258681870881e-01
3.469174087821489394e-01
3.234765890854456316e-01
3.102558485042922753e-01
3.566821666620272335e-01
3.063154381766284851e-01
3.274905570253837661e-01
3.571127574191707010e-01
3.347695360645788210e-01
3.347445621481815459e-01
3.175086653541703829e-01
3.379421222877031505e-01
3.474473098063115550e-01
3.131079086193212513e-01
3.309030023326956504e-01
3.428945292505701792e-01
3.210153698277206646e-01
2.946466742548432549e-01
3.480395735925514988e-01
3.391075278460772835e-01
3.075842184538399304e-01
3.230093081745645800e-01
3.250406541072327071e-01
3.720056522704546786e-01
3.639885049993752397e-01
3.222665324838082102e-01
3.772062992569836792e-01
3.136095866357577755e-01
3.293136613649045308e-01
3.707407963143077301e-01
3.358649817247340574e-01
6.105460847913835032e-01
4.708315504078096625e-01
3.214904321029169454e-01
3.923572396834016374e-01
3.486456382688643552e-01
3.422162531381039430e-01
3.491217550295615535e-01
3.334803250342763259e-01
3.953271490745376426e-01
3.680635050570502664e-01
3.325141489398962813e-01
3.403093862389458546e-01
3.764593196579167911e-01
3.536178377561906006e-01
3.863690411199385832e-01
3.623014155838359951e-01
3.950150272562475973e-01
3.121499536400497710e-01
3.913572525325269003e-01
3.825919038381349613e-01
3.811181127410599445e-01
3.820155662979841105e-01
4.097971781896103116e-01
5.284975356422929593e-01
3.586863049930973379e-01
3.554098854508636052e-01
3.756788497105004176e-01
3.247999643531618297e-01
3.888519298573263061e-01
3.527389903383847947e-01
3.564994196369101753e-01
5.331682702728741674e-01
3.486188362733718682e-01
3.615514315610074414e-01
3.672821314650384084e-01
3.605435130265580712e-01
3.301068397027355772e-01
3.768008327452379569e-01
3.218532212258722325e-01
3.933128390327577661e-01
3.997792968930666269e-01
3.705640027180492346e-01
3.729433435543414443e-01
3.703859221284703795e-01
3.451242203134974873e-01
4.533912971022358018e-01
4.176985361079869064e-01
2.881355991267011696e-01
4.919056518610545048e-01
4.210242089507064689e-01
3.815285267664579316e-01
3.260473398421720459e-01
3.755943298223277105e-01
3.574048294128338021e-01
3.992713323884077847e-01
4.169330156051287983e-01
3.369688376531990159e-01
3.885046874394910699e-01
3.616382453435216804e-01
3.276565739131996335e-01
3.472844172671517016e-01
3.585627332219167296e-01
3.650948926981629206e-01
3.457063703109267139e-01
3.815503885582031685e-01
3.276278631815951470e-01
3.295428389633930366e-01
3.283556695061182196e-01
3.801494487323274774e-01
3.397421347638888145e-01
3.562019865474838065e-01
4.109617440963782009e-01
3.699894220198579053e-01
4.127313301323897732e-01
3.952382316197510237e-01
4.500391946910902718e-01
3.795379864397402381e-01
4.303585062490107860e-01
3.703211396146629530e-01
4.095285565017011686e-01
3.919255296804370348e-01
5.455291783039676323e-01
5.155248412352093634e-01
5.155663737375451028e-01
6.057303407664550443e-01
7.015119098138729303e-02
5.747710919902091486e-01
6.074152448980307817e-01
6.843414114343546739e-01
5.078771372003408613e-02
2.912561615717260480e-02
3.899733646698055334e-01
2.340513562960242211e-01
1.985377763819252406e-01
5.903460870907930591e-01
7.641738742815896712e-01
4.175655583181820951e-01
4.951654416229734346e-01
5.803724786590578333e-01
5.489716447736358029e-01
4.184349920055285277e-01
4.880468704680007708e-01
5.741852758096720466e-01
8.269329354949597199e-01
7.321249376416623100e-01
9.311515791746973747e-01
1.242200457081261256e+00
1.184983359215309839e+00
1.073142964151049483e+00
1.399547244474741214e+00
1.262024456199356770e+00
1.242894944255567680e+00
1.137866654446601844e+00
1.413392290684069241e+00
1.270444098263754373e+00
1.540284990523647313e+00
1.228369446375763063e+00
1.451160756512200223e+00
1.200910517104185171e+00
1.361434092716742095e+00
1.308945746581648972e+00
1.065252312013531766e+00
1.476349835293550905e+00
1.496183327261131790e+00
1.169530036936253348e+00
1.185257169278768119e+00
1.032423657473742429e+00
1.125290964801266114e+00
9.150607135055536245e-01
1.353917175476030410e+00
1.180062483831628706e+00
1.150522719602134147e+00
1.423998102766788953e+00
9.115132428242015417e-01
1.299945451806980401e+00
1.235482731878103868e+00
8.968801285930014799e-01
1.222231638238280294e+00
8.941056014240806871e-01
9.574644571720705155e-01
1.279749451781090341e+00
1.033486229770546050e+00
1.172770740930937361e+00
8.332236034017389548e-01
1.100324843223563276e+00
9.968185459966524276e-01
8.891793685673270442e-01
1.092382402114741247e+00
8.873478935958181157e-01
8.039642151294768002e-01
9.075577556048549654e-01
9.398594071844492692e-01
7.368931189706042773e-01
9.570377906139473367e-01
7.473397692176372287e-01
7.814821316808543417e-01
7.735057467033232825e-01
7.170471773351857481e-01
8.141504739164175941e-01
7.036100933686193493e-01
7.322402391150003576e-01
5.577031920082343719e-01
6.597289429417705353e-01
5.996659009197635726e-01
6.634138456748249757e-01
5.134746177820714852e-01
6.415751566441700859e-01
7.515597905211852670e-01
5.290670568350691605e-01
6.759547997333444913e-01
4.997762366031155423e-01
6.421149363327809390e-01
5.052819648476050141e-01
5.198629175834463823e-01
7.243976269414490465e-01
5.763362661986813906e-01
5.227584503092697066e-01
5.669435789584118535e-01
4.468346579262991169e-01
3.902702720109670342e-01
5.452109292490265879e-01
4.624913716208914893e-01
4.979994864611955729e-01
4.129291353773563156e-01
4.129714242982326367e-01
4.419872236114792963e-01
4.034800766579006437e-01
4.873652692246259188e-01
3.945170849511916988e-01
4.122178851913486097e-01
4.371910449066671034e-01
5.396345038281306072e-01
4.251175343457127553e-01
3.872097276780413488e-01
4.657356947013107096e-01
4.240990295115229514e-01
4.278047581292223067e-01
3.746760664630515714e-01
4.160292212258086542e-01
4.119430253156383115e-01
3.454439282935896083e-01
3.824793814002673820e-01
3.564705587302280931e-01
3.579238178662954573e-01
3.499750769882825630e-01
3.510833199927219650e-01
3.349160903622178664e-01
4.158592727164481251e-01
3.967464702063345228e-01
4.574579088628915047e-01
3.819718312997422149e-01
3.075663540468414059e-01
3.447414991232360948e-01
3.891009027034791345e-01
3.387619333323159121e-01
3.505621505527115600e-01
3.653589305536822374e-01
3.263636775210794760e-01
3.683487484773833032e-01
3.182874957737801824e-01
3.212277049026722731e-01
3.413216296994827648e-01
4.932548981050889347e-01
3.136281089276644063e-01
3.436953257148456786e-01
3.411012038913094901e-01
3.986024776347881771e-01
5.091140417317083777e-01
2.856439597615902937e-01
3.241913794664149084e-01
3.514817065231962134e-01
3.364952727622202433e-01
3.994559301493567638e-01
3.380707722653626401e-01
3.417146271371078736e-01
3.506984454218268765e-01
3.439285494610451188e-01
3.522184291779636434e-01
3.230633466459078562e-01
3.441024366874774199e-01
3.282617048493139400e-01
3.686793786301402753e-01
2.772146570011307376e-01
3.645976353423482919e-01
3.163736274544044491e-01
3.042489418054188932e-01
3.225716990024532493e-01
3.740629808164966374e-01
3.078663369024671193e-01
3.577930829736867269e-01
3.044312700117269288e-01
3.445467234390189870e-01
2.941034517797550540e-01
3.196373904807500721e-01
3.066777573757940023e-01
3.378002399177439941e-01
3.274826970079090516e-01
3.604321021692765137e-01
3.250622607463586888e-01
4.075012140320570797e-01
3.124631089422488239e-01
3.729320636472769901e-01
3.756127288681496701e-01
3.357396599835720807e-01
3.339303568087850782e-01
3.601250832979770444e-01
3.423792142097625280e-01
3.142843816497999376e-01
3.034986069847658285e-01
3.574014649251499032e-01
4.656346437604083066e-01
3.401720876331059684e-01
3.688934542651128856e-01
3.349062727191088884e-01
3.766313697913364344e-01
3.392037768207817328e-01
3.906644137406907746e-01
3.650042237455547456e-01
3.330183993449682411e-01
3.582556153635830798e-01
3.440305387734720610e-01
3.286358300462139392e-01
3.214376526562660596e-01
3.550340254865209100e-01
3.876294730570183367e-01
3.611742097188008205e-01
3.559714158179257959e-01
3.471327749022719567e-01
3.425328444986724952e-01
3.476047666237571110e-01
3.791462276583367208e-01
3.318308693727099468e-01
3.597227305661571672e-01
3.136712729109510933e-01
3.916956710142551756e-01
3.277981272614577946e-01
4.184778462089572826e-01
3.262853795895826470e-01
3.426043083903952402e-01
3.158713229119725074e-01
3.602129448150284685e-01
3.680812219735617452e-01
3.122250712923814731e-01
3.566001557775797526e-01
3.641997355615534393e-01
5.272058003214723509e-01
3.013500539264928335e-01
3.275079820683537979e-01
3.117002009042288413e-01
3.596699225443636405e-01
4.151940875525063079e-01
3.799332587834695629e-01
3.519378124124875606e-01
4.322472372213823077e-01
3.582881656497997613e-01
4.065995037364486531e-01
4.050392837192612339e-01
3.543182682515832460e-01
3.310732810423929195e-01
3.325577972877299948e-01
3.497205180929373602e-01
3.205186634795307299e-01
4.038514292718977661e-01
3.676852871728195638e-01
4.518249555326511180e-01
3.430086161743117756e-01
4.533486928214349732e-01
3.132579976260836951e-01
4.821047895586998422e-01
3.372766509148955039e-01
3.859732476041846660e-01
4.630091010350071423e-01
3.329042220341836833e-01
3.088934930102503196e-01
4.040148358702028153e-01
3.249402184951473149e-01
5.007293953483926696e-01
3.343113291688561972e-01
3.257510886412349205e-01
3.507159442117918635e-01
3.526490607638945729e-01
3.811063303843477135e-01
3.777385360471378073e-01
3.522570681432917739e-01
3.616752780342902818e-01
3.407666504828893439e-01
3.208962569433528866e-01
3.560450974648136646e-01
3.705626780354461247e-01
3.349697238078784833e-01
3.383021114564127019e-01
3.474069071251000840e-01
3.857518354182253861e-01
3.375945373854312148e-01
3.491140971248035685e-01
3.373729251314587230e-01
3.475990188120442470e-01
3.663536475315249397e-01
3.306407454715039052e-01
3.685035020427483987e-01
3.447219459531065677e-01
3.323696878942372646e-01
3.418312767528904339e-01
3.780975839528192828e-01
3.760820845070385054e-01
3.488884900171133618e-01
3.592406718787246600e-01
3.704886820584212259e-01
3.646611142140774864e-01
3.244963513314496617e-01
3.749302813900966536e-01
3.362160617112129879e-01
4.373162905312703574e-01
3.798882041671144405e-01
3.384110700286993567e-01
3.849440874957273939e-01
3.764360313207951170e-01
3.811311718838431561e-01
4.061647077537032247e-01
3.993687751930868335e-01
3.864050660997594422e-01
3.731051585765613465e-01
3.734878853742877314e-01
3.753377221081109494e-01
3.623917356815278823e-01
3.945073539236336746e-01
4.194616318236649710e-01
3.983233333593708680e-01
3.599011245565399975e-01
3.329464569574144273e-01
3.851966593654042037e-01
3.517409760906441973e-01
4.448071325682860233e-01
3.862162171706967628e-01
3.616793715885023852e-01
3.982659892768569132e-01
3.977424804756620746e-01
3.546297479126176433e-01
4.479026621423497501e-01
3.401873604775014770e-01
4.196403593480063643e-01
3.317825104654585910e-01
3.674215657729251183e-01
3.599813177286245169e-01
5.566036487119614407e-01
4.173882460298741215e-01
4.230062031491669816e-01
3.779073296273587901e-01
4.657251951389511646e-01
3.362570650506274683e-01
3.578969620214738634e-01
3.870905921411102457e-01
3.322589934722167682e-01
3.886435735381406631e-01
3.602167193107252974e-01
3.464979671205881684e-01
3.429242995640672254e-01
3.328131056734435211e-01
4.968861451240491056e-01
4.030695539209340206e-01
3.694830462898747170e-01
3.569226529380108426e-01
3.961727461906711656e-01
4.252076472328947809e-01
3.760849231749485155e-01
3.608261149577615123e-01
4.168981404296902005e-01
3.328028963621639247e-01
3.515507118462869451e-01
3.454366464512518275e-01
3.356035329972687498e-01
3.706305909005216392e-01
3.553218870681404407e-01
4.009274525688737434e-01
3.476469730461077545e-01
3.676230331377488558e-01
3.843375043024753746e-01
5.100248123745272366e-01
3.659851673585964305e-01
3.984732525315151097e-01
3.694294915228213960e-01
3.575975723967242947e-01
3.688749961332908334e-01
4.423532784358641945e-01
4.203730602782190795e-01
3.852044479822738232e-01
4.332322382483827505e-01
4.133070424494844630e-01
3.728224277614584081e-01
5.468363379103452493e-01
4.772624031310215287e-01
5.943185607717097474e-01
4.389616557478940306e-01
5.645559726286107916e-01
1.350931554360337294e-01
2.231048243819324373e-01
5.140245746955918182e-02
3.487633520707342227e-02
5.552235442184337844e-01
6.621437604571250857e-01
9.526827386841149603e-02
5.239513280121430722e-02
5.012431818203921807e-01
5.643591191703507121e-02
1.243598141195918355e-01
5.265571237020693074e-01
1.444740480365555246e+00
1.787855609114906152e-01
5.675994436597089354e-01
5.270177063414339669e-01
4.762897917468877362e-01
4.826012834901742266e-01
5.069812645345006530e-01
7.306551492097251854e-01
1.148311458549879038e+00
1.106263433492720827e+00
1.368884991274827767e+00
1.449496638377073765e+00
1.375546155398871040e+00
1.531948861449017318e+00
1.183572172939431955e+00
1.100679877796477468e+00
1.234312357455270348e+00
1.302453622220300478e+00
1.106285714467260428e+00
1.225996149187139173e+00
1.482567613626000425e+00
1.454833179074096705e+00
1.318299293073742051e+00
1.303430183299078227e+00
1.478349927801291930e+00
1.181043884869813487e+00
1.563020409565522018e+00
1.469592367272969380e+00
1.503165515605411784e+00
1.343476823672593801e+00
9.336515372193152640e-01
1.018035272588247553e+00
1.290587074856321959e+00
1.045818550866901120e+00
1.478364105966023523e+00
1.487999303725747513e+00
1.467846491441986201e+00
1.436221813571776806e+00
1.301768077107327670e+00
1.496774328957128253e+00
8.423398509827303426e-01
1.215232661279051829e+00
1.395989852998352987e+00
1.003336325848728672e+00
1.394232135504156922e+00
1.320802537500779028e+00
1.133504042771331877e+00
1.188332609671884033e+00
1.465298680310717971e+00
1.051561214667746436e+00
1.042124004181006924e+00
8.590187810295109028e-01
8.952775299896523764e-01
1.565797327017159457e+00
9.123945122092786963e-01
1.340231313717280104e+00
9.596337747432340803e-01
1.245795805705000037e+00
9.596337747432340803e-01
9.907544949116166011e-01
1.379657064962842794e+00
9.516339622726857073e-01
9.907544949116166011e-01
1.093441042941792229e+00
8.399526347725976283e-01
1.406385216543034389e+00
1.000215835402985531e+00
7.618250893649208821e-01
1.540620602108544457e+00
1.333309978227624981e+00
1.200475924289627239e+00
1.170653598080918067e+00
1.057669573843067923e+00
1.078292869596172432e+00
9.869809001366826040e-01
1.172352520547478072e+00
1.235561630668221333e+00
9.024858515945475279e-01
1.063202962746386149e+00
1.031058747451479185e+00
1.111102025510837921e+00
1.267320284069218816e+00
9.920345866354848274e-01
1.203170911110835073e+00
9.591863997059868474e-01
9.770751515150618571e-01
9.055362041374441784e-01
8.574007476789513582e-01
8.771447644895857820e-01
1.011523044464648802e+00
7.511434061702300102e-01
7.931316172180060686e-01
7.577102756565696762e-01
8.378881688140580319e-01
7.296362275170827916e-01
6.787520964812965296e-01
6.716404134293734174e-01
5.905273704770941379e-01
7.640185884983216047e-01
7.410660172602619999e-01
7.301507177418541383e-01
7.214401032826369686e-01
8.366282498769682663e-01
6.769935221923197854e-01
6.761772171421960298e-01
6.306415861465596295e-01
4.851186070764712532e-01
5.790617219312814701e-01
6.002991465584618380e-01
6.962588124428620295e-01
5.730717260628105381e-01
6.066894774058059214e-01
5.709014151299628415e-01
4.765971939381443145e-01
5.812092427536780237e-01
5.282536357029646856e-01
5.071472485117223261e-01
5.053506500229314469e-01
4.058885587968136810e-01
5.287377824450859576e-01
4.031509351282507314e-01
3.890693733979621038e-01
5.750162747017887321e-01
4.246054871717071522e-01
4.286589399977228099e-01
5.017361234781323454e-01
3.845539241193541846e-01
4.226448214524738400e-01
4.420646537734086445e-01
3.829823996737068970e-01
3.924692159267444969e-01
4.606073206551797306e-01
4.443284000938627076e-01
3.725077250487185965e-01
4.045313165178047732e-01
3.895823046767845632e-01
3.536068314980735372e-01
4.380314397642765534e-01
3.540873981117711455e-01
3.347835801059502736e-01
3.889659005696234351e-01
3.693975230406376098e-01
4.076613129621864950e-01
4.215764233792164140e-01
3.377394592000841911e-01
3.887191364334443566e-01
3.654857275201320310e-01
3.785476031132611885e-01
3.506103275502732708e-01
3.610783656189188173e-01
3.533503503370261645e-01
3.328117745873948041e-01
3.679740942717158458e-01
3.256177568110044107e-01
3.563234442529099599e-01
3.723619899748017992e-01
3.393946454767110543e-01
3.479776349382585066e-01
3.780683491668342944e-01
3.875805470276705855e-01
3.288702988490267431e-01
3.730891363299673746e-01
3.866636400578218891e-01
3.387705017842357891e-01
3.386224566608245778e-01
3.194403733085087738e-01
3.729329535175909260e-01
3.450307847576012388e-01
3.237491754332655902e-01
3.800597672747946243e-01
3.636509918122564633e-01
3.990469930480123328e-01
3.440590793455745033e-01
3.401621587828112525e-01
2.762077323498831616e-01
3.099424061911094652e-01
2.979046612195818677e-01
4.118816774333854402e-01
3.873816945430682002e-01
3.177521954457903086e-01
3.514095270580300800e-01
3.488458900326873446e-01
2.918715413507520506e-01
3.889998633531239758e-01
3.347429722477217040e-01
3.489963087005026887e-01
3.666885580400186528e-01
3.532501955572611152e-01
3.889111533337118454e-01
3.200988033381907405e-01
3.310197620218174319e-01
3.891224409024942044e-01
3.560606908926200465e-01
3.530194423328693043e-01
3.416653104677266906e-01
3.980712892331441655e-01
3.353925394803108917e-01
3.228751299358994520e-01
3.250820903436140719e-01
3.168840794587221010e-01
3.750284155302571754e-01
3.766326302274631832e-01
3.560567053187125297e-01
3.373112238274691421e-01
4.182091851081472522e-01
3.374282105255487774e-01
3.725192948197618703e-01
4.101599638040372420e-01
3.594647444322030538e-01
2.987246419205182857e-01
3.111378692936763168e-01
3.437405924300539484e-01
3.545327310987973490e-01
3.786478635684260574e-01
3.319877115795761280e-01
3.466915726646426776e-01
3.331934140028062763e-01
2.918897059606671562e-01
3.525321346698220282e-01
3.907815793726778231e-01
3.152615315461021472e-01
3.487782986551314912e-01
3.616107575009643860e-01
3.845111651777123885e-01
4.060367941584616114e-01
3.830891400042455985e-01
3.736388259714615856e-01
3.394003330049267242e-01
3.227650897254513707e-01
3.123713742650949254e-01
3.430435327225200282e-01
3.534246339120387104e-01
3.097448275247611793e-01
3.454821900507295540e-01
3.773105741983235895e-01
3.811327181469768566e-01
3.412771025489885757e-01
3.371072274624283827e-01
3.148380956123053021e-01
3.711657689837283836e-01
4.045381332808313801e-01
3.466278712147473073e-01
3.885007706875105438e-01
3.392868162808789778e-01
3.630801268786265634e-01
3.755188057971334259e-01
3.352921650274764964e-01
3.530959046975918891e-01
3.284678288299796578e-01
3.662793538097461332e-01
3.731439494918963873e-01
3.763953838004724939e-01
3.918208769719802032e-01
3.606415732527744056e-01
3.427149834043838328e-01
3.328334785280505081e-01
3.274635649774914059e-01
3.640594958157065131e-01
3.309148680965168232e-01
3.318701305402340651e-01
3.896110474141415980e-01
3.786218400596430556e-01
3.909376946600582325e-01
3.406338763324960883e-01
3.372207025440396855e-01
3.360574744169922412e-01
3.266667548938428367e-01
3.077822837453298987e-01
3.452873100155247066e-01
3.363839583962431878e-01
3.255955529279472294e-01
3.909390456087066812e-01
4.047886441475500585e-01
3.576673328184994949e-01
3.555768299038024605e-01
3.765472429171268787e-01
3.421654602825304203e-01
3.278815094177887635e-01
3.757574004760902975e-01
3.308283277897258179e-01
3.359103793392311244e-01
3.332566344877255227e-01
3.756892256075466396e-01
3.217909145906189261e-01
4.228843264495152354e-01
3.743862461166905797e-01
3.678286701567626271e-01
3.875978099828349399e-01
3.587232778799706034e-01
3.738054883175158660e-01
3.873800034877331600e-01
3.666142952715133463e-01
3.017628541191621494e-01
3.802132661218143306e-01
3.594890080374443242e-01
3.778487438772999973e-01
3.946569852396607514e-01
4.343875530288422437e-01
3.982819215986004302e-01
4.360998281067839377e-01
4.192364236474925288e-01
3.753394329420747244e-01
4.181129703452083901e-01
3.892521456091778687e-01
3.566546405155222588e-01
3.562024720366470665e-01
3.900915880992580909e-01
4.141995234704629048e-01
4.199762676215882395e-01
3.441706390084777745e-01
4.121921865943219965e-01
4.258886676788208869e-01
4.003065363768699148e-01
4.308579411857239028e-01
3.668736026197478850e-01
4.314674556719437781e-01
3.800294775435643091e-01
4.313448574799967350e-01
3.789029866322897178e-01
3.855290738617727642e-01
4.262403086172646960e-01
4.558037702606712593e-01
4.618188013795043734e-01
4.249285621887107789e-01
4.649442893640376440e-01
4.245239704647309487e-01
4.364130123155080532e-01
5.198532743042014737e-01
4.139709170223614954e-01
5.365750775426199048e-01
4.735834303417988389e-01
4.742590309795477466e-01
5.632126134562305264e-01
4.812098652447704406e-01
5.093636888784642824e-01
4.550978282727434210e-01
4.883624889942747571e-01
5.531575513532882571e-01
5.363898682216883262e-01
4.751925034407475379e-01
4.779097988293086741e-01
4.683494505126320484e-01
5.092769634686535873e-01
5.269942598846166781e-01
5.847296878093808381e-01
5.122405246353409769e-01
6.545219042803437359e-01
5.708054549345784601e-01
6.343753767141550037e-01
5.092473498214515892e-01
4.743981216563900039e-01
5.353825945120983532e-01
5.132537951372585505e-01
5.389435117137056919e-01
6.404135027098395438e-01
6.356855259986664564e-01
4.836591628483773997e-01
5.175929544784318992e-01
6.129147533297895079e-01
5.066035143431738552e-01
5.346119761460111919e-01
6.019441931528447531e-01
6.294860299104626522e-01
5.907922325959166221e-01
5.094420169612682292e-01
6.176662174546657669e-01
6.335954418228096907e-01
5.398140604404498832e-01
5.899235780927133410e-01
4.764103292344585294e-01
5.324175902801140392e-01
5.850530196312045961e-01
5.544242111879136292e-01
5.499921036181195655e-01
4.770424376835618596e-01
7.002614249514129696e-01
5.950696303891511718e-01
6.061797971365522342e-01
7.050975225262965385e-01
4.747689699929052431e-01
6.115595609765235308e-01
4.597736582038075559e-01
6.615779625713672507e-01
5.862320303681335387e-01
5.693147474715166689e-01
5.603836090750723420e-01
6.723994053152242412e-01
6.455541683894576721e-01
6.447647033219332524e-01
6.373598730061756923e-01
6.183654367782798200e-01
4.422073572989872470e-01
5.416911012862273278e-01
4.860973381836991569e-01
5.617699834952585292e-01
5.324959064490870642e-01
4.698307128803010380e-01
5.574472825670058196e-01
4.896912034197720143e-01
5.478079962833217742e-01
5.212912158848630462e-01
4.742565151340036866e-01
4.668602384136921746e-01
4.662132012634658262e-01
5.029353477304792097e-01
5.301899805974175095e-01
4.327937891140966054e-01
5.040707831711355169e-01
4.383153683226517772e-01
5.551720521666416719e-01
4.008241036376958832e-01
5.224881291537493144e-01
3.829168433793291304e-01
4.699130915051901169e-01
5.048021140494025616e-01
4.453216525841823259e-01
4.315931469752691818e-01
3.614631155064780277e-01
4.702006974612803480e-01
4.373277731425813664e-01
4.347762482228650360e-01
4.568916120396906422e-01
4.107101083770375305e-01
4.172318030163287284e-01
5.099428253755476925e-01
4.741360345806251986e-01
4.797058701444684159e-01
4.921336316228432928e-01
3.875188923425912924e-01
4.955158018485606441e-01
3.823243791457055507e-01
5.968126843395182846e-01
4.392220528874939967e-01
4.245343620426210163e-01
4.523655371483827903e-01
4.688390196882977756e-01
5.185762467412166066e-01
5.153158290958034238e-01
4.661593051189869552e-01
4.293906067450037334e-01
5.299383056995661256e-01
5.336599459120876521e-01
5.218790182959429647e-01
4.774625576049383313e-01
5.678448359681221858e-01
6.603474849308711425e-01
4.823089878798753616e-01
5.584464062721234967e-01
5.914706929350487252e-01
6.507672163134868848e-01
6.060710925229156887e-01
5.279425633165453213e-01
6.375507324211726612e-01
5.434473969512023661e-01
6.065412916304588897e-01
6.293564596703102865e-01
6.224893129005281134e-01
8.453439405985032629e-01
6.187884194023064444e-01
8.985516366986140424e-01
7.772932649847796860e-01
8.087510533211113017e-01
7.458529175230040886e-01
7.898000009166630253e-01
7.201416690532795872e-01
9.080058451752642812e-01
9.971872590367818479e-01
1.009261428198984900e+00
9.177251636137387925e-01
9.825826755619017083e-01
9.532680933825605774e-01
1.229078420003737904e+00
1.231885884631173544e+00
1.441227368221457361e+00
1.217289819521356620e+00
1.470254947010830149e+00
1.195432666444205649e+00
9.672112097063412239e-01
1.418258464859643686e+00
8.952450550632877757e-01
1.349577673872031314e+00
1.036825169910592814e+00
9.775696350241602772e-01
1.309775937739342977e+00
1.485072251906078833e+00
1.392406676220632189e+00
1.494932902610425662e+00
1.542769929814050700e+00
1.247127451308983392e+00
1.259694848913942344e+00
1.558398952487711986e+00
1.265500955333328958e+00
1.253983451329479415e+00
1.481978879956296069e+00
1.512927839412519626e+00
1.279418185361542504e+00
1.216822729402228687e+00
1.396990579913362618e+00
1.207887806639687200e+00
1.415893700822021595e+00
1.560749732180880089e+00
1.273906591365812080e+00
1.550920333564414388e+00
1.566478155985646437e+00
1.122303823157368541e+00
1.380503404115258181e+00
1.005498976578532933e+00
1.428548464991877154e+00
1.164886642568996988e+00
1.504230660694271915e+00
1.344162476171273157e+00
1.206978655320468663e+00
1.447303441091857490e+00
1.394683626459216619e+00
1.459171399428120353e+00
1.332560491807644576e+00
9.365235578638434477e-01
1.216705797427032998e+00
1.291684631900486657e+00
1.251855676105279924e+00
9.300711784109640945e-01
9.426316360497046798e-01
1.442511628436704108e+00
1.394521006806008545e+00
1.378592748434833704e+00
1.508196172214532726e+00
1.443396013035486369e+00
1.198439658936674146e+00
1.407739931575372916e+00
1.429527197257375981e+00
9.463200109864454701e-01
1.087778451109322475e+00
1.493152198192112534e+00
1.342406880572946104e+00
1.248251448961316123e+00
1.374802025662176685e+00
1.063520798666991007e+00
9.937584380512282101e-01
9.057198645677816407e-01
1.182499707387494547e+00
9.149312520481566180e-01
9.926786313847397736e-01
7.253214118738721128e-01
7.531798825091202687e-01
9.552176282788045203e-01
8.407203760439938556e-01
1.127428967214648914e+00
8.131867411418173264e-01
9.691093743341716582e-01
7.228512464241639845e-01
9.069332458467397329e-01
8.177096956325135002e-01
9.321876119365746227e-01
1.288432574126877173e+00
9.300239833385538502e-01
6.867465899774611859e-01
9.169026064696290668e-01
9.053682825170050741e-01
6.433273712516673903e-01
6.355077202985778273e-01
8.012180332485033807e-01
9.094830110928527889e-01
7.686133853600174426e-01
6.365145954011740548e-01
6.156964149491750415e-01
6.796601961519653790e-01
6.335875856307769949e-01
5.762081566047998482e-01
4.960342435875162437e-01
6.454884423472597721e-01
6.735107495591911020e-01
5.172337965172886243e-01
4.815363611786463993e-01
5.652680318993708042e-01
4.811280899589677751e-01
6.971987760522980748e-01
5.127078677696688125e-01
6.431407192048682608e-01
4.096223274330466624e-01
4.927699399322302276e-01
4.843144053424184303e-01
4.629969835448417559e-01
4.089356728282288467e-01
4.034149282389361546e-01
4.270532063638198816e-01
4.238542249924804883e-01
3.905417366697792603e-01
3.594374434536396490e-01
3.854114463423565229e-01
4.008984685825493499e-01
4.156726944259113155e-01
3.598563779263231899e-01
3.654000791685036442e-01
3.926110593798709525e-01
4.022189693237772645e-01
3.920897208527591160e-01
4.145535445643601657e-01
4.247104634797900791e-01
4.360268502662422163e-01
4.499974890702873043e-01
3.455091817399021381e-01
3.077624969386587583e-01
3.867393206711490228e-01
3.837862238906434853e-01
3.335974059037716266e-01
4.318200474880547479e-01
3.872786376736749858e-01
4.319738281387752732e-01
3.773374621598603040e-01
4.085147048926948132e-01
4.228171711111045061e-01
3.624820696407425880e-01
4.316107365891041492e-01
3.416384974389279905e-01
3.235277919237314892e-01
3.721587768909759286e-01
3.437962617693245404e-01
3.336162219831841913e-01
3.314958195395392715e-01
3.093070408785703607e-01
3.747251651728049637e-01
3.519666304454933115e-01
4.029209320783832537e-01
3.774469034288788216e-01
3.895120652643031534e-01
3.675819862521189640e-01
3.134946687997762771e-01
4.095038416230854517e-01
3.621725763278225707e-01
3.798375950222378505e-01
3.816015246531890837e-01
3.910738848210519314e-01
3.595566951823084834e-01
4.138189710791383424e-01
3.406067545110827988e-01
3.624064555851064240e-01
3.688169291640333025e-01
3.394123295464934187e-01
3.345747528278767979e-01
3.324638840485531488e-01
3.590409343204309933e-01
3.194432887024992174e-01
3.478064911412419580e-01
3.473708078457801718e-01
3.512253786576925996e-01
4.153281314184912310e-01
3.690465102456444435e-01
3.191074184602720742e-01
3.172962794916513452e-01
3.691412662096593689e-01
3.556694206010548309e-01
3.805302958662961088e-01
3.150325658911271587e-01
4.302413044866879033e-01
3.926898467711885110e-01
4.157669966338488621e-01
3.612752938240356149e-01
3.447315068336269661e-01
4.674374520856292015e-01
3.786047165048795349e-01
3.888049882514479916e-01
4.012118346210534758e-01
3.800543804840642581e-01
3.631154167142184308e-01
4.054066033551572690e-01
3.419561174541198567e-01
4.031804371580155477e-01
3.290969338020798274e-01
3.896031673459199873e-01
3.396687186863603936e-01
4.083877420224383270e-01
4.370460268332937992e-01
3.536961856079728350e-01
4.351039567172677591e-01
4.558522419361188405e-01
4.187207982875943424e-01
3.897228526685135863e-01
4.506279243989869676e-01
4.141914574736786370e-01
4.488385914336279203e-01
4.449182208684048234e-01
4.234283744871502053e-01
3.722230354708598310e-01
4.487497008231718931e-01
4.674963460424012562e-01
5.102481081218985803e-01
5.135523308175951041e-01
4.270639990129373453e-01
4.668088283525733684e-01
3.964170639377722072e-01
3.687148446727657736e-01
6.187210723047438243e-01
4.174415175434970648e-01
5.236957118929128630e-01
4.598509590608896302e-01
4.567152473081592667e-01
4.635876147849720130e-01
4.753731156207101072e-01
5.201016441855174088e-01
4.871298674704322429e-01
4.329925018464508835e-01
4.777581448494800931e-01
5.177411289683391260e-01
4.825975454963042921e-01
4.958412614234297133e-01
4.925989649080120825e-01
3.825822631310655253e-01
4.723728511945783359e-01
5.425999753494376021e-01
4.931431572519115458e-01
4.864808915305674497e-01
7.086875162034881326e-01
5.349122023932585401e-01
5.146192703572940452e-01
5.320105870122894265e-01
4.899355692324273703e-01
6.294895257932574539e-01
4.829947271394919861e-01
5.107245922057345178e-01
6.204532928330441788e-01
5.284551425609265163e-01
4.892506223183217262e-01
5.427174117723601032e-01
4.991595273345361683e-01
4.708562645945992831e-01
5.075198742049876754e-01
5.419238455316286451e-01
5.404891595533591886e-01
5.301837824583106595e-01
5.495618148529078928e-01
4.308838330381428161e-01
4.709931013819291246e-01
5.377914926798952333e-01
4.673077888162942006e-01
5.069913334904670998e-01
4.767013807812550685e-01
4.821644321720379711e-01
4.965446739863635384e-01
5.510711081406151068e-01
5.630655374854529605e-01
5.909570878898549040e-01
6.212964196290803320e-01
5.148069358327533873e-01
7.328661711918411648e-01
6.043562826007927713e-01
5.478083689435975234e-01
5.598685307521289456e-01
5.556018256110998310e-01
5.647942637932233945e-01
5.421136350687336680e-01
5.305510152955531522e-01
5.265695871262205952e-01
5.542480542622493234e-01
5.478244636583771143e-01
5.749875616479833695e-01
4.748013173713072077e-01
5.246250185428428248e-01
5.252653267245195323e-01
5.499581734419700663e-01
5.819627493105610228e-01
5.295916373238996888e-01
6.725553422372958501e-01
5.985236321637620316e-01
6.862041397197899961e-01
5.036456680654330942e-01
6.268227928868478349e-01
5.002761513221422041e-01
5.371597625595215808e-01
5.291747614825714763e-01
5.927138584697577706e-01
6.156132892053929329e-01
4.727324591700984291e-01
5.379935130369590812e-01
4.969605540626405027e-01
4.815539148071622533e-01
4.665133988869034076e-01
4.775822039722263379e-01
5.267194102573680148e-01
5.360377670736551359e-01
4.831438172865636371e-01
5.196338909712081566e-01
4.739448294119339988e-01
4.880130543599731086e-01
4.075828032786292798e-01
4.094012441577484229e-01
4.467149438323764210e-01
4.602706107627530518e-01
3.676480635762706672e-01
4.423655192357949795e-01
4.761875218924337405e-01
4.497430580788053245e-01
4.352527097373081189e-01
4.019701109052823407e-01
4.546590353585686639e-01
4.152848946430456878e-01
4.658762292286677265e-01
3.437045444334236866e-01
4.198981889663060407e-01
4.203386664631659220e-01
4.485791718714851051e-01
3.906958325706371138e-01
3.950824870104247544e-01
3.455772729435262480e-01
4.032590921278435547e-01
3.650951899764726116e-01
4.418870449818575463e-01
3.893432530484663423e-01
3.618022529101680984e-01
3.483889438510985315e-01
4.054201343459479800e-01
4.326088169994948274e-01
4.646703914860626505e-01
3.779286361072650147e-01
3.938575242827383471e-01
5.052730797472420043e-01
4.034244868579384691e-01
3.879359802255566425e-01
3.745498337078179696e-01
4.313861004485159412e-01
3.965119295667479116e-01
4.049797378187370289e-01
4.243081181348592468e-01
4.316651213729338354e-01
3.812523119344573552e-01
4.362867376781890960e-01
4.766438377949289151e-01
3.759370143487069660e-01
3.372217202654080315e-01
4.003180717203386751e-01
3.726957470231507807e-01
3.213477795140096682e-01
3.245264747338186262e-01
4.227585376812898477e-01
4.111037056683213842e-01
4.584166555602754989e-01
3.619096936077239035e-01
3.686048810696121447e-01
4.200913722759490043e-01
3.472978677755099719e-01
4.446330712867777035e-01
3.558885153545529034e-01
3.949706283054564837e-01
3.975986487592299001e-01
3.739106548706946365e-01
4.285856503635370740e-01
4.050311779236007714e-01
4.562598831980458902e-01
3.773077175539496508e-01
4.139602591961590861e-01
3.830161539651384395e-01
3.603561049095171942e-01
3.923579000077559997e-01
3.582231558063552201e-01
3.843365028042542431e-01
4.043634144762640048e-01
4.114604824999124610e-01
4.104893615146129049e-01
4.488070457239083932e-01
4.283306905717846336e-01
4.315920613329329303e-01
3.461871814335340525e-01
4.527382803130240996e-01
3.575514469082833324e-01
4.743239465783866682e-01
4.896343585367681217e-01
4.559316328118049877e-01
4.497490056964191796e-01
3.794793641400501238e-01
4.769404622423438767e-01
4.477497654171000985e-01
4.438446739600174773e-01
4.134027810302661199e-01
4.109739895603888860e-01
4.345033227123404340e-01
3.691224621070938738e-01
4.270145453679076719e-01
5.245960062882597530e-01
5.454261136346869598e-01
4.516085188821239438e-01
3.948974041134709623e-01
4.926964770753298195e-01
4.709201497915156964e-01
4.826708388355492318e-01
4.947408827747790117e-01
3.991736891386017949e-01
5.302439743040894271e-01
4.281256458730557934e-01
5.423577603208420417e-01
4.807807390085944710e-01
5.476106898183736860e-01
6.722575804463980509e-01
5.347106352356557624e-01
5.196189736711632756e-01
5.137330293348343346e-01
5.401564103339164813e-01
5.213511182076936423e-01
5.006349064350408273e-01
5.202210345229451027e-01
5.672198154435115214e-01
5.827786958818907959e-01
6.157394437062087000e-01
6.649005368444467212e-01
6.758297076967040296e-01
6.440942075992645011e-01
6.337919479029789915e-01
6.740197943851465867e-01
6.937872039659579437e-01
6.913492319210393644e-01
8.161364120511648279e-01
9.332939539223561454e-01
7.687027777086612446e-01
9.034568758619559992e-01
8.299214966880060773e-01
1.400826055265958381e+00
9.766664707659327149e-01
9.592174977612475395e-01
1.016689995896018495e+00
7.652804535397967900e-01
9.882904682612109193e-01
9.501513977069900863e-01
8.151074171633388987e-01
7.234837915370379013e-01
9.728839211950284227e-01
1.224645150523488102e+00
1.429079419644472715e+00
1.046251845459703400e+00
1.276488092096670135e+00
1.184145681854491539e+00
1.280864308057317880e+00
1.179396884787837774e+00
1.417321496424672977e+00
1.541885281588111223e+00
1.083590251634299229e+00
1.347490352772223732e+00
1.199010131257756129e+00
1.374454857164811417e+00
1.150420855794933583e+00
1.057764229977433690e+00
1.138523496475219110e+00
1.199879072896453902e+00
1.348294264923746821e+00
1.351197986572475918e+00
1.505414101847707409e+00
1.358826963150995937e+00
1.338860760650226744e+00
1.387297398940237958e+00
1.268449514628664510e+00
1.405526622192878605e+00
1.535545058445062727e+00
1.276310000394524025e+00
1.331618151420890239e+00
1.171322717930677326e+00
1.371765677752557533e+00
1.247422908015916709e+00
1.096078584900595843e+00
1.444267101388793328e+00
1.048055901338825979e+00
1.172372885392009900e+00
1.223710705809480936e+00
1.506625744400534428e+00
1.558600616359797408e+00
1.203620247211299787e+00
9.128614597690419830e-01
1.485079509015187593e+00
9.592823261452742001e-01
1.370102976741278011e+00
1.143315642305667845e+00
1.247924450066256297e+00
1.508417904255940689e+00
1.342546471129934416e+00
1.058874882079580138e+00
1.051612194705512371e+00
1.308770120971337381e+00
1.336047433057551137e+00
9.254982977430744606e-01
1.005248677429347648e+00
1.135662611928079935e+00
8.880909250240508479e-01
1.283002477242494166e+00
1.170208822702480722e+00
1.007162692225076928e+00
8.872321388760102678e-01
1.061565902999085376e+00
9.365781482520765255e-01
