5.721459701217229687e-02
5.796643973404060068e-02
5.870140533957270146e-02
5.943518017539899806e-02
6.016936895598899715e-02
6.088265686039699698e-02
6.158967094037420126e-02
6.228670268235460272e-02
6.296527090901249402e-02
6.369289921686900613e-02
6.440307828500579923e-02
6.508279530524370415e-02
6.571622023262679857e-02
6.637393779912209579e-02
6.704740849473270203e-02
6.770556866915529437e-02
6.834696269170770222e-02
6.894884696212399966e-02
6.956069125335999359e-02
7.015218352827559678e-02
7.072415505920340295e-02
7.132255308902310520e-02
7.191651558801849531e-02
7.249380252580479855e-02
7.307350512228129313e-02
7.366184779673250194e-02
7.422352022703850027e-02
7.480255601305059454e-02
7.535144131944389312e-02
7.589043500647230100e-02
7.643976366241919673e-02
7.696137526981279564e-02
7.749239861845989841e-02
7.802865628776800566e-02
7.855986652658869529e-02
7.908242568690579399e-02
7.958175818571790183e-02
8.007914894035919606e-02
8.056142454735769343e-02
8.105093983161600069e-02
8.154227329647689704e-02
8.202572868772639580e-02
8.248927159894869909e-02
8.294824748314010010e-02
8.339423554776770331e-02
8.383779511514480309e-02
8.427238183501099822e-02
8.470348287410099652e-02
8.513786019663620308e-02
8.554689615314149675e-02
8.601227587720039480e-02
8.641436810948040226e-02
8.679322064758010491e-02
8.715921630663180097e-02
8.753078907435900280e-02
8.791159642168669408e-02
8.829115581338049801e-02
8.864311367902250050e-02
8.897557664961469603e-02
8.933531237459449437e-02
8.967248282354960132e-02
8.999521068463180173e-02
9.029089310469870511e-02
9.060540780510470404e-02
9.089972608856179692e-02
9.120003055788210300e-02
9.149830649630590063e-02
9.176507118803910179e-02
9.204501691581329359e-02
9.230382552076500657e-02
9.254364498265479910e-02
9.275099683627190117e-02
9.302920955052340624e-02
9.325516015195270403e-02
9.348045174831789983e-02
9.368579954692010658e-02
9.388442012453100671e-02
9.409624259815620173e-02
9.430446242692069880e-02
9.449381014717639360e-02
9.467990326724440298e-02
9.487691126662280150e-02
9.505010331205909768e-02
9.524550022527909776e-02
9.542147846482150475e-02
9.555227513707119369e-02
9.565306106865839597e-02
9.575814367587780207e-02
9.587160296713710672e-02
9.599704850488489927e-02
9.612141926972819772e-02
9.623774156005389380e-02
9.634176233783399435e-02
9.643359020419209338e-02
9.655492768677620408e-02
9.666404017592039599e-02
9.674040374461989611e-02
9.679413850961879340e-02
9.685609391800620305e-02
9.691001472682990447e-02
9.697013631906430120e-02
9.699757381224059782e-02
9.703917971871289794e-02
9.706597084039829404e-02
9.708361911174119563e-02
9.711054749779249318e-02
9.712322649399729446e-02
9.714462507733880037e-02
9.715543086883229873e-02
9.714680541256369428e-02
9.713347814482449494e-02
9.711210629088759538e-02
9.708582005645299828e-02
9.706855410986869881e-02
9.704307593983810265e-02
9.702537284887459423e-02
9.701394895436510346e-02
9.699221652547060368e-02
9.694111877316019532e-02
9.690310900084600498e-02
9.684631490792669495e-02
9.679850045052429408e-02
9.673058090879189941e-02
9.666894932455939726e-02
9.660426897560940585e-02
9.654583154291139502e-02
9.649954817322389800e-02
9.639002564545960661e-02
9.635072929655390250e-02
9.626258319154609722e-02
9.620073782548410612e-02
9.613351338598249973e-02
9.607846941088760140e-02
9.601111072721139894e-02
9.592976095972549633e-02
9.584065969370010596e-02
9.576621647942920590e-02
9.565826001111299437e-02
9.556718458454170617e-02
9.548496689491650646e-02
9.538627119621970185e-02
9.528190743520729977e-02
9.517911640836450304e-02
9.508020420328949784e-02
9.497028807108040538e-02
9.485612118124510383e-02
9.474822633924130655e-02
9.463771611747709422e-02
9.452019489477979375e-02
9.439257528749180060e-02
9.426498712775829847e-02
9.414436729412209437e-02
9.402260510023849327e-02
9.388935424690099396e-02
9.377114954509710443e-02
9.363202075020289616e-02
9.350325363197629913e-02
9.336629112277609888e-02
9.322485501307040123e-02
9.308152071904179925e-02
9.293430763152639440e-02
9.279774444166280500e-02
9.265584877381599638e-02
9.251156202616529767e-02
9.235514505872470525e-02
9.221512139370000027e-02
9.206438400349829798e-02
9.191703067283600592e-02
9.176058856164520661e-02
9.160663418999050178e-02
9.144746887121320278e-02
9.129029571099379903e-02
9.112459646385860645e-02
9.096306185021990620e-02
9.080014869679629841e-02
9.063288733641609862e-02
9.046838476770389936e-02
9.029976179963260241e-02
9.013062769415890185e-02
8.995870138729419874e-02
8.978400682027669333e-02
8.961050145902020592e-02
8.943760878956770466e-02
8.926534287682019730e-02
8.908721759993859513e-02
8.890793531053199639e-02
8.874239625756349947e-02
8.856407953669390154e-02
8.838374936623770439e-02
8.821607498406269787e-02
8.804076732650599479e-02
8.787006806360850297e-02
8.769871515866739520e-02
8.753067543189579913e-02
8.736103664347889819e-02
8.719712393148930374e-02
8.702826275081150531e-02
8.686717236865869329e-02
8.670630109777630046e-02
8.654481683697390348e-02
8.638715849563499694e-02
8.622722822503800510e-02
8.606961847660379861e-02
8.591486994658970033e-02
8.576326752492140215e-02
8.561334426632290218e-02
8.546058545271950635e-02
8.531298041583250391e-02
8.516784707372369867e-02
8.502288568339720631e-02
8.488030685687529553e-02
8.474152979745669390e-02
8.460607093818449387e-02
8.447274949093609708e-02
8.433955260508570195e-02
8.420986857020250349e-02
8.408302925638019842e-02
8.395849147090389542e-02
8.383610522267830045e-02
8.371911019204450466e-02
8.360480993863650401e-02
8.348574689099369506e-02
8.337812630216380472e-02
8.326910134009400666e-02
8.316392990349989744e-02
8.305836691297330265e-02
8.295695081705439788e-02
8.286043624162579835e-02
8.276649055013450551e-02
8.267522226540539865e-02
8.258301833989069307e-02
8.249758358448190665e-02
8.241385232070580491e-02
8.233682653899859760e-02
8.226071833152759361e-02
8.218499181861750602e-02
8.211477953432889942e-02
8.204136469648329322e-02
8.197983246936879631e-02
8.191754343882519385e-02
8.185515405070710460e-02
8.179825585581700087e-02
8.174423456788509901e-02
8.169469790421439448e-02
8.164304131746979998e-02
8.159678524960770063e-02
8.155517258086250609e-02
8.151498518077850142e-02
8.147604268216289414e-02
8.144187387019999336e-02
8.140550113933429921e-02
8.137472050708409455e-02
8.134540862228069324e-02
8.132151287274319573e-02
8.129691489203209886e-02
8.127360113370470096e-02
8.125390716163739813e-02
8.123486721161020385e-02
8.122087627145359312e-02
8.120878969158550065e-02
8.119609292310910054e-02
8.118799928374169361e-02
8.118111529215370215e-02
8.117841783628469698e-02
8.117406507826090134e-02
8.117157177138120683e-02
8.117186930007619372e-02
8.117372912068129831e-02
8.117842552861449790e-02
8.118333148231379748e-02
8.118668790838849680e-02
8.119907072782320268e-02
8.121035824305540551e-02
8.122153384000529996e-02
8.123918513344449699e-02
8.125361918515519588e-02
8.127690689039560046e-02
8.129380073240169424e-02
8.131579446413750301e-02
8.134256163437370013e-02
8.136738183056689555e-02
8.139767591851129747e-02
8.142644424233450029e-02
8.145778911484499729e-02
8.149408697600900309e-02
8.152961115484330668e-02
8.156798792950850641e-02
8.161048823404770669e-02
8.165133205237100344e-02
8.169444560797330113e-02
8.173984823953819867e-02
8.178591037569149513e-02
8.183652152531660506e-02
8.188852262493720446e-02
8.193912723494939376e-02
8.199292975622510249e-02
8.205194838521759348e-02
8.210703125708690431e-02
8.216658737676449387e-02
8.222639232934610132e-02
8.229023376115010557e-02
8.235200616395059459e-02
8.241900149552089383e-02
8.248307126993879856e-02
8.254846851385000406e-02
8.261959529182349993e-02
8.268990492796279845e-02
8.275852579787690289e-02
8.283246622602399856e-02
8.290590797298250103e-02
8.297854458798389898e-02
8.305519769693910093e-02
8.312963886068809594e-02
8.320657112260849975e-02
8.328514469550149513e-02
8.336107364959739752e-02
8.344138022929040166e-02
8.352334569067890180e-02
8.360653570251770639e-02
8.368669737980050094e-02
8.376516308463499705e-02
8.384702493958740011e-02
8.393340651876360359e-02
8.401601174111120174e-02
8.409986292535820418e-02
8.418233478065159647e-02
8.427116585419000550e-02
8.435270438612439692e-02
8.443712620908160049e-02
8.452478618506720220e-02
8.460802277117640546e-02
8.469072524867389540e-02
8.477361562150380336e-02
8.486017211048800524e-02
8.494829070646039981e-02
8.503022670684690087e-02
8.511307509946690331e-02
8.519809227210629887e-02
8.527969064449590630e-02
8.536325119536919415e-02
8.544340108167060299e-02
8.552759212129450173e-02
8.560843372466299395e-02
8.568819861402170168e-02
8.576932657856760345e-02
8.584550423191029955e-02
8.592664078499639979e-02
8.600409564410120555e-02
8.608012405577529502e-02
8.615745795390959694e-02
8.623189964473669533e-02
8.630473822313659837e-02
8.637656533144820459e-02
8.645007437478270662e-02
8.651830273817079364e-02
8.658961552354239866e-02
8.665621356244150586e-02
8.672284614629620358e-02
8.678138562564670366e-02
8.684747544807429331e-02
8.691127404709320103e-02
8.697091749195720589e-02
8.703105596957839973e-02
8.709074754950260622e-02
8.714515681754890497e-02
8.720374209806600052e-02
8.726157284784150092e-02
8.731646919611829594e-02
8.737243993006760245e-02
8.742630120662420179e-02
8.747785848278259724e-02
8.753265575926059971e-02
8.758213909020029497e-02
8.763270342646020672e-02
8.768343173980680527e-02
8.773208736765990279e-02
8.778098334762980681e-02
8.782461424310690490e-02
8.787378250828249693e-02
8.791703706578360422e-02
8.796278192774370508e-02
8.800535991982720574e-02
8.805359218149350076e-02
8.809330238123369572e-02
8.813570019997360450e-02
8.817084100439999406e-02
8.821101773251910361e-02
8.825227732571540307e-02
8.828723049032599635e-02
8.832249723160649768e-02
8.835865053619890164e-02
8.839470675723709592e-02
8.842442942139959461e-02
8.845526686971540153e-02
8.848597208329049557e-02
8.851332195341479747e-02
8.854168361409180121e-02
8.856468278357550183e-02
8.858934051509050056e-02
8.861287294396290315e-02
8.862955019484830554e-02
8.865377061315350693e-02
8.866911788106779380e-02
8.868900918884529971e-02
8.870205890230149770e-02
8.871653264645920633e-02
8.872411138385169482e-02
8.873347926733859969e-02
8.874468855009119694e-02
8.874729102237749467e-02
8.874763989392310537e-02
8.874799138792209552e-02
8.874219178510009409e-02
8.873532102538510269e-02
8.872906923902869336e-02
8.871313640019709568e-02
8.869798022585080599e-02
8.867721263718890412e-02
8.865277956966199913e-02
8.862519492029739820e-02
8.859754270350950200e-02
8.856591591096170391e-02
8.853068825897379701e-02
8.849012993826720075e-02
8.844981228616169422e-02
8.840786897182399684e-02
8.836332326432659590e-02
8.831047674429280681e-02
8.826413779592519326e-02
8.821372642755609395e-02
8.815782635194970018e-02
8.810017240196589550e-02
8.804354002075290286e-02
8.798091588936400587e-02
8.792542031505790057e-02
8.785996511417490384e-02
8.779912259717849443e-02
8.773230123304849581e-02
8.766879252952219925e-02
8.760099125021930666e-02
8.753568714551679397e-02
8.747261144114260034e-02
8.740410454323900569e-02
8.733667741990709665e-02
8.726895089236699765e-02
8.719914251504350122e-02
8.713031276191930685e-02
8.706175436449710425e-02
8.699407039536830033e-02
8.692527689846220318e-02
8.685633606948560403e-02
8.678914238208110254e-02
8.672217368899590162e-02
8.665373796642709958e-02
8.658493528784300119e-02
8.651516236187209441e-02
8.645008564621339819e-02
8.638260201843510344e-02
8.631442003810919916e-02
8.624717037651839779e-02
8.617754278490810660e-02
8.611372737450770365e-02
8.604787550765009840e-02
8.598397915395709912e-02
8.591631652993569901e-02
8.585033991739429715e-02
8.578563498261830567e-02
8.572057892546119939e-02
8.565553216650509394e-02
8.559322154339170374e-02
8.552731209857609984e-02
8.546256350575920369e-02
8.540062740671260089e-02
8.533646234289199439e-02
8.527471259070240617e-02
8.521232300295840389e-02
8.515067845103660438e-02
8.508676275686109791e-02
8.502157461439549535e-02
8.496142910933750236e-02
8.489822428855769987e-02
8.483411409360600008e-02
8.477623142444219717e-02
8.471599332709470187e-02
8.465277655028559389e-02
8.459390195827329317e-02
8.453063388882089968e-02
8.446962172915170597e-02
8.440837673908570260e-02
8.434711443847499324e-02
8.429283641306729857e-02
8.423273717071359801e-02
8.416854021851309653e-02
8.411192125584360246e-02
8.405378169122619536e-02
8.399503461724329434e-02
8.393772764823680121e-02
8.388011169725169414e-02
8.382143167798129790e-02
8.376242313915970017e-02
8.370809040977919557e-02
8.364835607879790580e-02
8.359261061033429474e-02
8.353830924282690251e-02
8.348663706655959360e-02
8.343326666988419571e-02
8.337666266291379746e-02
8.332519385474849993e-02
8.327282211339369355e-02
8.322409598572350076e-02
8.317152278219150374e-02
8.312290583544300338e-02
8.307441860814160361e-02
8.302387295517700549e-02
8.297838702401409694e-02
8.293192206834240632e-02
8.288643561631739431e-02
8.284118391030280415e-02
8.279750797159089737e-02
8.275495496227709691e-02
8.271339682682579686e-02
8.267449182737969526e-02
8.263424369542370085e-02
8.259663387862199724e-02
8.256048872419789741e-02
8.252061228461679554e-02
8.248694161968229965e-02
8.245216840640330613e-02
8.242132811096540557e-02
8.238942257734720165e-02
8.236041559261500500e-02
8.233269805537900277e-02
8.230603244607080649e-02
8.227933669805130579e-02
8.225709392687069466e-02
8.223449881562409913e-02
8.221589037177240433e-02
8.219646962416470026e-02
8.217939434027360379e-02
8.216302792370100416e-02
8.214683429840889672e-02
8.213713530442250110e-02
8.212516353371229760e-02
8.211598656316529410e-02
8.211022729730910186e-02
8.210619587510299688e-02
8.210204822054549545e-02
8.209914341826020368e-02
8.210009291149360233e-02
8.210356653852519948e-02
8.210638808228210017e-02
8.211129840534650559e-02
8.211990047461510678e-02
8.213121762708659734e-02
8.214288524892740528e-02
8.215552449796359458e-02
8.217224053866629963e-02
8.218814472416280381e-02
8.221074741495940086e-02
8.223055946704380115e-02
8.225243869382430073e-02
8.228059868721659953e-02
8.230581779638110329e-02
8.233675805108810197e-02
8.236798584532789569e-02
8.240168040020739992e-02
8.243785591778149402e-02
8.247783982873410635e-02
8.251642420390770116e-02
8.256186117332249552e-02
8.260737068295970209e-02
8.265113014400819746e-02
8.269766844759489366e-02
8.275083709759560591e-02
8.280181096968550203e-02
8.285371348526410218e-02
8.290902718544619632e-02
8.296718191600710446e-02
8.302402617718379618e-02
8.308834053691839527e-02
8.314936732099870165e-02
8.321225822598840582e-02
8.327904142045029767e-02
8.334734951663619329e-02
8.341735751185500036e-02
8.348555353815489966e-02
8.355784056030629570e-02
8.363063908861680107e-02
8.370505171227840546e-02
8.378169449176299521e-02
8.385802626825319961e-02
8.393509475619780058e-02
8.401260508415850370e-02
8.409386830842130456e-02
8.417791263128479584e-02
8.426042321427210102e-02
8.434238595473389499e-02
8.442527792487339311e-02
8.451265848477429454e-02
8.460085089646329770e-02
8.468440444787249388e-02
8.477316224816659751e-02
8.486282538713919854e-02
8.495104330643739321e-02
8.504172932291190201e-02
8.513004962024020572e-02
8.521972791454270058e-02
8.531252865732889823e-02
8.540340185100890602e-02
8.549629963774879604e-02
8.558709990130690393e-02
8.568187718840039602e-02
8.577312492017330481e-02
8.586552683042279754e-02
8.595444320733089394e-02
8.604740122488040155e-02
8.614051488287639835e-02
8.623239371531199460e-02
8.632375345942400191e-02
8.641631836454820303e-02
8.650749644284000395e-02
8.660278831549360345e-02
8.669363898412729696e-02
8.678628465106659473e-02
8.687710433446929614e-02
8.697202242177509701e-02
8.706520250925729731e-02
8.716482543488740520e-02
8.726459070699520149e-02
8.736887066501940191e-02
8.746880723974780059e-02
8.757148215529589330e-02
8.767834949080920148e-02
8.778555374997630556e-02
8.789722235272580397e-02
8.801501118003529633e-02
8.813588501028769839e-02
8.826167336759710436e-02
8.838540713463299836e-02
8.850501026282510397e-02
8.861728009309739751e-02
8.872182987939590537e-02
8.881363957809899901e-02
8.889786471700790449e-02
8.896975419417600672e-02
8.902798018960800253e-02
8.907925826521090329e-02
8.910276376400640130e-02
8.909371200347150632e-02
8.912372762155150452e-02
8.914520124664339351e-02
8.915941546150600583e-02
8.917004175658080345e-02
8.917452524135109637e-02
8.918496733492919937e-02
8.918512303179350342e-02
8.918477647390779528e-02
8.918250404016329902e-02
8.917378701091190074e-02
8.916971911027869735e-02
8.916768027121180218e-02
8.916235453112029974e-02
8.915406242223210265e-02
8.915027590196890339e-02
8.913933900120940557e-02
8.913260933216429760e-02
8.913390147257239937e-02
8.913455856602159333e-02
8.914277407338140613e-02
8.915593753489839401e-02
8.916049281865369436e-02
8.916714135600309343e-02
8.918382276860019331e-02
8.920532221794749694e-02
8.923397606317350073e-02
8.927224411505280122e-02
8.931137233046800017e-02
8.934859254932539518e-02
8.938208733929919880e-02
8.940188243609069330e-02
8.941308631618130609e-02
8.941740031730230354e-02
8.941711022532869424e-02
8.941062464195490000e-02
8.939430074338440557e-02
8.937667385716979718e-02
8.935003702729439612e-02
8.932138413370520336e-02
8.928674340560989464e-02
8.924923294126120565e-02
8.921533601954280412e-02
8.918585506146199660e-02
8.915346073431219820e-02
8.911860385356830394e-02
8.908221045489879419e-02
8.904118888879890281e-02
8.900170375396070088e-02
8.896078690734629535e-02
8.892053776511220364e-02
8.887702479454130666e-02
8.883804947831680510e-02
8.879591275130570283e-02
8.876071366122910422e-02
8.872726720064109951e-02
8.869198358484139955e-02
8.865607957340210232e-02
8.862304219071620581e-02
8.858901428474519335e-02
8.855498985123580469e-02
8.852501393373639338e-02
8.849181370364779531e-02
8.845982766409569986e-02
8.842625040495419309e-02
8.839244699672570149e-02
8.835366692406310118e-02
8.831610083804269928e-02
8.827565440742429770e-02
8.823651724273259833e-02
8.819727048146870640e-02
8.814968229503909736e-02
8.810260808497789864e-02
8.805370126343080306e-02
8.800333115541300599e-02
8.795416403586810150e-02
8.790676433658750621e-02
8.784876569512339861e-02
8.779605702331109984e-02
8.773835513966030120e-02
8.768050806952079612e-02
8.762343435130930114e-02
8.756348928980330071e-02
8.750570567823259815e-02
8.744475952779540151e-02
8.737718234182820232e-02
8.731635836617610003e-02
8.724820659599970274e-02
8.718488109626680582e-02
8.712331857149049896e-02
8.705804797810989815e-02
8.699248685055380181e-02
8.692668679430380629e-02
8.686127521132300244e-02
8.679394369549249533e-02
8.673268892187570300e-02
8.667059896225179361e-02
8.660900343687280567e-02
8.654646077456300268e-02
8.648312698514219743e-02
8.642234791613549738e-02
8.636067679761340321e-02
8.630671254451000030e-02
8.625024313595029690e-02
8.619256758110230288e-02
8.613946715103719398e-02
8.608370816952329307e-02
8.602896592123840391e-02
8.597551090756740122e-02
8.592638779347640254e-02
8.587704445297029976e-02
8.582578292271909881e-02
8.577914148908810654e-02
8.573022700723810507e-02
8.568405556756759911e-02
8.563784419275119464e-02
8.559344709502289539e-02
8.555235611473389901e-02
8.550720165261140038e-02
8.546098842060470546e-02
8.541999088244130178e-02
8.537707068815310330e-02
8.533773250009750455e-02
8.530163118402520062e-02
8.526231996881609987e-02
8.522359022517800309e-02
8.518619038918009978e-02
8.514805740969670633e-02
8.511238979007020033e-02
8.507848431904460607e-02
8.504566396670980299e-02
8.501508992286410660e-02
8.498531676962850501e-02
8.495316764938899701e-02
8.492258225677079553e-02
8.489175516827700274e-02
8.486134520849779317e-02
8.483526865813430240e-02
8.480917889286999911e-02
8.478334899320250084e-02
8.475572676732680277e-02
8.473288983480939396e-02
8.470651095830350474e-02
8.468618572182859405e-02
8.466381420812130187e-02
8.464406925421059935e-02
8.462195232033910275e-02
8.459936316506530551e-02
8.457825076373010065e-02
8.455915186419429852e-02
8.454111663391469800e-02
8.452164834146939920e-02
8.450683679003530291e-02
8.448687928477670306e-02
8.447040326877069960e-02
8.445268334802419341e-02
8.443593965533789658e-02
8.442100462451519738e-02
8.440850153434409364e-02
8.439284973960499425e-02
8.438002903842080349e-02
8.436791346889729870e-02
8.434957142019469667e-02
8.433866911980990311e-02
8.432675139104950368e-02
8.431667099947989796e-02
8.430526504597710136e-02
8.429292344987129870e-02
8.428334316413080285e-02
8.427245549393019841e-02
8.426327428950509957e-02
8.425557421787409351e-02
8.424906180642860454e-02
8.424144428315079314e-02
8.423163037767460171e-02
8.422302598875840152e-02
8.421703021189319571e-02
8.421058459703040233e-02
8.420618105839500211e-02
8.420037248943500197e-02
8.419386069895930247e-02
8.418911166668270607e-02
8.418384026294699340e-02
8.417965067517449440e-02
8.417525459982140579e-02
8.417216067256480527e-02
8.416935457583320235e-02
8.416644520298630083e-02
8.416197950694000174e-02
8.415658477730809939e-02
8.415706630417679746e-02
8.415380274915819359e-02
8.415440132350129887e-02
8.415274397853959865e-02
8.415051442236309853e-02
8.415219175670990426e-02
8.414965753552669514e-02
8.414987096893640495e-02
8.414932821394620344e-02
8.415058784903420297e-02
8.415241424908380397e-02
8.415121482444519463e-02
8.415120853080569618e-02
8.415322407904210489e-02
8.415219812352850437e-02
8.415424001909979634e-02
8.415649607043600156e-02
8.416070289046889696e-02
8.416369997199710240e-02
8.416205413741230379e-02
8.416527494797179654e-02
8.416528453246929775e-02
8.416901772191349995e-02
8.417412418882430636e-02
8.417454333512690290e-02
8.417701957185419470e-02
8.418184482663269852e-02
8.418275720765690251e-02
8.418540821447779987e-02
8.418542807010240270e-02
8.418977121903280236e-02
8.419407498076610097e-02
8.419621907615129630e-02
8.419685541483559743e-02
8.420212279056249471e-02
8.420443705035679516e-02
8.420975820270240608e-02
8.421423127691750332e-02
8.421676824557279561e-02
8.421749020740379454e-02
8.422607007760349318e-02
8.422707168086079887e-02
8.423345860405559438e-02
8.423982075829840321e-02
8.424359738238980377e-02
8.424717537392280298e-02
8.425284929185759830e-02
8.425705457648249852e-02
8.426114982935380138e-02
8.426785958021949796e-02
8.427240548363650052e-02
8.427663512917009381e-02
8.428378705154350448e-02
8.429000085811129417e-02
8.429588464385250057e-02
8.429953967084889699e-02
8.430619783162189573e-02
8.431501532890040007e-02
8.431882053369860186e-02
8.432558630938490063e-02
8.433380321269040580e-02
8.433863908160779688e-02
8.434373664789729386e-02
8.435115478314980653e-02
8.435745706057780346e-02
8.436497094552390663e-02
8.437299741378449791e-02
8.437939105603380063e-02
8.438990795818519797e-02
8.439550124925540575e-02
8.440182628467959858e-02
8.441270499759299939e-02
8.442081209768639849e-02
8.443145303977719895e-02
8.443898878357999904e-02
8.444783964982549573e-02
8.445612601858469570e-02
8.446653152074939941e-02
8.447725580839969550e-02
8.448705233674630444e-02
8.449813800293849708e-02
8.450936212674259318e-02
8.451669527011969330e-02
8.452604539599090083e-02
8.453824867405740351e-02
8.455135784582690217e-02
8.456096794262049632e-02
8.457199778122670430e-02
8.458639145904299494e-02
8.459316999963220618e-02
8.460674230529439954e-02
8.461575895412980219e-02
8.462892724544279766e-02
8.463684086312489585e-02
8.465328060775280383e-02
8.466474855414179990e-02
8.467608117125380307e-02
8.468725960659169438e-02
8.469695158935509893e-02
8.470567603887360630e-02
8.472308627867590480e-02
8.473503381124980471e-02
8.474376895745260041e-02
8.475338715363470166e-02
8.476589822289559706e-02
8.477834561186810280e-02
8.478635641277650070e-02
8.480429284286020164e-02
8.481208278663790456e-02
8.482173154308420004e-02
8.483210763460059811e-02
8.484384340376760480e-02
8.485362214533609393e-02
8.486595175350440667e-02
8.487768818734330034e-02
8.488765621012719920e-02
8.489765162253100350e-02
8.490534882455780252e-02
8.491740761633470580e-02
8.492673895069340062e-02
8.493633887999579857e-02
8.494721170577600178e-02
8.495985548505420593e-02
8.496623027632220493e-02
8.497457666709880286e-02
8.498373035735730385e-02
8.499478038069049890e-02
8.500444473381650601e-02
8.501761388421999466e-02
8.503035561637950490e-02
8.503964427491120248e-02
8.505003475965909610e-02
8.506179046496570306e-02
8.507472918596170608e-02
8.508666611759030385e-02
8.510386458869330373e-02
8.511438655451269986e-02
8.512907905387540053e-02
8.514194859122140024e-02
8.515269374758069332e-02
8.517022545638949782e-02
8.518344716116539594e-02
8.520208314814380068e-02
8.521913141542429571e-02
8.523351648460969487e-02
8.524799696651359782e-02
8.526656833815890457e-02
8.528331549492410013e-02
8.530210663667270321e-02
8.531929817180830544e-02
8.534005494341939668e-02
8.535955428125069355e-02
8.537672918022909396e-02
8.539788389773379784e-02
8.541625821447419720e-02
8.543831206996020666e-02
8.545732008933340507e-02
8.547857125305960424e-02
8.549465185055009353e-02
8.551528056588300619e-02
8.553567786644659943e-02
8.555888442897370549e-02
8.557975811647050568e-02
8.560231769694150172e-02
8.562185280872340598e-02
8.564076383072639909e-02
8.566041856244420438e-02
8.567840762304369806e-02
8.569813462767460199e-02
8.571997444423029577e-02
8.574172758506669323e-02
8.575829493123179881e-02
8.577647176220229430e-02
8.579398769018570237e-02
8.580828008452029421e-02
8.582237452840829617e-02
8.584254400563620657e-02
8.585706357388900312e-02
8.587139164295159999e-02
8.588383883333709778e-02
8.589534536903439821e-02
8.591014910855260256e-02
8.592291329204709838e-02
8.593442939596179775e-02
8.594752132662120125e-02
8.595919557928839716e-02
8.596716536418970434e-02
8.597443087971390341e-02
8.599766928966480484e-02
8.600184036280850153e-02
8.601750743814459699e-02
8.602753618883600406e-02
8.603871295478560111e-02
8.604564816658870352e-02
8.606244467049589675e-02
8.607396843738020220e-02
8.608868319643950273e-02
8.610598076407069423e-02
8.612023156385240075e-02
8.613465627977369421e-02
8.614683387716960683e-02
8.616094007264969712e-02
8.617609869016799873e-02
8.619405751100810142e-02
8.620375373040529976e-02
8.622178878011760306e-02
8.623309690992229937e-02
8.624153642493490035e-02
8.625158384076160589e-02
8.626642926329659844e-02
8.628001441383459369e-02
8.629908332301669538e-02
8.630514850155750206e-02
8.631497317028929972e-02
8.632488146727379519e-02
8.633716842594639507e-02
8.634771702993479514e-02
8.636094217354499392e-02
8.637122299059589448e-02
8.638357767098089890e-02
8.639230316798079956e-02
8.639903593265990667e-02
8.640794059334490351e-02
8.641981462157390104e-02
8.643375080431719981e-02
8.644823842989560192e-02
8.645848163856370561e-02
8.646868857230149974e-02
8.647993396298760127e-02
8.649265972078090670e-02
8.650515318248490348e-02
8.652203113317509520e-02
8.653169612827099622e-02
8.654070619668280395e-02
8.655088938989749514e-02
8.656178284821550162e-02
8.657401176631790429e-02
8.658387534785169648e-02
8.659459185460480213e-02
8.660776115779809936e-02
8.661498214184160105e-02
8.662122174743290548e-02
8.663212470045260349e-02
8.663885505900739692e-02
8.664557330763980603e-02
8.665659887091280156e-02
8.666247835283119594e-02
8.666811434037950679e-02
8.667508207380700269e-02
8.667867846377599883e-02
8.668584637218310074e-02
8.669556525047410200e-02
8.670103410050900017e-02
8.670871175139889531e-02
8.671359432550039548e-02
8.671603961898009805e-02
8.672527606902749597e-02
8.673438738523120417e-02
8.674236808985920366e-02
8.674585002612300588e-02
8.675329336302819994e-02
8.675591235379090382e-02
8.675715583504879647e-02
8.675945751498040370e-02
8.676355964872810300e-02
8.676835301507419829e-02
8.677095492737220417e-02
8.677059935007279401e-02
8.676689730736250605e-02
8.676339033680000035e-02
8.675930419382629766e-02
8.675729278034570446e-02
8.675391150422250008e-02
8.674843265586359986e-02
8.673928554696580528e-02
8.672976886862690526e-02
8.671705414351550678e-02
8.670531035940029496e-02
8.669529200376130396e-02
8.668403395735489736e-02
8.666883618103669862e-02
8.665153729613619960e-02
8.663770293738889960e-02
8.661895839914700301e-02
8.659726044007040602e-02
8.657976733074479458e-02
8.655741863888430365e-02
8.653368796012840536e-02
8.651484825671379442e-02
8.649013547581979600e-02
8.646170636559880052e-02
8.644069643885160525e-02
8.641670593362710262e-02
8.639401457776499371e-02
8.637129489310579888e-02
8.634818485440849678e-02
8.632518608810810234e-02
8.629751684988719307e-02
8.627170942080329696e-02
8.624834660441310641e-02
8.622009639707819972e-02
8.619440675142349406e-02
8.616363983426809925e-02
8.614693296919199994e-02
8.612300924127939961e-02
8.610318229359199826e-02
8.608330014013089448e-02
8.606781582832760680e-02
8.605077728836910134e-02
8.602918130852510448e-02
8.600624381636889915e-02
8.598258320248469699e-02
8.596518109064589519e-02
8.594491305207280218e-02
8.592772594764090666e-02
8.590630095970790137e-02
8.588372979731499768e-02
8.586269088506599811e-02
8.584233811472100073e-02
8.582329093675949983e-02
8.580356313640299937e-02
8.578750581746799608e-02
8.576989472174649520e-02
8.575120945316680454e-02
8.573052077727870424e-02
8.571543887811200468e-02
8.569909787683629987e-02
8.568385477882889401e-02
8.566880640178960171e-02
8.565090443490849803e-02
8.563527459025389865e-02
8.561467050296600600e-02
8.560349379547779747e-02
8.558424291153229890e-02
8.557156752464240013e-02
8.555616063876829436e-02
8.553993868018310021e-02
8.552241754202549728e-02
8.550619568539870319e-02
8.549047603204540380e-02
8.547709503359179894e-02
8.546366399233719380e-02
8.544851316914589545e-02
8.543058501653649772e-02
8.541617278429859683e-02
8.540023098245209943e-02
8.538402553450649690e-02
8.537446981619099817e-02
8.535920917307279754e-02
8.534458879198779380e-02
8.533123800080399946e-02
8.531905081723829831e-02
8.530239516553410339e-02
8.529108594642439978e-02
8.528020555851810458e-02
8.527052618691570440e-02
8.525784996608480604e-02
8.524683881504480087e-02
8.523575730764780534e-02
8.522528048593769334e-02
8.521481371535349902e-02
8.520892973183430419e-02
8.520077641030289473e-02
8.519174524820059824e-02
8.518441916061389452e-02
8.517638222359250055e-02
8.516883356822159412e-02
8.516503115742959928e-02
8.516084541652030326e-02
8.515618943755759451e-02
8.515190644423889510e-02
8.514540164009840040e-02
8.514008016802690482e-02
8.513823651108759494e-02
8.513474136686549620e-02
8.513680247078120322e-02
8.513458303300709684e-02
8.513359898491719424e-02
8.513026229119249888e-02
8.513067992094890124e-02
8.513344772503550484e-02
8.513490767884550336e-02
8.513732178447100396e-02
8.513980650600959377e-02
8.514382223363529956e-02
8.514682193541130151e-02
8.514819787983909927e-02
8.515433240308309393e-02
8.516006989884110367e-02
8.516405786537839528e-02
8.516947681031700190e-02
8.517696965207979809e-02
8.518430207694019374e-02
8.518818572143750656e-02
8.519532699470000470e-02
8.520351754643190612e-02
8.521205711511090075e-02
8.522203569874460538e-02
8.522638667824730674e-02
8.523213511713470525e-02
8.524178390049169662e-02
8.525140672908000650e-02
8.526244460416360083e-02
8.526555074708559723e-02
8.527753902872489689e-02
8.528701043551829841e-02
8.529001924878269747e-02
8.529698470438409896e-02
8.530785060540189979e-02
8.531593228909299664e-02
8.532243711300140088e-02
8.533199259089810362e-02
8.533785990607919980e-02
8.534496156679420575e-02
8.534919844542999956e-02
8.535545028727289929e-02
8.536217899832289346e-02
8.536779652029399812e-02
8.537454200757189915e-02
8.537724715513829443e-02
8.538122253107699455e-02
8.538470990403060346e-02
8.538945065160140346e-02
8.539125766626219638e-02
8.539319938126979648e-02
8.539667139027200260e-02
8.539895745579149933e-02
8.539906857726549394e-02
8.540083683318459851e-02
8.539859445922599879e-02
8.540070902983480650e-02
8.540221689773909441e-02
8.540205734241219926e-02
8.540138805850999715e-02
8.539674599875060612e-02
8.539748828759680110e-02
8.539655103402470082e-02
8.539608577007269663e-02
8.539706771974629740e-02
8.539366940494630409e-02
8.539007706272870590e-02
8.539128631864209562e-02
8.538936626605569957e-02
8.539179511018260560e-02
8.538818394284160285e-02
8.538915451107749466e-02
8.538530294536239573e-02
8.538469566557259360e-02
8.538161993418530438e-02
8.537816249215010589e-02
8.538053609819110101e-02
8.537868293754620475e-02
8.537926883448809789e-02
8.537973888945320222e-02
8.537638156868959660e-02
8.537502935986510111e-02
8.537937537083460648e-02
8.537670173816909458e-02
8.537847444556659338e-02
8.537755610866309963e-02
8.537670391260610003e-02
8.537311915603429391e-02
8.537359105684250160e-02
8.537678643788999822e-02
8.537318489791449749e-02
8.537679447169850555e-02
8.538122645362600238e-02
8.537579442777730454e-02
8.537627138446239605e-02
8.537503623440770295e-02
8.537485461301129452e-02
8.537667035012549976e-02
8.537559584286559533e-02
8.537677181615969946e-02
8.537554037028430298e-02
8.537272009400699579e-02
8.537080984967419794e-02
8.537053462229429734e-02
8.536612993664720317e-02
8.536673323674409675e-02
8.536478414572329365e-02
8.536247239015709587e-02
8.535571761850599404e-02
8.535064173451850644e-02
8.534692414555460072e-02
8.534172555346659916e-02
8.533815715117820666e-02
8.533344775544450533e-02
8.532548290981649408e-02
8.531670137900959627e-02
8.531005291538500124e-02
8.530500027429019361e-02
8.529762076157210160e-02
8.529100331554180514e-02
8.528436027111649387e-02
8.527094799487119903e-02
8.526227522346209453e-02
8.525347832839330620e-02
8.524380808282240596e-02
8.522972627039830662e-02
8.522479563945939418e-02
8.521411655627879334e-02
8.520102494198940335e-02
8.519203656810450664e-02
8.518126515987579916e-02
8.517136259683649735e-02
8.515962574523290585e-02
8.515350768191799757e-02
8.514425203554459864e-02
8.513141045916340632e-02
8.512045170757349954e-02
8.511243505315599367e-02
8.510453826510790132e-02
8.509514210717550320e-02
8.508814151524410341e-02
8.508075230328519811e-02
8.507251840701120227e-02
8.506091643351060272e-02
8.505298092554179623e-02
8.504900995448050338e-02
8.504386633124609574e-02
8.503972450398469829e-02
8.502822262499540318e-02
8.502133808285150529e-02
8.501389663207770120e-02
8.500965181884119481e-02
8.500348612617629473e-02
8.499911170945059768e-02
8.499683765616160291e-02
8.498804149270640373e-02
8.498341377203490199e-02
8.497743151732570221e-02
8.497622229748749700e-02
8.497164896574820048e-02
8.496876406749280519e-02
8.496645011384930390e-02
8.496309803618899703e-02
8.495768102287680479e-02
8.495573358389750529e-02
8.495411978678059362e-02
8.495384260016909661e-02
8.495522674754600601e-02
8.495336477688479604e-02
8.495207445099520194e-02
8.494940155823399452e-02
8.494970874049219411e-02
8.494889140217190548e-02
8.495089017873609649e-02
8.495531796239690070e-02
8.495508934256089384e-02
8.495425729014209615e-02
8.495401388015040578e-02
8.495222722187099895e-02
8.495649253096969333e-02
8.495953449447790629e-02
8.496271619339690329e-02
8.496326108889820650e-02
8.496469959707529662e-02
8.496418829318100330e-02
8.496710344453239916e-02
8.497101656846829665e-02
8.497154426492599388e-02
8.497629327856359716e-02
8.497913985754319832e-02
8.497964320260069371e-02
8.498245562579780088e-02
8.498295527164299867e-02
8.499053827606850575e-02
8.499411781660640153e-02
8.499656691659139562e-02
8.499936532101670661e-02
8.500054262485119694e-02
8.500417404685520206e-02
8.500739905374370131e-02
8.501193805456870589e-02
8.501797866735330556e-02
8.502409871718369372e-02
8.502645751165679999e-02
8.502789899191870449e-02
8.503103858459480635e-02
8.503618495836640090e-02
8.504200102404879669e-02
8.505068554551090121e-02
8.505634060823269449e-02
8.505638410017370143e-02
8.506022106700809882e-02
8.506174319182929766e-02
8.506681679654780337e-02
8.507284021660629914e-02
8.508019301947239432e-02
8.508705059743340571e-02
8.508752607043129634e-02
8.509207378230260188e-02
8.509480640366640092e-02
8.510346214231530315e-02
8.510921628922149540e-02
8.511604955746900070e-02
8.512048459137300238e-02
8.512418230533880248e-02
8.512770746446760017e-02
8.513498305799660493e-02
8.514171753513939678e-02
8.514909035392879966e-02
8.515636579579309584e-02
8.516312910358769805e-02
8.516970431296119748e-02
8.517234517875620081e-02
8.517841452063630581e-02
8.518493069804139450e-02
8.519532437127459723e-02
8.520238311287320343e-02
8.520744715683989390e-02
8.521503511197610348e-02
8.522234379314160002e-02
8.522826552135319422e-02
8.523789234343649712e-02
8.524612127990240096e-02
8.525281294080640226e-02
8.525883971915709791e-02
8.526840341369809617e-02
8.527426114645790534e-02
8.528093502161809836e-02
8.529399091686110101e-02
8.530593192039029327e-02
8.531414056304030546e-02
8.532758756940089784e-02
8.533388569565640569e-02
8.534814589567030207e-02
8.536014340443570658e-02
8.536858280526189724e-02
8.538985270626199553e-02
8.540032250513819589e-02
8.541718015229199379e-02
8.543275390059909546e-02
8.545023477337559958e-02
8.546055209749750525e-02
8.548213990412220631e-02
8.549738827423529475e-02
8.551612428683169620e-02
8.553457409153260305e-02
8.554786804328839978e-02
8.557289303842259554e-02
8.559127040761220495e-02
8.561137735166859941e-02
8.562981764844339316e-02
8.564887930915410230e-02
8.566495314261629579e-02
8.568483455298500640e-02
8.570503870493509369e-02
8.573549615726319684e-02
8.575527194627720340e-02
8.577814025048989544e-02
8.579728485371869440e-02
8.581523230169460503e-02
8.583546487805210345e-02
8.585544818779110299e-02
8.587744107573309915e-02
8.589641717509580165e-02
8.591760447306190374e-02
8.593761087122910036e-02
8.595444130280920081e-02
8.597173978209900203e-02
8.598999384905779697e-02
8.600755891933380137e-02
8.602439956425210477e-02
8.604139244762999683e-02
8.605663074977649984e-02
8.606590942339080452e-02
8.608045561630819908e-02
8.609582482985919660e-02
8.610592023883489876e-02
8.611504324410189370e-02
8.612845221696149856e-02
8.613392401473919657e-02
8.614059045720419416e-02
8.614538129390360288e-02
8.615152854515779890e-02
8.615758056596579950e-02
8.616224615895999583e-02
8.616450165397100680e-02
8.617095360743300125e-02
8.617684213217390032e-02
8.618205660669080170e-02
8.618733879799339581e-02
8.619287347297470425e-02
8.619825916939420629e-02
8.619958598954689799e-02
8.620397177640150288e-02
8.621133210841409877e-02
8.621705233601610618e-02
8.622459092057589702e-02
8.623007478740049581e-02
8.623677856327290059e-02
8.624204572277180403e-02
8.624982363611409519e-02
8.625816077303000151e-02
8.626785874839870694e-02
8.627422725043559781e-02
8.628214358601120348e-02
8.629292964214399508e-02
8.630275981421789422e-02
8.630915481938429556e-02
8.631569929048520107e-02
8.632503432903300411e-02
8.633356237637350439e-02
8.634080499975059497e-02
8.634689252181239338e-02
8.635295801899539603e-02
8.635424659804470660e-02
8.635958769876410368e-02
8.636488953827860249e-02
8.636959193844609417e-02
8.637501266082840690e-02
8.637738897126759352e-02
8.637778527498990444e-02
8.637868523503459961e-02
8.637761055977440094e-02
8.637788634553210387e-02
8.638041057987060067e-02
8.638115246143010517e-02
8.638146643726020424e-02
8.637937941391489460e-02
8.637682342425470616e-02
8.637558026890619634e-02
8.637433307987579800e-02
8.636831528046859385e-02
8.636326532922369847e-02
8.635427894190360332e-02
8.634440214056170182e-02
8.633112455328459389e-02
8.632084801753339698e-02
8.630839366497360110e-02
8.629715131858120558e-02
8.628547091637539523e-02
8.627049438478100185e-02
8.624823231768649623e-02
8.623204413367249743e-02
8.621341446385309693e-02
8.618989916233979476e-02
8.616666996711669357e-02
8.614524112716580306e-02
8.612110009742500460e-02
8.609802559711060566e-02
8.606595323278630472e-02
8.604088312220259382e-02
8.600809850271849688e-02
8.597137033966960329e-02
8.594212540609649786e-02
8.592026300668359484e-02
8.589275926797039495e-02
8.586919815674150247e-02
8.584614736813020452e-02
8.582566809061889512e-02
8.580482576090969760e-02
8.577756161115759892e-02
8.576130738156680089e-02
8.573233821018649836e-02
8.571258493300279446e-02
8.569185902724539561e-02
8.567677030279140238e-02
8.567050756491680075e-02
8.565702837238189926e-02
8.564228590475560232e-02
8.563270157702150553e-02
8.562098120977139348e-02
8.560954606059259508e-02
8.559819801596310618e-02
8.558351067606920215e-02
8.557536144218079455e-02
8.556112646238589470e-02
8.555028262429399677e-02
8.553586872345990411e-02
8.552657604956399873e-02
8.551700212634609499e-02
8.550056531254809911e-02
8.549034769873870010e-02
8.547668368728289501e-02
8.546607265805900022e-02
8.545352754388249594e-02
8.544059155918749815e-02
8.543336041955650051e-02
8.542223340450799673e-02
8.540971505271230391e-02
8.539880277113399976e-02
8.538927868811950483e-02
8.537925976652380178e-02
8.536997923130419663e-02
8.536436028015090272e-02
8.535856342216380233e-02
8.534711608435439911e-02
8.534184001147269993e-02
8.533146359717770635e-02
8.532714834246120372e-02
8.532383824965229790e-02
8.531584276893329488e-02
8.530911370663660231e-02
8.530463781615929553e-02
8.529732732052200395e-02
8.529384330302780537e-02
8.529155985579059407e-02
8.528893529572299792e-02
8.528555335402029924e-02
8.528086823857039533e-02
8.527487247947750093e-02
8.527209521704960660e-02
8.526837821086910574e-02
8.526574101490839996e-02
8.526424384430260350e-02
8.526364012616290122e-02
8.525935531136810686e-02
8.525906392544159440e-02
8.525624947268280185e-02
8.525550124931340068e-02
8.525470553422689890e-02
8.525345146562900156e-02
8.525639667752910045e-02
8.525510687593559900e-02
8.525500897884910612e-02
8.525287070344710061e-02
8.525373495711069394e-02
8.525428790671629731e-02
8.525612497748430441e-02
8.525970991522209552e-02
8.525929404296610226e-02
8.526069602184689622e-02
8.526136582190489699e-02
8.525992853683790618e-02
8.526260452210919494e-02
8.526412312586320597e-02
8.526857123205110189e-02
8.527063518832410371e-02
8.526389954624130629e-02
8.526507835979620087e-02
8.526389901673639415e-02
8.526544795647579555e-02
8.526965478499909379e-02
8.526939774548410178e-02
8.526669052171140240e-02
8.526686097541190390e-02
8.526496696406450637e-02
8.526660748860899475e-02
8.526369289906760018e-02
8.526579788439679619e-02
8.526615008370749815e-02
8.526418870012719697e-02
8.526019190078849841e-02
8.525568443023050225e-02
8.525845559645289784e-02
8.525820907846090591e-02
8.526109440726910293e-02
8.525732823857160025e-02
8.525460377615060037e-02
8.525308064722350587e-02
8.525408804988600375e-02
8.525294057686459703e-02
8.525335898383219757e-02
8.525468992440900229e-02
8.525399809645080318e-02
8.525553959641089807e-02
8.525223766341960552e-02
8.524854916727529763e-02
8.525593456003760506e-02
8.525777028197259466e-02
8.526012044176389804e-02
8.526290834674030150e-02
8.526512326005999953e-02
8.526247051690069578e-02
8.526787650285809483e-02
8.527353125113650012e-02
8.527424947716839843e-02
8.527983584469349398e-02
8.528424688187490055e-02
8.528721327219450365e-02
8.529025763776959534e-02
8.529392175287719979e-02
8.529921575722219929e-02
8.530943797398900241e-02
8.531520129531759700e-02
8.531954827904129901e-02
8.532400153224239947e-02
8.532761661377609441e-02
8.533523903137370248e-02
8.534542295739630524e-02
8.535130979129240680e-02
8.536043444167269734e-02
8.536462946521000683e-02
8.536846686995160083e-02
8.537630164938600497e-02
8.538574068818730045e-02
8.539395674355719501e-02
8.540022761462100209e-02
8.540693902963709949e-02
8.541570526951759723e-02
8.542013229666960139e-02
8.542476474082369431e-02
8.543747178127310271e-02
8.544553660072690127e-02
8.545470576015160025e-02
8.546375762922500674e-02
8.547073630253619603e-02
8.547410825965559567e-02
8.548123016558480114e-02
8.549169030303230277e-02
8.550241107487339953e-02
8.550975045133729635e-02
8.551734830919409391e-02
8.552545988349330441e-02
8.552923277961470283e-02
8.553976469473149880e-02
8.554597297084909346e-02
8.555152148544689639e-02
8.555860633076040056e-02
8.556124595462440141e-02
8.556664646098420535e-02
8.556558547077069976e-02
8.557073616598399879e-02
8.557687903238130056e-02
8.558196331417020075e-02
8.557929848931100647e-02
8.558509911123589331e-02
8.558677909078579726e-02
8.559176360645970316e-02
8.559025262422309543e-02
8.559131969181039967e-02
8.559736275246940251e-02
8.559808498965790213e-02
8.559558844788039966e-02
8.558912338773649875e-02
8.558716511826479356e-02
8.558855958247689466e-02
8.558337402381099857e-02
8.558165472124129591e-02
8.557507491419459600e-02
8.557183850581999429e-02
8.556672668247809754e-02
8.556185062057150570e-02
8.555738092458049782e-02
8.555047497279590074e-02
8.554398895203199626e-02
8.553633337840520212e-02
8.552997357231059694e-02
8.551897650083699343e-02
8.550877172359530598e-02
8.550157337148320269e-02
8.549198994906330451e-02
8.548625462119449625e-02
8.547526591528180340e-02
8.546220634532400440e-02
8.545413190132590542e-02
8.544651991930760082e-02
8.544145286527489447e-02
8.543309739930740609e-02
8.542120788614969429e-02
8.541335705250799326e-02
8.540231055437209895e-02
8.539408668780899825e-02
8.538818687588889400e-02
8.538034496241080074e-02
8.537122944454129947e-02
8.536048601384610413e-02
8.535156642434230112e-02
8.534040864730089992e-02
8.533615442769500181e-02
8.532518627867559380e-02
8.531805173447430668e-02
8.530958266241170374e-02
8.529927262017990286e-02
8.528946430285060110e-02
8.527752671131129392e-02
8.526760650364119398e-02
8.526284205913289838e-02
8.525081189247860070e-02
8.524199482940550410e-02
8.523665706639770023e-02
8.522683301118659516e-02
8.521423139594680451e-02
8.520754686293299796e-02
8.519817741444249415e-02
8.519008324740799665e-02
8.518367587624399440e-02
8.517567037240120209e-02
8.516566985560460046e-02
8.515407182912880513e-02
8.514702284218600425e-02
8.514200971793779715e-02
8.513616525379109901e-02
8.513120770501300671e-02
8.512028874544770585e-02
8.510938531337700064e-02
8.510679686823099943e-02
8.509805893188790438e-02
8.509664835541390360e-02
8.509049773891409763e-02
8.508238896360870163e-02
8.507553635898619515e-02
8.506979011182179418e-02
8.506600267792910341e-02
8.506329402567400222e-02
8.505721697030679818e-02
8.505458553147760004e-02
8.505012596964910132e-02
8.504513403722560594e-02
8.504184394487669663e-02
8.503982204092690178e-02
8.503703697181799748e-02
8.503965341646189946e-02
8.503725814275220340e-02
8.503584646416950665e-02
8.503408920456559383e-02
8.503352267211650162e-02
8.503287666827590019e-02
8.503533241009220145e-02
8.503480007123359607e-02
8.503593609496319650e-02
8.503624573015740318e-02
8.504031757147549608e-02
8.504003665661509503e-02
8.504333419571369346e-02
8.504315961436420546e-02
8.504618869570129691e-02
8.505060641475049865e-02
8.505752446349329476e-02
8.505832993258480301e-02
8.506246026945170347e-02
8.506748279973559701e-02
8.506798019831489366e-02
8.507205336196159429e-02
8.508097239317299887e-02
8.508624032183140229e-02
8.509025828850780293e-02
8.509531944013179472e-02
8.509938067032049580e-02
8.510475037923150021e-02
8.511416608527809513e-02
8.512184438751199678e-02
8.512845672855309798e-02
8.513113977791289533e-02
8.514165737194090422e-02
8.514782374733090298e-02
8.515619249122349799e-02
8.516519314633340387e-02
8.516871703326109322e-02
8.517959946178910169e-02
8.518390686266939793e-02
8.519561778125729623e-02
8.520203991578580160e-02
8.520779910901460363e-02
8.521638098670650252e-02
8.522829286759379952e-02
8.523204508142749602e-02
8.524102936811739362e-02
8.525022037319429646e-02
8.526037302311549604e-02
8.526745392495430065e-02
8.527738394807869715e-02
8.528836687673380101e-02
8.529284901478810521e-02
8.530545439069700531e-02
8.531506652258250001e-02
8.532811994064029570e-02
8.533950634520209855e-02
8.535209303554129601e-02
8.536254019683389704e-02
8.537999143210379949e-02
8.539007490185769600e-02
8.540711476781150113e-02
8.541999029830389667e-02
8.543146067085470585e-02
8.544765876661339354e-02
8.545784867323739931e-02
8.547077509140910134e-02
8.547909339946839491e-02
8.549632238044339860e-02
8.550943095236709923e-02
8.552194713288370498e-02
8.553806304004769878e-02
8.554640866776709596e-02
8.556075164758700224e-02
8.557464529212770177e-02
8.558959796014280197e-02
8.560769232458199929e-02
8.562282504922230641e-02
8.564511191775960042e-02
8.566064317715889331e-02
8.567706240846539867e-02
8.569096620059929448e-02
8.571072691679500200e-02
8.572477563397550016e-02
8.574254589099189472e-02
8.575807568447600671e-02
8.577500504740999399e-02
8.578706019189520637e-02
8.580614291975190155e-02
8.582722386038109386e-02
8.584283129799340217e-02
8.586211979343240375e-02
8.587983907463600519e-02
8.589621381761429475e-02
8.591247595020759520e-02
8.593066526874540423e-02
8.594782105760109814e-02
8.596663322510500471e-02
8.598535208513899408e-02
8.599772974566760597e-02
8.601538836336000693e-02
8.602817155655430315e-02
8.604573396023010301e-02
8.606006321310590013e-02
8.607717715215100485e-02
8.609091002101129653e-02
8.610431790779969619e-02
8.611444836722670360e-02
8.612600293567239385e-02
8.613884004804389649e-02
8.614970927122550526e-02
8.616157662867460210e-02
8.617189613134719484e-02
8.617972569056470133e-02
8.618620359138740028e-02
8.619188147291030611e-02
8.620202890292449904e-02
8.620880537449369940e-02
8.621725011132459759e-02
8.622408040612750124e-02
8.622639419689749618e-02
8.623001947567200676e-02
8.623512048848290534e-02
8.624002532452970660e-02
8.624583086340030513e-02
8.625172162559939515e-02
8.625566932813709398e-02
8.625658149734440061e-02
8.626116246803440524e-02
8.626311248640500251e-02
8.626494249383069579e-02
8.627040660751039702e-02
8.627343697023469316e-02
8.627565887325450156e-02
8.627628937823660082e-02
8.627680379085740647e-02
8.627951623575590145e-02
8.628114493399209606e-02
8.628698015308459979e-02
8.628995705327340004e-02
8.628981108404540357e-02
8.629383308991360468e-02
8.629426550899299553e-02
8.629903163546280564e-02
8.630240112725029444e-02
8.630766133877519619e-02
8.631035482845250684e-02
8.631138225611889592e-02
8.631089829072000064e-02
8.631163647877830580e-02
8.631546560209070462e-02
8.631789672023940097e-02
8.632058922076059349e-02
8.632124840719329617e-02
8.632161674786030525e-02
8.631812351563969421e-02
8.632075029847409431e-02
8.631933488393180032e-02
8.631965782786230057e-02
