5.669563465670789809e-02
5.746638783259529898e-02
5.824097554495250018e-02
5.893922824906099728e-02
5.964488525107569661e-02
6.031547326873289844e-02
6.105222109119529811e-02
6.180614067007379753e-02
6.232343799759620245e-02
6.345840779915619401e-02
6.415845795403550544e-02
6.487452988707130552e-02
6.554066847642600613e-02
6.617538583702070598e-02
6.686041834506149806e-02
6.755184605116210106e-02
6.827792258823109361e-02
6.874329924825670068e-02
6.933130523182949589e-02
6.991575715267550617e-02
7.046813154694080150e-02
7.103927566955099693e-02
7.162453410945980592e-02
7.214789429399010023e-02
7.269840738461440244e-02
7.332134331399510485e-02
7.394175307360320581e-02
7.453264070179620171e-02
7.510547627827519890e-02
7.559925374633019723e-02
7.611381448706920627e-02
7.656563233127869350e-02
7.715787178052090078e-02
7.776041637989010435e-02
7.831302012775299970e-02
7.888745086831930320e-02
7.934060307682110069e-02
7.982205876136040656e-02
8.023554545579179853e-02
8.072410272058999636e-02
8.125919738412970550e-02
8.178183446981550364e-02
8.228587053446499711e-02
8.273013889167249446e-02
8.308898569690259528e-02
8.350243033684749683e-02
8.392405283664350346e-02
8.439437987241180106e-02
8.496917291202399358e-02
8.550161181161139434e-02
8.600956866614099805e-02
8.645651969421970506e-02
8.670766931790239995e-02
8.705233414229510136e-02
8.747005433684890141e-02
8.793456912268469983e-02
8.829883937128679694e-02
8.869283108437249485e-02
8.901686783025390681e-02
8.929897625134949890e-02
8.965903158208529677e-02
8.993951133354720351e-02
9.020949200433650561e-02
9.059148642287730147e-02
9.081236537105449869e-02
9.112717818165369521e-02
9.124551954461239400e-02
9.156136281591610582e-02
9.211461509458170049e-02
9.218685088569940345e-02
9.234108548267939975e-02
9.251904904017180242e-02
9.286652176261550595e-02
9.301016162698809431e-02
9.339303421953680517e-02
9.350553822023249806e-02
9.389543584653760322e-02
9.389920939052770477e-02
9.405316661982469906e-02
9.421731103727619405e-02
9.448036553974800689e-02
9.461320640122279635e-02
9.473945672350639335e-02
9.499734196141039477e-02
9.514601869486739860e-02
9.529656654074210309e-02
9.530361308974390211e-02
9.542461929779740004e-02
9.564000049390529445e-02
9.581318095995769446e-02
9.599210898503969525e-02
9.610016153333800215e-02
9.618929621019650655e-02
9.629541925623349985e-02
9.641232218337660032e-02
9.646533055775979859e-02
9.659613218606090401e-02
9.665275081604389473e-02
9.674150049007250451e-02
9.677988815048009508e-02
9.683195087151019731e-02
9.683320912509059408e-02
9.690562078598589923e-02
9.695635367780690295e-02
9.694243725678680645e-02
9.702067998137720028e-02
9.710726549445899969e-02
9.707517977344549964e-02
9.708292985211719461e-02
9.706580652590279801e-02
9.713923752202620332e-02
9.714531997079420278e-02
9.714224539340589326e-02
9.714004897271000250e-02
9.717227842360399992e-02
9.712773856915379866e-02
9.716096113675759538e-02
9.712996108187009481e-02
9.707636057012740405e-02
9.709866641673349508e-02
9.700459234719420454e-02
9.701508943479529579e-02
9.702680896537979605e-02
9.686278042020719792e-02
9.681630636612889584e-02
9.676007316900850364e-02
9.686861517361990137e-02
9.641931406092760226e-02
9.660993331505600412e-02
9.637767126239610294e-02
9.634022090662390514e-02
9.627598288180949648e-02
9.642952971913129612e-02
9.651184867663580025e-02
9.650572838750019755e-02
9.637467680167499662e-02
9.646993591076789831e-02
9.623583111951369840e-02
9.613349384454200619e-02
9.616757261799180334e-02
9.604027222641710326e-02
9.597007243236209406e-02
9.586941670404849902e-02
9.581341317505490118e-02
9.568535735574909551e-02
9.553391974140600096e-02
9.543251357030109461e-02
9.534163645057319725e-02
9.522020922230380047e-02
9.508220255172850077e-02
9.485982934328940352e-02
9.479532185964159585e-02
9.464399633618010566e-02
9.454508671687690546e-02
9.447761976855970079e-02
9.429421312699880209e-02
9.424484548159850483e-02
9.409664727807920404e-02
9.399946637176480324e-02
9.385204110291479884e-02
9.369384315703209454e-02
9.361887212411310055e-02
9.349325540961429815e-02
9.336991942742549344e-02
9.319032091841999987e-02
9.308624568810139333e-02
9.292864309922320432e-02
9.279892148638860250e-02
9.263247629037439645e-02
9.252995229769270247e-02
9.234769871415199338e-02
9.222801347286080365e-02
9.205296980356049430e-02
9.190927538131669905e-02
9.178833801952510085e-02
9.160924350689569895e-02
9.145515454049539528e-02
9.131440317443829946e-02
9.116190908507769419e-02
9.097708233622539553e-02
9.077374368093960033e-02
9.060315450388099767e-02
9.046041102105190079e-02
9.028630352065460107e-02
9.011211444433550599e-02
8.992673678952760319e-02
8.980626637787990363e-02
8.960215614225630620e-02
8.938785123153519807e-02
8.928291739895810597e-02
8.908043367895490672e-02
8.891719336425960019e-02
8.875676925170490617e-02
8.857727659694279720e-02
8.842146086971920671e-02
8.825782171458640413e-02
8.808443887685760143e-02
8.794627237816890486e-02
8.780162721728719533e-02
8.764192751845960305e-02
8.748685679727069564e-02
8.732354898457800330e-02
8.717147847390599447e-02
8.702118338383819929e-02
8.687954119652339935e-02
8.675980933682919671e-02
8.658153770101670310e-02
8.643826653575589769e-02
8.630271157506019808e-02
8.616191062130749978e-02
8.602505766158269340e-02
8.588678814026480535e-02
8.574905098842119933e-02
8.561765436225569903e-02
8.547341449742970609e-02
8.536341304825159626e-02
8.522625901780950253e-02
8.511111887596489733e-02
8.497482125940669651e-02
8.486749401817429705e-02
8.477238729917049853e-02
8.460918675849410375e-02
8.453478919089950361e-02
8.441268758513520432e-02
8.431199069701690585e-02
8.419420494366920693e-02
8.407883536770950628e-02
8.399007778641350008e-02
8.391646412512779318e-02
8.381210729545120197e-02
8.372617633321059738e-02
8.363884815959579666e-02
8.353427429267949733e-02
8.348299328348919579e-02
8.340971789324690133e-02
8.330778767368189619e-02
8.326236698145120241e-02
8.316602723788310558e-02
8.310393241541789988e-02
8.307547946579320330e-02
8.298246950163210012e-02
8.293939820824050568e-02
8.286217994627309569e-02
8.284099216273929644e-02
8.274927301800839852e-02
8.271730242647959419e-02
8.266980456285269452e-02
8.264342684677369877e-02
8.258574149313689661e-02
8.256974528905300370e-02
8.251973305077230092e-02
8.249749708484760413e-02
8.246194045471050282e-02
8.242441825721119608e-02
8.240559014096850154e-02
8.235045255686490595e-02
8.234366283283769961e-02
8.232020643703040486e-02
8.230762148926740185e-02
8.229698477985669669e-02
8.227737006861539359e-02
8.227683406880040295e-02
8.227209752405560683e-02
8.229031547235420019e-02
8.228889646940309999e-02
8.226904141467790421e-02
8.227073112939149724e-02
8.227133092607709364e-02
8.228562752978549333e-02
8.227224272397229421e-02
8.225569769543279730e-02
8.227883167965739653e-02
8.227838869545689438e-02
8.228913141897120642e-02
8.230852761817020191e-02
8.231597296379490614e-02
8.235664094416719760e-02
8.235814580218360492e-02
8.235787644933270646e-02
8.241748510848580234e-02
8.243101308310339659e-02
8.246560836257299520e-02
8.247846714446920025e-02
8.251316903536549952e-02
8.255496671449590040e-02
8.257484564858359743e-02
8.262020877386880291e-02
8.267280033555229890e-02
8.271724926624129948e-02
8.274887029221479617e-02
8.280157924122430457e-02
8.282639392213199392e-02
8.289212665672429647e-02
8.294381236733290585e-02
8.295879861538189848e-02
8.304228870566479626e-02
8.309732115143339537e-02
8.314557260445229470e-02
8.321608140783290364e-02
8.326794935892649352e-02
8.334867399903160556e-02
8.340475259995140667e-02
8.348563416815130145e-02
8.355879885675379648e-02
8.360348385884100453e-02
8.368688355494549591e-02
8.375942860355969910e-02
8.379989100587330320e-02
8.388454962500480061e-02
8.395944425760140661e-02
8.401026296042210517e-02
8.410583100445749583e-02
8.417793293590800086e-02
8.424259795989200161e-02
8.432348778722779936e-02
8.438321732313319723e-02
8.447510717042129580e-02
8.457452189928499342e-02
8.467239090187610173e-02
8.472837799288659988e-02
8.478504949517870481e-02
8.487749300759479809e-02
8.496064753985220486e-02
8.506440806628390305e-02
8.513481233582670393e-02
8.520937263385790217e-02
8.530842535802589388e-02
8.537585344474890592e-02
8.547843049228590062e-02
8.555631658853370125e-02
8.564759075976299818e-02
8.573155891103820259e-02
8.580745557121259581e-02
8.587375832839040657e-02
8.600830295858910568e-02
8.606583407460130508e-02
8.614165421846829707e-02
8.622692901845349644e-02
8.632351237530419552e-02
8.640001459438280407e-02
8.645553333157079967e-02
8.654687863597139430e-02
8.662563714354069855e-02
8.669495357269549340e-02
8.681065286885300547e-02
8.686142655234199705e-02
8.695468090579959453e-02
8.702666806599160254e-02
8.708809960799250571e-02
8.718513719064820144e-02
8.724470633599550051e-02
8.730805112742140439e-02
8.737414714188859732e-02
8.747697049272880332e-02
8.750779443864069307e-02
8.759795034342980624e-02
8.765025007111069966e-02
8.772006034644680428e-02
8.778022622418600596e-02
8.785818329372180324e-02
8.791349297429920662e-02
8.797535235672690468e-02
8.801614690586190282e-02
8.807876717007380452e-02
8.811456084632279806e-02
8.818627708288490075e-02
8.829120791867639539e-02
8.830906807200300523e-02
8.838712878535870399e-02
8.842151006218540443e-02
8.847382108990349547e-02
8.854227930163109661e-02
8.857748525181040333e-02
8.865212575827470520e-02
8.868851684787310008e-02
8.873793514026620532e-02
8.879443040068070447e-02
8.880827914637789977e-02
8.887237508990220025e-02
8.891761742649720301e-02
8.896431134500039362e-02
8.898718108329760346e-02
8.906278588530010254e-02
8.906235338022769343e-02
8.913173213739640499e-02
8.913482478086259819e-02
8.916075031711880039e-02
8.923325508434000464e-02
8.925636635601780222e-02
8.928888905360070349e-02
8.932357305081860266e-02
8.938733087234949914e-02
8.940096041379790026e-02
8.943023486202329730e-02
8.946778952535479335e-02
8.949551771225880414e-02
8.950594603002269556e-02
8.952394505288779891e-02
8.954687888800449969e-02
8.957574350278769970e-02
8.958269567990810589e-02
8.962365558042989511e-02
8.959872368952459531e-02
8.963656992049340300e-02
8.964982114350020237e-02
8.966330364047229995e-02
8.966113335456679656e-02
8.968860402820010014e-02
8.972418465673230592e-02
8.972100933900259423e-02
8.972005094241169987e-02
8.972833045125759577e-02
8.972622899320240042e-02
8.973337774997769412e-02
8.973113389141509910e-02
8.969798704455389515e-02
8.969466012245540243e-02
8.967350272413460166e-02
8.965974379596210186e-02
8.963039908904009423e-02
8.960420766267070125e-02
8.958561022029930265e-02
8.952670181240429681e-02
8.950655636181810426e-02
8.944609334262450251e-02
8.942246122905639361e-02
8.939955503535600145e-02
8.931996668601960288e-02
8.928958922318980251e-02
8.925539463759940562e-02
8.920454032729900617e-02
8.913365552603820519e-02
8.910576609769629841e-02
8.902828472965849949e-02
8.898335485929299848e-02
8.890550516377719592e-02
8.884328898432830579e-02
8.876162382109389903e-02
8.871497330959260408e-02
8.864873092475779315e-02
8.858723908861440566e-02
8.851887112044469486e-02
8.843480668170650150e-02
8.838909390048049763e-02
8.832892877029779877e-02
8.824186721346459483e-02
8.817245262168089959e-02
8.810253305633029830e-02
8.802305934497670070e-02
8.797599658002409895e-02
8.788135469552460499e-02
8.782955869720919517e-02
8.776964456170729956e-02
8.770360206660800240e-02
8.762149031410819411e-02
8.754732232274770043e-02
8.750086372520039790e-02
8.744257973235980419e-02
8.737033553374480566e-02
8.728950601725769809e-02
8.720031604540050274e-02
8.717753586190790660e-02
8.708368913248079601e-02
8.704527139183369788e-02
8.697064083667230272e-02
8.689292376161560083e-02
8.685129405869500274e-02
8.677311822652800100e-02
8.670175255771719880e-02
8.665407009260399362e-02
8.659769901304850692e-02
8.650532475282360356e-02
8.646448399183830069e-02
8.639361426748809469e-02
8.633989525701679657e-02
8.628546041589399418e-02
8.623286792234119424e-02
8.615340121607710511e-02
8.608369512315740268e-02
8.602848295773979359e-02
8.596609858524209558e-02
8.590309944991460223e-02
8.584942567816160330e-02
8.580367238866129509e-02
8.573289009470040634e-02
8.568474472747829307e-02
8.561794377837660119e-02
8.555313895471000629e-02
8.548748954466089955e-02
8.541071151457990673e-02
8.538108891780099574e-02
8.532019636381750483e-02
8.526256380645519384e-02
8.519235011872780539e-02
8.517198005763060298e-02
8.507965838904670008e-02
8.501673976415570488e-02
8.496855696557190085e-02
8.492383006670099765e-02
8.486338601388139502e-02
8.481730978185189618e-02
8.473996198255449863e-02
8.467141970095830306e-02
8.462894891698370670e-02
8.459843635182749677e-02
8.454925108659319677e-02
8.447511793207650166e-02
8.442897283986780521e-02
8.437969612630340233e-02
8.433501962946360342e-02
8.426780277557349708e-02
8.424470984344539781e-02
8.418335896769550686e-02
8.411344330242939704e-02
8.407928423183010092e-02
8.405126195380800691e-02
8.399815904152679868e-02
8.396708824538909322e-02
8.391006786943329410e-02
8.386505791305839952e-02
8.380919769911529538e-02
8.380234731815540405e-02
8.374139113292310144e-02
8.371242155082370129e-02
8.369271497722470532e-02
8.363841871286209484e-02
8.361829150884779460e-02
8.355039080685060238e-02
8.354156574942669944e-02
8.351443491634309713e-02
8.347976995996400640e-02
8.343923733572740364e-02
8.340903279178710217e-02
8.338501812511500688e-02
8.335880742123520648e-02
8.332825261526290161e-02
8.331764460987099719e-02
8.330306020984430682e-02
8.328825696615620167e-02
8.326388788481769998e-02
8.324554958627429502e-02
8.324714817176269432e-02
8.322315221818360476e-02
8.322040550740919529e-02
8.322282767124880576e-02
8.321196554607679374e-02
8.321168557899899509e-02
8.318671725582629795e-02
8.318311755409679709e-02
8.320840435418690173e-02
8.319801245983539373e-02
8.319841736571340074e-02
8.320951989488850620e-02
8.322252912228600419e-02
8.322985626620979516e-02
8.322125846813280270e-02
8.324816060649449512e-02
8.327310784299850333e-02
8.328781229277659737e-02
8.331028624931030580e-02
8.331868650268310639e-02
8.334913311811820158e-02
8.335507587049589828e-02
8.339432557124569489e-02
8.342894002662429309e-02
8.345551767819760214e-02
8.349157027027399869e-02
8.353694689117380223e-02
8.354940041379919913e-02
8.361823299851839364e-02
8.365181768616200553e-02
8.369746983396809947e-02
8.374249288855670215e-02
8.378787897125819506e-02
8.384599797254649323e-02
8.387833441643370580e-02
8.394435138305940403e-02
8.399233849838400046e-02
8.405004178529940084e-02
8.411993957863959925e-02
8.418710404438670136e-02
8.425132416248999612e-02
8.429698689875439466e-02
8.437404435527090518e-02
8.446453077558120637e-02
8.450942555772769649e-02
8.458347151582540357e-02
8.465886140512919600e-02
8.472696934790799328e-02
8.480949341512150630e-02
8.488402461790600650e-02
8.495285872956830076e-02
8.502398113063069918e-02
8.512437436818559577e-02
8.520939518072659369e-02
8.526722978371860384e-02
8.534870717921670680e-02
8.542185300986220031e-02
8.553159204498969603e-02
8.563251234661929667e-02
8.569630480612920598e-02
8.580785479520519621e-02
8.587324546698039962e-02
8.597154273752180553e-02
8.604584011610190430e-02
8.613224109486400382e-02
8.620905352376059816e-02
8.630920724331909988e-02
8.639289467292149416e-02
8.649368322385560248e-02
8.656774037869779947e-02
8.668991953105299741e-02
8.677255203763900582e-02
8.685309004075590644e-02
8.692464227539739574e-02
8.702999728327620588e-02
8.711520876839409788e-02
8.720223030162879696e-02
8.730136048088620038e-02
8.740839854931529984e-02
8.751656598267160136e-02
8.762693482139140289e-02
8.770261311497279388e-02
8.778301843516189695e-02
8.787577756777389948e-02
8.796949911256339572e-02
8.804914703969039802e-02
8.816789126672010257e-02
8.823102459001069819e-02
8.832121871152119608e-02
8.836437786463639810e-02
8.840967004825109332e-02
8.847135393116820068e-02
8.850404737090279694e-02
8.855178669765489952e-02
8.860006226154819309e-02
8.865832832185449597e-02
8.872456070127969496e-02
8.879148887462759432e-02
8.889064310245479994e-02
8.896826908108269871e-02
8.904637189077679871e-02
8.909440489817900544e-02
8.917290774387859331e-02
8.929269551678159500e-02
8.937020771555119480e-02
8.942685732314280267e-02
8.946175245704160450e-02
8.902009593850999936e-02
8.904964623361059928e-02
8.907276448755399589e-02
8.909354227534750648e-02
8.913196557415520305e-02
8.915673463329459869e-02
8.926223227182110420e-02
8.925823809220520544e-02
8.929573019691450231e-02
8.931944810107719790e-02
8.937171243249450447e-02
8.938027237705180317e-02
8.946355135853280294e-02
8.954379530925460351e-02
8.954078360261449876e-02
8.956987516870200394e-02
8.954705304470279847e-02
8.953127238298119739e-02
8.957343758957660163e-02
8.954330354558150129e-02
8.956030932574429726e-02
8.958048753262630448e-02
8.951713755625580193e-02
8.941283715061970616e-02
8.940779290817080227e-02
8.930752044779149967e-02
8.924640008581080641e-02
8.925501591741009932e-02
8.927823959589339942e-02
8.927935444418759470e-02
8.931554211812720023e-02
8.932798504794960126e-02
8.934473448688989849e-02
8.936699302642299447e-02
8.937099963145700432e-02
8.938091991508760603e-02
8.938127573595609776e-02
8.938247741787319622e-02
8.936454952338909741e-02
8.936356631030170639e-02
8.935570831997019514e-02
8.937256019732439660e-02
8.940739212100989874e-02
8.949793515579479442e-02
8.958949770793080136e-02
8.962617823082830171e-02
8.963647057978399446e-02
8.963693737906400227e-02
8.962371235924269930e-02
8.958480771023259737e-02
8.957574741478409319e-02
8.955658153874659910e-02
8.954561051415170503e-02
8.952741775793869594e-02
8.950981636957640319e-02
8.950994773169219931e-02
8.947735009612420298e-02
8.944958289332349821e-02
8.945270362098380057e-02
8.943159353486840324e-02
8.940841554502390598e-02
8.939361286442110144e-02
8.938195961449489635e-02
8.936109138848240263e-02
8.934288301103669727e-02
8.932742971946959487e-02
8.928911520300350513e-02
8.926852301853929750e-02
8.922152532095289912e-02
8.920956138010399661e-02
8.918729745585229907e-02
8.914417944210130396e-02
8.908763602219470223e-02
8.904791514311330425e-02
8.898779106915689907e-02
8.894896698159909798e-02
8.892851488697330054e-02
8.885356548308349922e-02
8.879812673871810558e-02
8.876589442516620576e-02
8.870343763105090207e-02
8.863413038031289770e-02
8.857307137892160565e-02
8.853151347497409396e-02
8.848208430868839680e-02
8.838601497109560556e-02
8.836105269092120462e-02
8.825790344229729467e-02
8.819182103952490082e-02
8.812541151141099760e-02
8.808226348004369322e-02
8.801015537791970211e-02
8.791122302301619673e-02
8.785119284440770504e-02
8.780176252605639831e-02
8.771485565041650667e-02
8.767640121043070167e-02
8.760310542208220308e-02
8.755326446434920362e-02
8.748589947677530565e-02
8.742407106727920207e-02
8.735038245010119662e-02
8.733905980809389402e-02
8.727980292814380148e-02
8.721477407030550633e-02
8.718216376000219314e-02
8.712754938805279681e-02
8.706994353735840464e-02
8.699257835989859799e-02
8.696172561553749958e-02
8.692678780389030690e-02
8.685360121282140189e-02
8.683132183067919507e-02
8.677037483032749854e-02
8.674801374946890242e-02
8.670959843450350146e-02
8.666984477328890102e-02
8.662817567236970329e-02
8.659424084347240591e-02
8.651550393139720296e-02
8.648392193288040319e-02
8.643377464973789337e-02
8.640280214986689744e-02
8.638644386135700681e-02
8.634646404653130436e-02
8.630128325132879752e-02
8.623785118887709877e-02
8.620730408220300678e-02
8.617144600601360505e-02
8.614141514310129366e-02
8.611070263995179719e-02
8.608830998065369888e-02
8.607363768922890457e-02
8.603868002597410414e-02
8.600412274894220221e-02
8.595944878575030590e-02
8.593032734267250228e-02
8.592121869995189565e-02
8.585919203930239552e-02
8.584559857698730034e-02
8.583625125487559515e-02
8.580497522233469787e-02
8.577581554961509480e-02
8.577507738439479890e-02
8.573194966219289948e-02
8.572867469888829917e-02
8.569262796873830523e-02
8.566716971849909490e-02
8.565338319722680394e-02
8.563303866359049665e-02
8.561445031205519585e-02
8.557928979099510558e-02
8.559797469021389327e-02
8.554263598388529843e-02
8.554134464640039681e-02
8.551344335917800132e-02
8.548705121162200604e-02
8.549244239856479410e-02
8.548788724682850060e-02
8.545302607190849442e-02
8.544541550479729797e-02
8.544178238514600621e-02
8.541222174681950552e-02
8.540622116968339672e-02
8.537099288067970249e-02
8.538022421522070693e-02
8.537478781389350180e-02
8.534949918228129651e-02
8.531864861882840212e-02
8.532313734632410163e-02
8.528976829671940096e-02
8.532853747578829362e-02
8.531117183977199314e-02
8.529671423345359937e-02
8.527759298562530288e-02
8.526762075263390195e-02
8.526950937337660075e-02
8.525469909305760652e-02
8.526799486202550626e-02
8.525911907419760072e-02
8.523918822520669403e-02
8.523090057694709953e-02
8.525296650487440564e-02
8.524539167720239508e-02
8.522382626247579362e-02
8.521448143839159550e-02
8.521569610755549973e-02
8.521315769765830384e-02
8.520887768154590536e-02
8.518883222535769684e-02
8.520739719197230333e-02
8.518865808273400064e-02
8.521109856674849437e-02
8.520951867298540150e-02
8.518240890230870110e-02
8.520776065676030631e-02
8.519538106518059761e-02
8.521281684975569315e-02
8.520042688387040319e-02
8.520729147231130562e-02
8.521232280202800657e-02
8.518533492602189949e-02
8.517578208253530347e-02
8.520454012148159784e-02
8.516672219868159921e-02
8.517825953566679487e-02
8.518453458310989990e-02
8.521704567134880115e-02
8.521247721800490060e-02
8.517634706757840068e-02
8.518896638243779462e-02
8.518375910813280605e-02
8.519845350204249823e-02
8.523096639179260359e-02
8.521602628900090681e-02
8.521319970761119522e-02
8.523979892883300213e-02
8.522592552465320381e-02
8.523995126435690572e-02
8.520872757824110577e-02
8.522605350305249849e-02
8.523841332066950383e-02
8.522126980690519771e-02
8.521723115865109666e-02
8.524099159121739655e-02
8.523940603495759605e-02
8.523987943938350631e-02
8.524474206630759665e-02
8.525228627035459639e-02
8.523594081774270304e-02
8.524797618536389399e-02
8.525257387266900466e-02
8.524455024419400062e-02
8.529117712112710414e-02
8.527899561641849591e-02
8.527323975478549867e-02
8.529685615785789765e-02
8.528501870481890179e-02
8.526133366552550441e-02
8.528916303173239566e-02
8.530669897075510155e-02
8.528435470358780579e-02
8.531807826040339882e-02
8.532205666728190363e-02
8.532417122133159615e-02
8.531550027082289434e-02
8.532690858784990062e-02
8.535810366948150263e-02
8.532882706133969319e-02
8.536278279313369577e-02
8.536511821719469650e-02
8.535602644757199486e-02
8.535680345104029731e-02
8.536300994108260431e-02
8.536655287164750250e-02
8.538391914484970424e-02
8.538307052141200226e-02
8.539112233147899689e-02
8.542489515523589427e-02
8.542128441438240349e-02
8.540639572106109578e-02
8.544286652149039873e-02
8.543011116758750245e-02
8.545458040966079361e-02
8.547008910592869546e-02
8.547597858594289943e-02
8.548872376757410407e-02
8.549525751976549959e-02
8.552768302332559858e-02
8.551802329149339743e-02
8.555282941538359942e-02
8.554433068042879840e-02
8.553900739527869890e-02
8.553754501004280641e-02
8.554453554356750145e-02
8.559262702644100662e-02
8.557848421711869435e-02
8.560756444218470262e-02
8.563353268032100618e-02
8.560780086747239725e-02
8.565431393930010573e-02
8.563827200906490300e-02
8.567073308367499640e-02
8.564686863385599647e-02
8.569539564033279433e-02
8.571493579138179941e-02
8.572289626495770143e-02
8.573442546530760100e-02
8.572117764034230258e-02
8.571861598734970000e-02
8.577269495204389860e-02
8.577132263130039791e-02
8.575802549251479445e-02
8.578213889989989849e-02
8.578707589344550244e-02
8.582030415621100250e-02
8.579623460680839420e-02
8.585446888528290577e-02
8.584106591233389705e-02
8.583311645584640326e-02
8.584558993673739591e-02
8.587079195923179309e-02
8.587368020731879492e-02
8.591527658712949655e-02
8.588722067777629365e-02
8.592572651174129605e-02
8.593234690859269387e-02
8.591786430122279328e-02
8.595274153466840594e-02
8.596471472505939904e-02
8.595270857728300185e-02
8.595501550263499879e-02
8.599299394448670086e-02
8.599739197409979330e-02
8.599143384264880396e-02
8.599287615397549489e-02
8.599043989198240645e-02
8.601779355049270215e-02
8.601148286971220525e-02
8.603903273528749895e-02
8.604450089560919390e-02
8.605322494851920523e-02
8.605343581026550503e-02
8.609529828423359565e-02
8.607946227699149466e-02
8.610488384708470111e-02
8.612069388199260211e-02
8.612318961039190646e-02
8.612798998024830122e-02
8.613631625675639836e-02
8.617614527046560391e-02
8.617487507372720290e-02
8.618144007155009723e-02
8.621104771106399833e-02
8.622130561148340366e-02
8.623653692411259453e-02
8.625261576487340542e-02
8.627335439074909629e-02
8.628555856657579848e-02
8.625641381227160120e-02
8.631871073626880275e-02
8.634458245996010084e-02
8.636097751322199811e-02
8.640188305558929582e-02
8.639732344753719984e-02
8.641410062085709554e-02
8.643013094184159861e-02
8.644255575932849323e-02
8.643404622246070312e-02
8.644927863528470424e-02
8.648879273687440361e-02
8.651901319146500235e-02
8.650043145645359977e-02
8.653111737708080176e-02
8.654277201253950114e-02
8.654582636360580450e-02
8.655564115039139639e-02
8.654726845833279891e-02
8.654272066181130374e-02
8.655154652729320219e-02
8.656279024903490438e-02
8.655244597626750302e-02
8.655261034759599570e-02
8.656079102575900408e-02
8.650019375499530538e-02
8.648760984052170087e-02
8.647445740086219523e-02
8.645490769871939929e-02
8.641882781878749975e-02
8.637639647026769396e-02
8.636546342567509582e-02
8.633653761557150141e-02
8.633404559161909908e-02
8.628928373941489871e-02
8.630164342688879942e-02
8.629529407327779511e-02
8.627319573752520454e-02
8.619898879709529671e-02
8.635113722751000531e-02
8.627995640639639363e-02
8.634132160071869566e-02
8.634703461285550552e-02
8.635981583059459954e-02
8.636720672858659575e-02
8.643093388478349792e-02
8.640776183897340423e-02
8.644341176608129340e-02
8.643375458171180525e-02
8.646397298129010478e-02
8.647737867327580374e-02
8.649348596916550669e-02
8.651686900144719972e-02
8.651580664676110366e-02
8.656746405588279514e-02
8.652402843940310007e-02
8.659086577061099466e-02
8.655736071782620111e-02
8.656573521819720118e-02
8.655495567248780442e-02
8.654698895018940463e-02
8.658101376674859351e-02
8.660769523039900386e-02
8.659757980904460306e-02
8.658806359795420682e-02
8.659631132817180443e-02
8.659869242494359909e-02
8.659384899913920297e-02
8.661364544369740126e-02
8.661850620028070658e-02
8.663591717517450663e-02
8.664450688012649560e-02
8.664158618179940152e-02
8.663506431151279941e-02
8.663695696262140034e-02
8.665568578144250411e-02
8.667020222117149952e-02
8.666222236793219569e-02
8.667939723414419539e-02
8.669213491692720486e-02
8.668919703806400590e-02
8.669230352986770360e-02
8.671465542285849981e-02
8.671567543391689448e-02
8.668510244003839460e-02
8.672015231496210674e-02
8.673046701096960576e-02
8.674961205269210440e-02
8.674634251763679860e-02
8.673443418489959478e-02
8.677721973256390109e-02
8.678585592931989390e-02
8.678619863085709762e-02
8.680914447419320334e-02
8.682249225443819385e-02
8.681472608866029617e-02
8.683218441827079970e-02
8.682148799547739770e-02
8.681825781032180556e-02
8.685681598725350505e-02
8.685122807898940089e-02
8.684556213093490296e-02
8.684909424480130591e-02
8.685176281784680319e-02
8.688670775354200015e-02
8.687649129115039559e-02
8.685758759604909895e-02
8.687543744913020505e-02
8.691354520077640422e-02
8.689712177503010337e-02
8.692607211683220370e-02
8.692911487179230678e-02
8.693744804175390639e-02
8.693634267281019623e-02
8.693732956349919938e-02
8.695064072724119353e-02
8.695860310522300629e-02
8.696714803359409385e-02
8.697107821639600556e-02
8.697902558459179312e-02
8.699616551628069905e-02
8.696629764209709568e-02
8.698860513777639802e-02
8.698356958266270644e-02
8.699721511751200287e-02
8.699404885445649604e-02
8.699731513882849598e-02
8.697935892220870491e-02
8.696911531499830483e-02
8.698763401699730058e-02
8.699823597278889820e-02
8.694971783141550170e-02
8.695821822279410640e-02
8.697941362528130438e-02
8.699012164921539336e-02
8.695525297201869841e-02
8.693804705315309744e-02
8.687499011085940415e-02
8.682278065067060291e-02
8.685668520526179659e-02
8.684622861980430264e-02
8.682652205214770602e-02
8.679774157177450045e-02
8.677295089971340247e-02
8.676106387155929633e-02
8.675477363577199785e-02
8.671411831291589434e-02
8.674515931636800348e-02
8.668588634136199789e-02
8.667892456217790587e-02
8.663130050408400507e-02
8.654619668133130272e-02
8.648718536022309555e-02
8.638067967339170539e-02
8.642659050770820639e-02
8.642720838974660147e-02
8.644718490356219365e-02
8.648562391857519960e-02
8.657101411644589628e-02
8.662948426410610470e-02
8.665286574220310012e-02
8.668920724019890667e-02
8.671787640054569313e-02
8.672504120314269982e-02
8.675808171228290011e-02
8.679839117965949813e-02
8.678839730647640305e-02
8.677159664717259968e-02
8.679181993741989787e-02
8.677123924525030618e-02
8.675730953160000480e-02
8.674668857302460234e-02
8.675878431962349979e-02
8.674309891180140286e-02
8.674376210035350532e-02
8.671539773677050533e-02
8.671521476845840681e-02
8.669507478198469619e-02
8.669829493697260581e-02
8.667246708087060492e-02
8.665178903203500649e-02
8.665678897609159492e-02
8.661143979599129905e-02
8.663309541652940149e-02
8.658606925294839995e-02
8.658701991160010214e-02
8.656203425419020658e-02
8.656084679136369364e-02
8.653005097182339678e-02
8.652389014280270629e-02
8.649806887944640199e-02
8.649861731814929844e-02
8.649047037438770125e-02
8.646908709309379659e-02
8.641974437158569944e-02
8.642584286612579880e-02
8.640708490791390584e-02
8.637840315660499924e-02
8.639666247741580041e-02
8.637022463942130301e-02
8.633555350495550340e-02
8.633687836915790448e-02
8.633544007591710534e-02
8.630112452668489698e-02
8.630869290105949720e-02
8.630599500725920359e-02
8.627972680905300618e-02
8.627500119327870254e-02
8.626918584300659332e-02
8.624453925941069632e-02
8.623496098894040118e-02
8.622423295890370432e-02
8.621100215929819455e-02
8.622098101207130438e-02
8.619524273618030252e-02
8.621168400278589328e-02
8.619402667354919556e-02
8.616522925053149429e-02
8.618013534508650597e-02
8.618633500267000591e-02
8.618408655507600602e-02
8.616551489675980391e-02
8.615990504940410077e-02
8.613484756778770624e-02
8.615288250656480407e-02
8.613491892725959331e-02
8.615769153358260324e-02
8.615536279689679777e-02
8.613624776424859408e-02
8.612395892945119702e-02
8.612009108645039823e-02
8.614306114173220230e-02
8.615300395077850337e-02
8.613859681221990028e-02
8.614672220918659362e-02
8.614323681360630536e-02
8.616586753751309669e-02
8.617453640376010471e-02
8.616044981239759371e-02
8.618054358471030629e-02
8.613905150873860106e-02
8.615716655228859711e-02
8.620711618418090694e-02
8.619854053723720322e-02
8.617991382585220295e-02
8.620157260195569771e-02
8.618220437573570480e-02
8.618246407605180404e-02
8.620073770332570273e-02
8.618065171619759823e-02
8.615928031445460600e-02
8.617140962865399434e-02
8.616484426933319896e-02
8.621098790102589560e-02
8.615130992300069901e-02
8.616313438791030344e-02
8.618243203853380441e-02
8.614096117775449368e-02
8.612994610981400401e-02
8.612569328535020496e-02
8.612675077660829348e-02
8.610696523493320542e-02
8.610951324944640661e-02
8.608768807545419399e-02
8.609977367916410440e-02
8.608505120296139346e-02
8.605327793887809773e-02
8.605037894836989332e-02
8.603053475416870544e-02
8.604204590102100536e-02
8.603266719242989857e-02
8.602829579323019449e-02
8.600499410192789795e-02
8.600867001150390434e-02
8.598956321543249626e-02
8.598600279079800235e-02
8.597433846320219619e-02
8.599567933361010330e-02
8.598774263455180589e-02
8.598647665081020353e-02
8.595792293075109336e-02
8.596662018400040572e-02
8.597731723599680298e-02
8.599516934330160567e-02
8.599757564658519482e-02
8.596280317955050376e-02
8.599465745969719910e-02
8.599912929509480330e-02
8.599566208541140067e-02
8.600286906904139328e-02
8.600811595228309570e-02
8.597084646488240001e-02
8.601561322855409697e-02
8.600463866827839921e-02
8.603682610921309371e-02
8.602560303132729402e-02
8.603239580938359943e-02
8.601882167823450553e-02
8.604370381421419522e-02
8.603737682532100473e-02
8.602219050733370120e-02
8.603933834320300067e-02
8.603164906377379351e-02
8.603835684461839939e-02
8.605125659153700646e-02
8.603157414110010337e-02
8.601508209990429976e-02
8.607746992191589452e-02
8.604804349483770320e-02
8.604403038077100552e-02
8.603911933184030247e-02
8.603850824802250497e-02
8.599934012760170055e-02
8.601816573991949433e-02
8.605168594870819809e-02
8.598753009219750609e-02
8.601694634655959737e-02
8.606828009773799526e-02
8.600970876768300466e-02
8.603660504028369516e-02
8.603211087460529982e-02
8.603631053398590189e-02
8.604242392197070100e-02
8.600703492532579819e-02
8.604394318812569331e-02
8.603935068317160317e-02
8.605495490145509407e-02
8.606433095116500231e-02
8.605018187148520681e-02
8.601550561664740580e-02
8.605739502611629843e-02
8.604376013495119990e-02
8.606823981028489945e-02
8.604471635715869871e-02
8.605250765322540463e-02
8.605831155094180451e-02
8.604275457271390315e-02
8.606498381811029941e-02
8.608442588706069487e-02
8.607118557928690461e-02
8.607606282062159331e-02
8.608248347193439565e-02
8.610597678213610662e-02
8.608786948314449405e-02
8.612282661129580519e-02
8.613267904260900332e-02
8.610644456894429866e-02
8.612916827536890030e-02
8.613652603411700581e-02
8.611893297289910376e-02
8.609680358882669526e-02
8.612912809088689448e-02
8.611150974595649377e-02
8.609997711577900559e-02
8.612700815350679551e-02
8.611589623944120031e-02
8.611020003082660301e-02
8.608510986476540505e-02
8.610627450960310625e-02
8.607604732803660064e-02
8.607365304120390137e-02
8.607168369689570386e-02
8.608701553463039835e-02
8.606774637039199538e-02
8.604672980132560545e-02
8.604049705036989626e-02
8.607083672326840129e-02
8.605667944495500044e-02
8.603329701509170035e-02
8.601892483074949358e-02
8.602800113427509776e-02
8.603232185248380071e-02
8.605188306498019746e-02
8.601510141238309648e-02
8.599698658475700419e-02
8.600003465722889928e-02
8.599610320950749898e-02
8.598930094661799695e-02
8.597424336286560442e-02
8.598982144053420040e-02
8.597049063727059404e-02
8.596889076294900178e-02
8.594680919287550624e-02
8.596825616359950184e-02
8.594596328389809969e-02
8.594953460655230248e-02
8.595992496506180136e-02
8.593711506928289334e-02
8.592599195274920609e-02
8.593921881933390405e-02
8.594047918735800429e-02
8.590634682834219493e-02
8.594706890598939608e-02
8.593193663959350359e-02
8.592311020890019968e-02
8.592440744533690056e-02
8.592054000240009759e-02
8.592294367322139692e-02
8.589554742647209640e-02
8.593130468411909473e-02
8.592953466342659330e-02
8.592527034515670681e-02
8.594109578415649875e-02
8.590375844226340318e-02
8.592732080454500154e-02
8.591742938410350250e-02
8.594329857971809428e-02
8.593123690130849424e-02
8.592745818484649745e-02
8.590549123574130197e-02
8.592559746480070426e-02
8.592734307159199947e-02
8.591569422535770550e-02
8.594453167688549666e-02
8.592961267620509436e-02
8.592686929864079559e-02
8.593821503077560264e-02
8.590579777046679355e-02
8.594743670076229747e-02
8.593434731047169817e-02
8.594209379420320039e-02
8.592277687838249800e-02
8.591272239612139650e-02
8.590937641861830232e-02
8.592532461654560361e-02
8.590902115092249880e-02
8.590912346612540607e-02
8.592405619506650327e-02
8.592174290084189647e-02
8.590957360289699918e-02
8.589343829872310432e-02
8.591519812373789311e-02
8.591202785315860124e-02
8.593495192965559804e-02
8.592023996526959584e-02
8.591454618658919684e-02
8.593290934288069782e-02
8.591110530787800237e-02
8.591427092633209528e-02
8.589801395639469483e-02
8.591247838524640468e-02
8.592005825203420655e-02
8.590176649321749902e-02
8.590318182067380182e-02
8.588570320819949311e-02
8.590746706132319777e-02
8.589550165621830102e-02
8.590117746574670032e-02
8.589289298172819720e-02
8.587064922644679910e-02
8.586020882193400039e-02
8.588775110886770481e-02
8.586265930025839543e-02
8.586122373975080269e-02
8.586807924517210477e-02
8.586893045601870500e-02
8.588565471712560073e-02
8.583740281747820333e-02
8.583321828757850547e-02
8.580908766509219576e-02
8.580510044937079972e-02
8.580437498737120139e-02
8.579516120797529843e-02
8.579486878736070077e-02
8.578247591003819450e-02
8.576245797394289883e-02
8.575843284151310475e-02
8.573790013383690567e-02
8.571987124355599785e-02
8.568797122497290308e-02
8.567835687480010454e-02
8.569949104681059970e-02
8.566161625543000646e-02
8.566727342725159733e-02
8.567934034735419369e-02
8.566407234501489942e-02
8.570885331147069797e-02
8.567441412050749716e-02
8.569526267635510508e-02
8.569252856924769457e-02
8.567548554631959634e-02
8.576369053912380469e-02
8.574246310867220111e-02
8.577970279180950619e-02
8.583711531073250078e-02
8.586466845376120038e-02
8.583088727194169987e-02
8.586945483529770384e-02
8.587820655222229427e-02
8.590261856069519864e-02
8.594625929606780623e-02
8.592536771863730494e-02
8.596687150443919900e-02
8.598200184118680311e-02
8.601206593997960670e-02
8.602134356653490244e-02
8.602935941136069520e-02
8.601240244296659565e-02
8.600319740885870035e-02
8.604134451003139783e-02
8.615027088428139912e-02
8.612081523651650417e-02
8.615023871217629414e-02
8.613297533628640201e-02
8.612768124985839546e-02
8.615146635601640679e-02
8.614127720254780018e-02
8.615434839899510644e-02
8.616234145550299983e-02
8.617146269927999924e-02
8.618030171747770307e-02
8.619183362601409715e-02
8.620582080599870078e-02
8.621119373146610143e-02
8.622670894592250612e-02
8.622993643123059992e-02
8.625215371962199895e-02
8.626843477128859350e-02
8.626381500018920345e-02
8.627959056206870037e-02
8.629303860947419580e-02
8.631022037446130224e-02
8.631254877050710539e-02
8.632520107387199604e-02
8.633271397997620278e-02
8.635369815064769528e-02
8.636842044574499777e-02
8.638101110261879600e-02
8.639084349867000301e-02
8.640038088944790307e-02
8.640353183765210610e-02
8.641816006285950313e-02
8.643758668475859386e-02
8.644512734238579688e-02
8.645604771849729753e-02
8.646286400509189951e-02
8.646394332775890479e-02
8.647831077468609573e-02
8.647617010860149389e-02
8.649548203194509788e-02
8.648766445240139988e-02
8.649951024326059390e-02
8.649432144308169534e-02
8.650772675587090066e-02
8.651340156987730179e-02
8.651559712754350318e-02
8.653052353334640678e-02
8.653827443424519372e-02
8.654870863923079527e-02
8.655292695211949661e-02
8.656273048394319547e-02
8.658231244490559309e-02
8.658650299014379603e-02
8.659056505316929664e-02
8.660739280102980331e-02
8.661289549428050072e-02
8.661956579520969923e-02
8.664196646886219988e-02
8.665059195766569577e-02
8.665003986698409377e-02
8.665928937026909362e-02
8.666471960854969792e-02
8.667634422988319820e-02
8.667879778202790264e-02
8.668767421235419601e-02
8.669412472453720542e-02
8.670190490458980215e-02
8.670945043521639806e-02
8.671349423113840216e-02
8.672188915766129713e-02
8.673122210892980632e-02
8.673193497833230070e-02
8.673855628811860674e-02
8.673113898364949448e-02
8.672690303336269557e-02
8.674300116847200037e-02
8.675196332258669485e-02
8.674694190573149777e-02
8.674964117269630404e-02
8.674614386953760636e-02
8.674506173901179451e-02
8.675288451207449625e-02
8.675300306438009368e-02
8.676125516457780518e-02
8.676483997499209733e-02
8.676480499994619622e-02
8.676516550376220382e-02
8.677379206922700150e-02
8.677241359845580537e-02
8.675561544664030234e-02
8.675563423667849439e-02
8.676310619707400251e-02
8.674369090652270242e-02
8.677463115497059676e-02
8.669988580226460628e-02
8.671408009846040543e-02
8.660262793977280271e-02
8.641639876458390157e-02
8.635278950399730147e-02
8.636229492772630467e-02
8.633409412661530169e-02
8.631921399844980081e-02
8.631717653173570648e-02
8.628216998715150521e-02
8.627254361114369829e-02
8.616752228585529416e-02
8.614012446841319559e-02
8.603534716186869713e-02
8.595648099409819443e-02
8.589281363010460579e-02
8.588112429835109696e-02
8.592999154168599885e-02
8.596562916805930432e-02
8.594404918750370159e-02
8.601167210870530599e-02
8.603671145451259605e-02
8.608373293322070519e-02
8.608700222273800440e-02
8.609762074511080610e-02
8.616921577092069573e-02
8.617950428629360393e-02
8.622258638952390308e-02
8.623063435184620540e-02
8.626441055502059863e-02
8.627183268435439922e-02
8.626718693091650625e-02
8.628461622584270019e-02
8.629756341982949830e-02
8.629014702575139861e-02
8.630574618886639737e-02
8.629502967674269887e-02
8.631137929060160585e-02
8.631177008150579810e-02
8.629208037669690301e-02
8.629035475358019791e-02
8.629529310970489309e-02
8.627941715115519661e-02
8.626317713718520408e-02
8.628344310116070615e-02
8.626776963435689449e-02
8.625067494341259744e-02
8.627333064553729947e-02
8.624181168290609434e-02
8.625493615983030604e-02
8.626837907831540198e-02
8.625514807640109749e-02
8.623389316476580413e-02
8.625343315033159874e-02
8.623061773886769865e-02
8.622798600668460378e-02
8.622779566301740084e-02
8.622241408716969924e-02
8.622355135092170386e-02
8.622048284285159514e-02
8.619118712996569343e-02
8.621426045505820035e-02
8.618615500339429913e-02
8.618216163823240461e-02
8.619613450631309626e-02
8.619366728372129804e-02
8.616860640532700288e-02
8.616731526580069522e-02
8.616188869315349885e-02
8.617098260705499668e-02
8.614607661579680442e-02
8.612800906826230396e-02
8.614752389791059672e-02
8.613783651320890133e-02
8.613344941410859545e-02
8.612213655258889322e-02
8.613199457327959385e-02
8.609437918746100371e-02
8.611852185849240560e-02
8.610003282815620329e-02
8.611084900951819499e-02
8.610950961810280579e-02
8.612144557149670199e-02
8.611182505237649498e-02
8.609771594304579945e-02
8.609002046913799555e-02
8.610697560785719740e-02
8.613176523510079896e-02
8.605448769619850058e-02
8.609208240013870028e-02
8.606280812223879306e-02
8.606531687849840184e-02
8.609851121307450506e-02
8.609042777209739705e-02
8.607179659687549944e-02
8.608347158310819536e-02
8.606825119832199611e-02
8.608664212650470049e-02
8.605698428443420145e-02
8.606846076499680143e-02
8.606707613438910331e-02
8.607797508825519583e-02
8.607159207756689967e-02
8.603388131376779602e-02
8.605389547645400650e-02
8.604785972166119346e-02
8.608376974806949966e-02
8.605749991292059586e-02
8.605241516071529539e-02
8.603949422002629688e-02
8.605892867908729316e-02
8.606766495289260022e-02
8.606845522518549729e-02
8.608237417390629531e-02
8.605978938288509628e-02
8.607459397351420460e-02
8.604359397172600676e-02
8.602125363996759866e-02
8.604725072584999690e-02
8.604036002267720362e-02
8.603269739742000488e-02
8.604227468654100652e-02
8.605328762178329760e-02
8.600905301344649589e-02
8.603202348448750481e-02
8.603927268424819974e-02
8.600380237382949933e-02
8.600880112973119385e-02
8.600389422652369997e-02
8.598227040216199768e-02
8.596380521080859705e-02
8.596341672594129402e-02
8.593267127931959737e-02
8.594977062382599953e-02
8.594367805196539978e-02
8.594055540733450127e-02
8.591595709715560414e-02
8.588647553049109928e-02
8.587627224598899656e-02
8.587364590384620466e-02
8.585504700567210545e-02
8.586771700573160582e-02
8.582634022469060042e-02
8.580733452208949563e-02
8.580731225046679678e-02
8.579393816759739444e-02
8.578277142396870114e-02
8.578219985887419741e-02
8.575469993562230553e-02
8.575466423602649824e-02
8.575538300564700123e-02
8.571680057125899421e-02
8.575459406513839811e-02
8.576768367823489614e-02
8.578370731694939799e-02
8.576548782039560004e-02
8.579404820298970613e-02
8.580357802828569858e-02
8.581063970633659443e-02
8.585373742199159386e-02
8.586324435221670548e-02
8.588046719530430251e-02
8.590586700655659935e-02
8.593872395152940546e-02
8.592624259649760121e-02
8.597848534442199819e-02
8.599039286945679705e-02
8.598935620481870656e-02
8.600776883989910693e-02
8.600336487665470597e-02
8.601545032975289884e-02
8.598584877389550685e-02
8.601681778158809522e-02
8.602370020385879945e-02
8.603939938013159539e-02
8.598041272354879638e-02
8.604163059447640649e-02
8.602592986446799816e-02
8.605810864973449659e-02
8.603713496634760038e-02
8.602457677170480266e-02
8.606605663836479347e-02
8.607566371827639340e-02
8.606837300994979456e-02
8.604731594987810595e-02
8.604153190188869316e-02
8.606093668115250006e-02
8.603620082896699939e-02
8.604054468439470416e-02
8.601838715441630090e-02
8.601980890265019386e-02
8.602238145072819975e-02
8.599498655077469911e-02
8.600776210795349486e-02
8.597387157356380094e-02
8.596632243235689808e-02
8.593114505032739547e-02
8.593906739029029407e-02
8.589936227106449718e-02
8.586071776920679854e-02
8.585185664472709532e-02
8.580411341560459371e-02
8.583480829432729720e-02
8.580748196221499313e-02
8.572770792882510038e-02
8.575821903228360299e-02
8.575538848824680593e-02
8.576360412750849704e-02
8.578017566968119956e-02
8.574631527867339342e-02
8.574854545291299424e-02
8.576963159483259880e-02
8.577339125657569563e-02
8.580479597059580132e-02
8.581996322174390013e-02
8.583675861288460329e-02
8.583214243502949869e-02
8.586188489942389590e-02
8.585075057333779736e-02
8.592297435173619491e-02
8.591463115069479517e-02
8.593923063678160501e-02
8.597304052915050177e-02
8.600551869386019455e-02
8.597441639887799802e-02
8.599137517006009979e-02
8.598774389932820061e-02
8.602167818078669537e-02
8.602080797597029538e-02
8.602555549458110185e-02
8.607484882480140320e-02
8.608011203837330483e-02
8.605401475767850139e-02
8.605709458542050438e-02
8.604316094755400102e-02
8.605188754683469610e-02
8.607992945685589981e-02
8.606221748854959996e-02
8.606838750450840347e-02
8.603364617060109409e-02
8.603377010492679888e-02
8.604877871734570305e-02
8.603768231292839574e-02
8.607144407805310260e-02
8.604829672641439720e-02
8.601739046346559836e-02
8.606027963571609429e-02
8.600813838799489797e-02
8.606462142872220444e-02
8.606147184198770228e-02
8.602326499489650058e-02
8.600209101355360541e-02
8.599529850330510372e-02
8.600407331333280447e-02
8.600752200613299980e-02
8.598586629461049680e-02
8.597341705579160387e-02
8.599352125502829347e-02
8.598478188507240050e-02
8.597316398802640203e-02
8.597276221093019810e-02
8.597483592795790441e-02
8.599783036414800075e-02
8.598117638300629972e-02
8.598362571588440140e-02
8.597837459442510266e-02
8.597777686984039991e-02
8.596505806698799546e-02
8.597386462859689382e-02
8.596351185327209821e-02
8.596626072853440215e-02
8.594725354109790383e-02
8.597109854515340432e-02
8.597458121969059341e-02
8.596389907361449978e-02
8.592472866545980414e-02
8.593843605295130306e-02
8.595325019124920585e-02
8.598531778364819356e-02
8.595110375258230295e-02
8.597276621180149903e-02
8.597687607907540663e-02
8.592526760476550118e-02
8.591644151296859433e-02
8.595214886635289819e-02
8.593760853043569403e-02
8.592093834606880087e-02
8.593585918520270373e-02
8.591559076525780159e-02
8.589555540388310595e-02
8.591068847829530508e-02
8.589888802682700553e-02
8.591322874642939866e-02
8.588386202309880590e-02
8.588858707505810097e-02
8.587169336493309657e-02
8.587128399391449896e-02
8.587112190950429991e-02
8.580825037230800645e-02
8.585102876764699742e-02
8.579957436724819364e-02
8.580421266227479526e-02
8.578829307065440057e-02
8.574329945562489397e-02
8.570680567574709419e-02
8.573543684044800106e-02
8.568719212693150233e-02
8.569268754564089707e-02
8.567464296947979729e-02
8.565769581135229682e-02
8.561328946889459890e-02
8.561005019280200357e-02
8.563789167048140027e-02
8.556559379700709456e-02
8.561605477006399567e-02
8.563057486164589449e-02
8.563300297319420551e-02
8.563639785931839721e-02
8.566118542523039336e-02
8.568556714911129690e-02
8.577124442762809609e-02
8.575981640246510551e-02
8.584247058339969372e-02
8.583251011052149548e-02
8.586594687013930638e-02
8.591147018037710581e-02
8.589755152032059471e-02
8.592723266143489913e-02
8.587351638625680128e-02
8.593701207819939847e-02
8.593752343770219571e-02
8.589213321370979537e-02
8.595299691407000398e-02
8.591766256403289559e-02
8.594786324133850408e-02
8.597055904440870089e-02
8.597549172067500689e-02
8.602618823657190439e-02
8.603587190217909519e-02
8.614979099643040039e-02
8.618022540688620448e-02
8.621003258274670400e-02
8.621029897769849626e-02
8.621616552573239944e-02
8.623316606031160292e-02
8.623816515014870454e-02
8.623691092614439724e-02
8.623331936333880621e-02
8.620449127914239784e-02
8.622780437035409973e-02
8.624439856355770040e-02
8.624794439216429409e-02
8.625348307828259453e-02
8.625937042435639912e-02
8.625450726137799673e-02
8.625420536732389398e-02
8.625189560370820352e-02
8.626235373442349419e-02
8.625972012126820188e-02
8.629076032693500098e-02
8.628107246762599380e-02
8.627926999137139341e-02
8.630053828021069795e-02
8.630102932340799615e-02
8.630685286661400613e-02
8.631580163422170049e-02
8.633220642830449765e-02
8.633514999509739329e-02
8.634013164504279747e-02
8.634687697981879850e-02
8.636348310239730375e-02
8.637201024066870625e-02
8.638845978019600580e-02
8.639901774652289368e-02
8.641155972457560674e-02
8.642416176913189640e-02
8.643593173672239893e-02
8.644603262961389478e-02
8.644571346694089609e-02
8.647025102722080692e-02
8.649043495361879996e-02
8.649034920554900252e-02
8.648787613283000220e-02
8.650291490413550277e-02
8.650689670556159505e-02
8.651757043892430166e-02
8.652597236866929609e-02
8.653640143458529721e-02
8.653531137809310214e-02
8.653857037455159329e-02
8.655626642514710478e-02
8.654992243407019781e-02
8.656034056479169903e-02
8.656462970193720685e-02
8.657714709112279694e-02
8.658112490417059492e-02
8.658315985248249413e-02
8.658257949555160649e-02
8.659103065588530379e-02
8.660734069561590309e-02
8.661675691011010148e-02
8.661540946247080208e-02
8.661661174755870551e-02
8.661933500172949718e-02
8.662347183046789634e-02
8.662521137589269948e-02
8.664428204866669869e-02
8.663698272458600358e-02
8.663923114828020466e-02
8.663988398726020501e-02
8.663482579303059816e-02
8.664228353110030312e-02
8.664704955616829574e-02
8.665957944006350000e-02
8.666634979715490128e-02
8.666559612440799532e-02
8.666161238247220566e-02
8.666474689181349889e-02
8.666469253312500398e-02
8.666959852816150112e-02
