5.703980797498150318e-02
5.782777170375540121e-02
5.855737997206880013e-02
5.927206912936099775e-02
5.995744406936329846e-02
6.059075491893119864e-02
6.127210485808400053e-02
6.201700078625740215e-02
6.276192634077219779e-02
6.360096848093520217e-02
6.430842410944939691e-02
6.506078999227039861e-02
6.558218875398419412e-02
6.623597202381080462e-02
6.702376488053710113e-02
6.773465789519840519e-02
6.838438399633650633e-02
6.893351251472870644e-02
6.956654996725220030e-02
7.002693754964660344e-02
7.055538414097040079e-02
7.117325041525619789e-02
7.175522196898420635e-02
7.227687466450649634e-02
7.282194978965320087e-02
7.345073974266290440e-02
7.401980097332050423e-02
7.464161716134309899e-02
7.520724304562939611e-02
7.568904549410940263e-02
7.627019664977879865e-02
7.673938585311379512e-02
7.728948122712589464e-02
7.787043664367659934e-02
7.842800279764840232e-02
7.896001990329010178e-02
7.940874571936190618e-02
7.991093120100770109e-02
8.029770002534579454e-02
8.078435820500619313e-02
8.133891700547070391e-02
8.186253688229229442e-02
8.236919150016019930e-02
8.284912490741659641e-02
8.324623931481940631e-02
8.361746007233129829e-02
8.402526908279919771e-02
8.447768370813429906e-02
8.504224013078250100e-02
8.552352384163490473e-02
8.606156658589289576e-02
8.641160561005839513e-02
8.681264944253659632e-02
8.712668276746690643e-02
8.747300859786419358e-02
8.792128402445049951e-02
8.832882263854599514e-02
8.866177653100179579e-02
8.893798049170159592e-02
8.928782148518550621e-02
8.965484983705919453e-02
8.998528157881610645e-02
9.027293138421919882e-02
9.058723039496299756e-02
9.077996539111800323e-02
9.106745219930920121e-02
9.143308162097230074e-02
9.162667195005290421e-02
9.183307177382049602e-02
9.207718380836840688e-02
9.237405978000980122e-02
9.220800764535899696e-02
9.265986862915180644e-02
9.287301653650190114e-02
9.322690308576890572e-02
9.337941695069840176e-02
9.373129279699489447e-02
9.384516844193170615e-02
9.428313829569770488e-02
9.443500861789559664e-02
9.454884197372880050e-02
9.482405136828439551e-02
9.489056611032399557e-02
9.503180525013600610e-02
9.529641591099860531e-02
9.549781905451379393e-02
9.555700293648509980e-02
9.564398829406339786e-02
9.572130410777500431e-02
9.588894268189759873e-02
9.601003459017949659e-02
9.611183359067410059e-02
9.620670042542160683e-02
9.631052989568220091e-02
9.647119759606399836e-02
9.658850916719000090e-02
9.665836139174270591e-02
9.673809064627239551e-02
9.677597685654419635e-02
9.684907927233370184e-02
9.692264513602759368e-02
9.696400801261720326e-02
9.700585091681200589e-02
9.703093146715430217e-02
9.705241573830850066e-02
9.708798089760800609e-02
9.709878238856270438e-02
9.712535232068540691e-02
9.712337252863280368e-02
9.713895056477779566e-02
9.714554363506709700e-02
9.713023796106129426e-02
9.714784317373340028e-02
9.713785868459920425e-02
9.714445706247680501e-02
9.715131364517549939e-02
9.714464306207920563e-02
9.715458370938369337e-02
9.713160501402920421e-02
9.714660488166319829e-02
9.713007448149940659e-02
9.713011947965549675e-02
9.711859514130150028e-02
9.708277440755870569e-02
9.706544248277129694e-02
9.703601080132999435e-02
9.698037753669440375e-02
9.695509169672429650e-02
9.689030751280079679e-02
9.692020279201139787e-02
9.688769872691399554e-02
9.685643796396230243e-02
9.677107983697590121e-02
9.673333034194679658e-02
9.665334200535000142e-02
9.658702327400729704e-02
9.649239368515330484e-02
9.634635719280840171e-02
9.626973030459129443e-02
9.618941460098970331e-02
9.615326228674639375e-02
9.597486031778999782e-02
9.591976402080350239e-02
9.584749215354609886e-02
9.574465504395049398e-02
9.563477729537589456e-02
9.555982510969139587e-02
9.542758390073829977e-02
9.535765205127580413e-02
9.523610598351660295e-02
9.511431867544860308e-02
9.502842852563819775e-02
9.493050245643179508e-02
9.477495315567280310e-02
9.469900929912669629e-02
9.454310966237029767e-02
9.442414975937629684e-02
9.430620902713350573e-02
9.414090892692029977e-02
9.400368757437879697e-02
9.386426189237979945e-02
9.371935642995110616e-02
9.362624129296330533e-02
9.349110485553209504e-02
9.329547619826319971e-02
9.320653528899869311e-02
9.305503811223229949e-02
9.293419494212770693e-02
9.278166598444549662e-02
9.262674825357540553e-02
9.248109425924980198e-02
9.233834803139759351e-02
9.218276567050860681e-02
9.203767093269299426e-02
9.184585248770750499e-02
9.172174530184169783e-02
9.155012210559440589e-02
9.140981994698199609e-02
9.123543198710730440e-02
9.105502962452649562e-02
9.088784947458709851e-02
9.071749586927320419e-02
9.054130622902850645e-02
9.040781202919609405e-02
9.020319081270120054e-02
9.001945472857610098e-02
8.988288893075729868e-02
8.970419361783839307e-02
8.950224829549090211e-02
8.936013335665289603e-02
8.919494787370700617e-02
8.902822053793280066e-02
8.884618646629389993e-02
8.870093590147920537e-02
8.851091068016049557e-02
8.835730693015439452e-02
8.818390866326980548e-02
8.802016267124020132e-02
8.786701597591120572e-02
8.771967630036360541e-02
8.758310923890300081e-02
8.740410068490220286e-02
8.724864651204400356e-02
8.709648580475500002e-02
8.695759461361450560e-02
8.679971512205250650e-02
8.664163367623579914e-02
8.648728894261829836e-02
8.634053548697419311e-02
8.618807581563769915e-02
8.604082341148269752e-02
8.593648115600449611e-02
8.577771100669999427e-02
8.567012142962289467e-02
8.551224222394139540e-02
8.537516366535150003e-02
8.523768364473340020e-02
8.512908296729930491e-02
8.500477594260430481e-02
8.489319857493360377e-02
8.477690528435459505e-02
8.462615547904329960e-02
8.454134761287809829e-02
8.444014688882900410e-02
8.434174806539919411e-02
8.422658933624699307e-02
8.413305961501149621e-02
8.402345609261380188e-02
8.391904223158010157e-02
8.384066068929320326e-02
8.374030550147780472e-02
8.365995262293400569e-02
8.354301040258720057e-02
8.349242395990150167e-02
8.341408392819670004e-02
8.332591970128890024e-02
8.326016717065509720e-02
8.315295533593390631e-02
8.311735429154390453e-02
8.305568878769030439e-02
8.297556704582520481e-02
8.290281731317669656e-02
8.286193634854209511e-02
8.282153102597900052e-02
8.275890017310059965e-02
8.272848901682640366e-02
8.268064347053730168e-02
8.263863787759760660e-02
8.260283300762949477e-02
8.255634126112890159e-02
8.251630217137589929e-02
8.249117040184149319e-02
8.245242777266670320e-02
8.242337699056009881e-02
8.239781407189629425e-02
8.237345883930309587e-02
8.235157873629610215e-02
8.232746691348520607e-02
8.231833307191409321e-02
8.231694972344880123e-02
8.228435737593499388e-02
8.227318368760350165e-02
8.227077387310620382e-02
8.227288921377359787e-02
8.225520000122399367e-02
8.225575642155129319e-02
8.225459790109510005e-02
8.225321602840779400e-02
8.225649929816379602e-02
8.225546872239909713e-02
8.225963179035790385e-02
8.228522628200260480e-02
8.227952561638279816e-02
8.230517233494709373e-02
8.230897655120610057e-02
8.233358696805430366e-02
8.235077180165520372e-02
8.235313279239700468e-02
8.237045904474969704e-02
8.241090935648649751e-02
8.243810888508569523e-02
8.247403206373879470e-02
8.248678140966489436e-02
8.250713577659400666e-02
8.256293895589700282e-02
8.260180102805210478e-02
8.263457565835480301e-02
8.268393025499450044e-02
8.270592787062409912e-02
8.275985046845940607e-02
8.280136764704429386e-02
8.285248982329730671e-02
8.290865126015950493e-02
8.296456864441480172e-02
8.301269728150989513e-02
8.305785490390059367e-02
8.313338770595520011e-02
8.317674485967539721e-02
8.324348004621670571e-02
8.329966252062989684e-02
8.337226750909930428e-02
8.343106377498950288e-02
8.350762972617810365e-02
8.357349960382300103e-02
8.362314331745179796e-02
8.370074973241280192e-02
8.378482311225929346e-02
8.383785076890820642e-02
8.391657345144500069e-02
8.398595744947250086e-02
8.406243267417759513e-02
8.412998032713860097e-02
8.420662144943559524e-02
8.428180337660939880e-02
8.436411343188990331e-02
8.443936215533770495e-02
8.451084308827390423e-02
8.459643397693120126e-02
8.469165473080479678e-02
8.476017888885649387e-02
8.484241872766930259e-02
8.491971428425490465e-02
8.500184215470260596e-02
8.509847738069929723e-02
8.517820192551020519e-02
8.525448388109670150e-02
8.535368908608889638e-02
8.541957276190240145e-02
8.551371174727930013e-02
8.561003156737199971e-02
8.568823366856000157e-02
8.576264578710940389e-02
8.584342576968449767e-02
8.592031999292790156e-02
8.602292835282569772e-02
8.609654647641820646e-02
8.617860553956140091e-02
8.626824837788449329e-02
8.635529199715100135e-02
8.644086023956970566e-02
8.651810915742200181e-02
8.659616704618769423e-02
8.668323661282259507e-02
8.675499661672199381e-02
8.684563939067869998e-02
8.691103970541609602e-02
8.701124685679929860e-02
8.708961326224419486e-02
8.716837114896809624e-02
8.724842240603719601e-02
8.731172726348619684e-02
8.740867191317390483e-02
8.746681214816449945e-02
8.755800684473349915e-02
8.762323075485950463e-02
8.768990286339750639e-02
8.775684099342639932e-02
8.782311759869200485e-02
8.787294686756530471e-02
8.794317351539809868e-02
8.800848480033410248e-02
8.807588434831499502e-02
8.811579601081639956e-02
8.818944608148790443e-02
8.823093746049449904e-02
8.828832224899660353e-02
8.833515361971559787e-02
8.839208142228399678e-02
8.844172814817280459e-02
8.848914186053190301e-02
8.854875530871489375e-02
8.860685173118400260e-02
8.863959290756180665e-02
8.869052957980140539e-02
8.873761608360919428e-02
8.878609481217429600e-02
8.883624061489620027e-02
8.888416989570140092e-02
8.892523623374659625e-02
8.898470535870089959e-02
8.902018963881770663e-02
8.906817982582999893e-02
8.912053881611750605e-02
8.915205795628959595e-02
8.921074150780229639e-02
8.922061119087160153e-02
8.928378338562130423e-02
8.932963808177270260e-02
8.934977078030140185e-02
8.935716705727489440e-02
8.941573382293749317e-02
8.945187782353859751e-02
8.944702507473660524e-02
8.949791708323930062e-02
8.954202225944439542e-02
8.956129509503960029e-02
8.958313696602110410e-02
8.958819140241139345e-02
8.963884683107020690e-02
8.963714874495930240e-02
8.963715244469559751e-02
8.969181235360700055e-02
8.968993577881989587e-02
8.974471872545219941e-02
8.975150488238750612e-02
8.974830260077930333e-02
8.975609726659540544e-02
8.977008877392450570e-02
8.980321391199859449e-02
8.979704882840440494e-02
8.977205413174310644e-02
8.980206371982539515e-02
8.977584341979059912e-02
8.978987432917630296e-02
8.977507116157200373e-02
8.976671429763989629e-02
8.975388344600769563e-02
8.974583936883250013e-02
8.970855819936410236e-02
8.968763261917370166e-02
8.966673039082730112e-02
8.963142636743989811e-02
8.959573796611500218e-02
8.954964819340009707e-02
8.952423187257170512e-02
8.949835838495680262e-02
8.945323929303400368e-02
8.937850471373920413e-02
8.934988083245970492e-02
8.929435194634610662e-02
8.925244838841579764e-02
8.917597146059209889e-02
8.912809113406310046e-02
8.906113717942769348e-02
8.903958165746959919e-02
8.894372819866490365e-02
8.889199114257630152e-02
8.883561478449759907e-02
8.875983834894610180e-02
8.868918180774000570e-02
8.861604353476509877e-02
8.855680728265509505e-02
8.849579596222589828e-02
8.842886400893540388e-02
8.837913099307749543e-02
8.830632554561169967e-02
8.823492466248800126e-02
8.816567138704170525e-02
8.811253254073110608e-02
8.802730780887919881e-02
8.796343556130499508e-02
8.790064366056669909e-02
8.783877878174919940e-02
8.776923732404989797e-02
8.770701772103610405e-02
8.762320985661320449e-02
8.756627452008200474e-02
8.748897466701240078e-02
8.742838853581010039e-02
8.737791782002130025e-02
8.727358604986429347e-02
8.723473391805619537e-02
8.716875227269330062e-02
8.711074899677259675e-02
8.704081814089760505e-02
8.697853327996860062e-02
8.691112788948610057e-02
8.684168997559189862e-02
8.678258857628899647e-02
8.672024536092530489e-02
8.664034729838869520e-02
8.659050101398259314e-02
8.653485105285770029e-02
8.646190137554410349e-02
8.639926835619750334e-02
8.634739016319209481e-02
8.627893134910290251e-02
8.620329821112650281e-02
8.614975039320360573e-02
8.609000401841020167e-02
8.602239701936799376e-02
8.595431451441079562e-02
8.590781874765769655e-02
8.584931598373229944e-02
8.576996341892810516e-02
8.570550655382179472e-02
8.565907567317160298e-02
8.559529443197680387e-02
8.551374658831850661e-02
8.546831634350740559e-02
8.542176386384460474e-02
8.536681537299900535e-02
8.529946641927810269e-02
8.524532523232210279e-02
8.519489098997799770e-02
8.514124656348559528e-02
8.506352934528139953e-02
8.501777347990539802e-02
8.496065796096749501e-02
8.489845804921039574e-02
8.484371178477670417e-02
8.479519132866049358e-02
8.473072007786980331e-02
8.465743676004819362e-02
8.462700945244730488e-02
8.457508631433109658e-02
8.452073684061049696e-02
8.446247559124450688e-02
8.440380695088009477e-02
8.436309830935499743e-02
8.432338836123469406e-02
8.426558025148199460e-02
8.421240424807430180e-02
8.416754182037609888e-02
8.411977771388129410e-02
8.407435247675340562e-02
8.402806658206769808e-02
8.397351011028510170e-02
8.392226598163329832e-02
8.388451953858659660e-02
8.385491739046639637e-02
8.382533045833699681e-02
8.377018640763460311e-02
8.373461944004090274e-02
8.369502455189230250e-02
8.366068914692680047e-02
8.361983696320959836e-02
8.358257254309819917e-02
8.355650402064460081e-02
8.351662476259759382e-02
8.348263957200359464e-02
8.345855016757240674e-02
8.342872916730699473e-02
8.339281841161899633e-02
8.338697392482290194e-02
8.335348994454409854e-02
8.334199171699979702e-02
8.332024505793569902e-02
8.328886858963860385e-02
8.327305350009220342e-02
8.325555323944169861e-02
8.325971939745969996e-02
8.322835866581300424e-02
8.322896783794520026e-02
8.321713836326860569e-02
8.321520751774980074e-02
8.322230861896949550e-02
8.320363290577320603e-02
8.321255392215740065e-02
8.321908350399570553e-02
8.320745987460710646e-02
8.320291399495870210e-02
8.320612828115320214e-02
8.323119817389590391e-02
8.322484080602660095e-02
8.324384795596570519e-02
8.325986321719200389e-02
8.327885056318290458e-02
8.329805889449859446e-02
8.330833084311360659e-02
8.332586169882200133e-02
8.336956050190949541e-02
8.338720577512190313e-02
8.341264967518779994e-02
8.343998460224540115e-02
8.347291640432040472e-02
8.351055780459469557e-02
8.354737473106960133e-02
8.357909959005019318e-02
8.362752055515509930e-02
8.368807638699289619e-02
8.372091923547690662e-02
8.376445936550269700e-02
8.381289742720980651e-02
8.385776043861320472e-02
8.390879218331599720e-02
8.396779566741599532e-02
8.402319936890799423e-02
8.408529912827679420e-02
8.414293208670839408e-02
8.420953394749730592e-02
8.428059940005500073e-02
8.433734031787669394e-02
8.441035556870080114e-02
8.447621863433289746e-02
8.453745482074530304e-02
8.460673314237959763e-02
8.468287950526980079e-02
8.475593396701920634e-02
8.483702565595080403e-02
8.491038468935019345e-02
8.498905762114890294e-02
8.505934663814529451e-02
8.514465329323719911e-02
8.523363478645459845e-02
8.531085175064180570e-02
8.539439836782519722e-02
8.547948565922340591e-02
8.556715229058030336e-02
8.564866766149270561e-02
8.573828579674899752e-02
8.582449833441850584e-02
8.591514752162560109e-02
8.600915333364070325e-02
8.609616388769389395e-02
8.618790595972020130e-02
8.627193583206339833e-02
8.636331700552470070e-02
8.645332686401049904e-02
8.654833172934510432e-02
8.663484882553759703e-02
8.673393889171959747e-02
8.681604807214950148e-02
8.691948658478239331e-02
8.700077852662660427e-02
8.709362928220690248e-02
8.719395546854880052e-02
8.728034579097369849e-02
8.737660245053889552e-02
8.746107574038020083e-02
8.753901300811789410e-02
8.765242980482940149e-02
8.773105803878940290e-02
8.783023535159339978e-02
8.791725219898019472e-02
8.800773973210410106e-02
8.809679066079130483e-02
8.820687049829810389e-02
8.829523860273350011e-02
8.841217819861960092e-02
8.851835653146210292e-02
8.860941661420479454e-02
8.871687066162570190e-02
8.884768978271069539e-02
8.895720759329600602e-02
8.905847350676250607e-02
8.917848919388829398e-02
8.926714543899720578e-02
8.936199245407930314e-02
8.945495577759400574e-02
8.954829371636779944e-02
8.962732805925320567e-02
8.968774097168380477e-02
8.973410190365309347e-02
8.978871546399240511e-02
8.982943481272119557e-02
8.987858176436820667e-02
8.997200591622919741e-02
8.997453157891140141e-02
8.999099320092200649e-02
8.998665001617339732e-02
8.997800048076000368e-02
8.998126793033919824e-02
8.996642187576639471e-02
8.995891224428259614e-02
8.995556964556519763e-02
8.997366155753409867e-02
8.997758582898039703e-02
8.997834120827540028e-02
8.997460175923720216e-02
8.998191092626030285e-02
8.995211140470910083e-02
8.994059885691750578e-02
8.993483899876619780e-02
8.990625975436980499e-02
8.990008434582290320e-02
8.990178654459489438e-02
8.990370927799380685e-02
8.991384068685509545e-02
8.994566728665980004e-02
8.996230139914909718e-02
8.998189048736350559e-02
8.998168874706230502e-02
8.998503849785090269e-02
9.000487475529750370e-02
9.003285778436219411e-02
9.007598339617969851e-02
9.009986768381909872e-02
9.011454815417739572e-02
9.013811002338900646e-02
9.014474274607310600e-02
9.014821552550829342e-02
9.014538466066669697e-02
9.014449213592150290e-02
9.013979204466289474e-02
9.012765423788179908e-02
9.010984555867189438e-02
9.008566822171160116e-02
9.007138234026139390e-02
9.004266462265350657e-02
9.001718882713440062e-02
9.002853637242409779e-02
9.000566005764530642e-02
8.997139229902749447e-02
8.993519317200779351e-02
8.990452941205280546e-02
8.987448412424579869e-02
8.984681185867229858e-02
8.982930196881989959e-02
8.979726866941589725e-02
8.978863128753200584e-02
8.975410708437769891e-02
8.973509339144550290e-02
8.973118156635280507e-02
8.969465154019050368e-02
8.967598845407680208e-02
8.963941136994249548e-02
8.961414047531099381e-02
8.958986637922219942e-02
8.955586538895579651e-02
8.952296672704070091e-02
8.950256373702049351e-02
8.946855862220440270e-02
8.946152478919139339e-02
8.942011077358910653e-02
8.938392524477779821e-02
8.934983939651419682e-02
8.930519170664980022e-02
8.929074037854879686e-02
8.925512408748630111e-02
8.919834074356119968e-02
8.915612251259930066e-02
8.910435329261330584e-02
8.904688308010200171e-02
8.900920343943680146e-02
8.894518715746969895e-02
8.890656644367700423e-02
8.885492921220490559e-02
8.877599651757329957e-02
8.873757789484700009e-02
8.867073397256219902e-02
8.861278105743869427e-02
8.855960777007189366e-02
8.847028820616380240e-02
8.843766391835269913e-02
8.833876697329090533e-02
8.828286405416280180e-02
8.824809395152889702e-02
8.816726954020399909e-02
8.807694849256660075e-02
8.803711505824229899e-02
8.796944085326680041e-02
8.787389996531069780e-02
8.784225524930899809e-02
8.776961859038920344e-02
8.770681472621390251e-02
8.765326309901219637e-02
8.758123700680159329e-02
8.751304141667069769e-02
8.746672706876379433e-02
8.741354529635300685e-02
8.734777016547219664e-02
8.728213347164040514e-02
8.725647177085149586e-02
8.717459755914169772e-02
8.711486996928050064e-02
8.710161508838269728e-02
8.703677774777270060e-02
8.697415677568989811e-02
8.694072338127349642e-02
8.690141873987650145e-02
8.686118570142140061e-02
8.679319688918729625e-02
8.676043088484809707e-02
8.669648018507650211e-02
8.667219142949099397e-02
8.661376136197079800e-02
8.657005472189679973e-02
8.652748611517099842e-02
8.649606286277899958e-02
8.646061819475429899e-02
8.642020219535920256e-02
8.638603932769750582e-02
8.633589234099070531e-02
8.630900864819869567e-02
8.627659219307699801e-02
8.623578053428390677e-02
8.620536207526169337e-02
8.615924860847430644e-02
8.612842010074710231e-02
8.609214521194520631e-02
8.606261903817689907e-02
8.603816186473939309e-02
8.601591009107459329e-02
8.596753108716169434e-02
8.593965247978140043e-02
8.591563121179540685e-02
8.589833495858860413e-02
8.587079192066450484e-02
8.584364075482710243e-02
8.581818370445129518e-02
8.578603201787429744e-02
8.576735735289239826e-02
8.575644331228980677e-02
8.572874792159369817e-02
8.571638229686599775e-02
8.569068994254400162e-02
8.565762788112479820e-02
8.564282976188440644e-02
8.561563196946089804e-02
8.559363487058420372e-02
8.559338142027510254e-02
8.555813345646630375e-02
8.555448137441390433e-02
8.553303116521039640e-02
8.552809453256039751e-02
8.550591035857990629e-02
8.548376872428270490e-02
8.547346676752989869e-02
8.547005540786009603e-02
8.544459722484340491e-02
8.543210325858059673e-02
8.542926527285009397e-02
8.541313442174970627e-02
8.539142804930420494e-02
8.538826022571380236e-02
8.536569215240180641e-02
8.536800976754919945e-02
8.535401971402109544e-02
8.534380975654590196e-02
8.533548314379449384e-02
8.533483083453269336e-02
8.532298430524939969e-02
8.531392147733110609e-02
8.531750387692979554e-02
8.529582261436299828e-02
8.529372249969789654e-02
8.528209977620210269e-02
8.527959905853239875e-02
8.527893081312619417e-02
8.526580317438969825e-02
8.527356173390339411e-02
8.525340798390630692e-02
8.525047593221959930e-02
8.525025759072639431e-02
8.524941186442659691e-02
8.525487002809480075e-02
8.523985143328259573e-02
8.525246903906630314e-02
8.523989726470940220e-02
8.523994123489660180e-02
8.524158695946550124e-02
8.523906216034710104e-02
8.523134559315090342e-02
8.523312410804459449e-02
8.523358272077699582e-02
8.523740122639210381e-02
8.522245301493359959e-02
8.522251723902689313e-02
8.522813892728089979e-02
8.523088775286549734e-02
8.523283253570980433e-02
8.523858042213640351e-02
8.523825872176779561e-02
8.524404331472550111e-02
8.524354795797360607e-02
8.524722912540200204e-02
8.524620813450649315e-02
8.524584550220450085e-02
8.524277549109859908e-02
8.525227864694029378e-02
8.524371906232100504e-02
8.524625000769349426e-02
8.525091749513590000e-02
8.526803693212479940e-02
8.526526699928649311e-02
8.525336868606370189e-02
8.526020714861839989e-02
8.526786036009069425e-02
8.527193267958460554e-02
8.527946490571340632e-02
8.527765945545240367e-02
8.527982054702690218e-02
8.528528824552600307e-02
8.528441560201560634e-02
8.529046719895219675e-02
8.529372565093909508e-02
8.528804987222660117e-02
8.530691684171540223e-02
8.530874883047380453e-02
8.530850446310669910e-02
8.530849153741469626e-02
8.531359316988450237e-02
8.531931254255049890e-02
8.532534532066450572e-02
8.533375967803319417e-02
8.534030459649440126e-02
8.535308810301789340e-02
8.534554445819350632e-02
8.534978043141909498e-02
8.535076948843389744e-02
8.536996464638829663e-02
8.537246344232769790e-02
8.537561608148269698e-02
8.538404804188380604e-02
8.539314424787210200e-02
8.538823003522399979e-02
8.540258228544239660e-02
8.540643114176900419e-02
8.542581172098419329e-02
8.541931039555590577e-02
8.541917347156000040e-02
8.543416370289390327e-02
8.543180257733759553e-02
8.543962861083190252e-02
8.545948756642300637e-02
8.547080654594339799e-02
8.547806394451050449e-02
8.548174969264629719e-02
8.549200894637029591e-02
8.549934662032100674e-02
8.550752174035959607e-02
8.550971454563979779e-02
8.552434139540099345e-02
8.552865802509700133e-02
8.553974010821069340e-02
8.555695683436470578e-02
8.556377433320649928e-02
8.557383307647760395e-02
8.559128701611229406e-02
8.559802020298799830e-02
8.561007749793750343e-02
8.562135934662949699e-02
8.563298491117860012e-02
8.565596469389029355e-02
8.563147962972289529e-02
8.567356228660970296e-02
8.567595901169700046e-02
8.569642299090750315e-02
8.570251319104679744e-02
8.570693385412669896e-02
8.571963608066980600e-02
8.574836046329170625e-02
8.575618556280399651e-02
8.577697503957930347e-02
8.578065909395420074e-02
8.579233031006350263e-02
8.579853062784489892e-02
8.582129862831870681e-02
8.582602861861489407e-02
8.584395593702280614e-02
8.585830755894970079e-02
8.586306517314000464e-02
8.588613364599030631e-02
8.589139477391080635e-02
8.590411274085890669e-02
8.592476302818770340e-02
8.591564003435339658e-02
8.592073957277339413e-02
8.594186482658819348e-02
8.596790613469890152e-02
8.597630819945370484e-02
8.598579636338909982e-02
8.598736264615890190e-02
8.600320861544530349e-02
8.601178767485169463e-02
8.602520167231829384e-02
8.603160037395299331e-02
8.603771896839150501e-02
8.604244332745759893e-02
8.606333930044519909e-02
8.606899883792219763e-02
8.606619902693450619e-02
8.609506712937270434e-02
8.609229799567449937e-02
8.610580784766400098e-02
8.610786206150990163e-02
8.613250319747189909e-02
8.613828060184840207e-02
8.614622583556739988e-02
8.615715921453530324e-02
8.617003386272699406e-02
8.618256895252139616e-02
8.620834209038809315e-02
8.620338102499429389e-02
8.622322779107399748e-02
8.624021905620569972e-02
8.624831522655469762e-02
8.626882940308069903e-02
8.626243538842509606e-02
8.629040298614069904e-02
8.630016177964909552e-02
8.633373111838950342e-02
8.633098489661529540e-02
8.635307053485799522e-02
8.636881007676659727e-02
8.638842943133250019e-02
8.639269670768590093e-02
8.641446569630149843e-02
8.642934745758290571e-02
8.643908044897880005e-02
8.646432643842190402e-02
8.647922228515210474e-02
8.649317492793780204e-02
8.650328522879370541e-02
8.652506093421630240e-02
8.653865848737339606e-02
8.654927060892760038e-02
8.656924320757360125e-02
8.658210839847620133e-02
8.659761326544479498e-02
8.661016539448700147e-02
8.662031649559250035e-02
8.662970883219239804e-02
8.664205616695000445e-02
8.665265353982780361e-02
8.665929170899169809e-02
8.667156756630639558e-02
8.668863235427870517e-02
8.668566949835239399e-02
8.669516941485730377e-02
8.670385374254449551e-02
8.671347224934210229e-02
8.671240028297469427e-02
8.672890941882560600e-02
8.672239508746870662e-02
8.673238745879649492e-02
8.674957426784940528e-02
8.673673082644700605e-02
8.674815097700490363e-02
8.675430048117589721e-02
8.676720920034959594e-02
8.675830837432589593e-02
8.676886223119109620e-02
8.677740286253879387e-02
8.678959128454880045e-02
8.679584767365210174e-02
8.679772525333720457e-02
8.680073964514339879e-02
8.680727449047240252e-02
8.681287088878759939e-02
8.682754564690729759e-02
8.683027132198499476e-02
8.682573446813550422e-02
8.682612044209249424e-02
8.683948708433590624e-02
8.684646115718359927e-02
8.684491164164520605e-02
8.685042314237370609e-02
8.686205582573210127e-02
8.686777073175250274e-02
8.687548218436430547e-02
8.688536419069259331e-02
8.689972786253299941e-02
8.690055057983470110e-02
8.690733139002519703e-02
8.690873388399010524e-02
8.691625816790110592e-02
8.692734579249990212e-02
8.693067035492739458e-02
8.693519990788549368e-02
8.693509523848169662e-02
8.693994002951750677e-02
8.694583021810170509e-02
8.694219982485650033e-02
8.693687200801229753e-02
8.693818810361890470e-02
8.693582822065970550e-02
8.694348916647830217e-02
8.693983649140059333e-02
8.693501762278030287e-02
8.694881505484999829e-02
8.694625492341019612e-02
8.695133489185140341e-02
8.694566235277320643e-02
8.694571842997980693e-02
8.694855894685689368e-02
8.695071771333250099e-02
8.695424150561299748e-02
8.696357497331050346e-02
8.696478333436570562e-02
8.697256269925320027e-02
8.696986868113369684e-02
8.698108137620989833e-02
8.698460384838779813e-02
8.698332083723070429e-02
8.699127846822080068e-02
8.700616648352330063e-02
8.700178433010190282e-02
8.700952103998380038e-02
8.701261422336720175e-02
8.702014639029810594e-02
8.703048131159650536e-02
8.702938002087899638e-02
8.704209191167359971e-02
8.703806524171800452e-02
8.704829959263969685e-02
8.705333510147450493e-02
8.704500076720270152e-02
8.707109475694919942e-02
8.706732535682609742e-02
8.707548162947309489e-02
8.707968950602840152e-02
8.707833976350949634e-02
8.708508553829509558e-02
8.709480901801450181e-02
8.710525326157500525e-02
8.710398116046119688e-02
8.711296476240409925e-02
8.711287604426269648e-02
8.711983835750550242e-02
8.712335279884890482e-02
8.712468499368890285e-02
8.713639859759370054e-02
8.714753001117940545e-02
8.715226934346760601e-02
8.715220313532540120e-02
8.715495783038590405e-02
8.715397930117969871e-02
8.715805588776219526e-02
8.717120091022699524e-02
8.717414306800150281e-02
8.717245274101599606e-02
8.717672697049799746e-02
8.717540611789380278e-02
8.717425535382070101e-02
8.718186413492300113e-02
8.717369457765919427e-02
8.718124013354740243e-02
8.717487662222099531e-02
8.718558491273979694e-02
8.717857624207460410e-02
8.718365433657640495e-02
8.718107490189069830e-02
8.717262036716079410e-02
8.716573103157379543e-02
8.715156466222929998e-02
8.714549473685570535e-02
8.713870110643709421e-02
8.713577363646840546e-02
8.713972276530020100e-02
8.711673729163839364e-02
8.711287268473490164e-02
8.711089853182120424e-02
8.711953340510389387e-02
8.709710598665450221e-02
8.710518611353730567e-02
8.709234894025000284e-02
8.708752228960379982e-02
8.706818264969290455e-02
8.705411337252129400e-02
8.703812965711990590e-02
8.702332720485470019e-02
8.700333497840169461e-02
8.700129148741969631e-02
8.698412461953060337e-02
8.698578920434499318e-02
8.695983723180179814e-02
8.694681667904249900e-02
8.694064797024840530e-02
8.692535674049199634e-02
8.691660350647760491e-02
8.689888304346489456e-02
8.689127285946339485e-02
8.688127953750419963e-02
8.685997898450970034e-02
8.685027814120610534e-02
8.683871919755939417e-02
8.681419521273510409e-02
8.679817518768459528e-02
8.678468943954710524e-02
8.677956327613310650e-02
8.675734678082429319e-02
8.674783563615809379e-02
8.672563106493799689e-02
8.672153849580929719e-02
8.669913849534670314e-02
8.668513162210760015e-02
8.668247688961359942e-02
8.665871788783820195e-02
8.664910196164900269e-02
8.662827264368029578e-02
8.661964202780790545e-02
8.660322462054090287e-02
8.658591660986170169e-02
8.657060520526670133e-02
8.656017107059929550e-02
8.654634271257000133e-02
8.652873117828090155e-02
8.652056209541800214e-02
8.651292164964390075e-02
8.649545626331960058e-02
8.648893815503000404e-02
8.645843267702750523e-02
8.645134824478120650e-02
8.643569804482399699e-02
8.642962265784230602e-02
8.641300316787059455e-02
8.639648879491730604e-02
8.638649353074259740e-02
8.637510892411100205e-02
8.635489744408790524e-02
8.634507353894410597e-02
8.633656755744639755e-02
8.632306048286199351e-02
8.632352750224669968e-02
8.631357178364400251e-02
8.630343153820670132e-02
8.628427428939759725e-02
8.627711553067400618e-02
8.627225087625420286e-02
8.626400585297880341e-02
8.624727825146119575e-02
8.624903342533339623e-02
8.623408246424080215e-02
8.623692477690270142e-02
8.624050191974309831e-02
8.622035716080519996e-02
8.621546354091190467e-02
8.620450953119219994e-02
8.620490753438139753e-02
8.619506437525689679e-02
8.619554137519379322e-02
8.619788734968510113e-02
8.618934417270250614e-02
8.618559565544120504e-02
8.618100595999080016e-02
8.617951648656979602e-02
8.618333180543409633e-02
8.618314114809200177e-02
8.618990584728339344e-02
8.618774353476360561e-02
8.618688573380040019e-02
8.618939165421010684e-02
8.618789962392550685e-02
8.620008756729499733e-02
8.620338629010579345e-02
8.619312854026030257e-02
8.619946050798049653e-02
8.620579626641540483e-02
8.620835378454839992e-02
8.621075670771630173e-02
8.621911707598420294e-02
8.622005743701009750e-02
8.621786373480110066e-02
8.622848361352170032e-02
8.622848236748549555e-02
8.623219061354570059e-02
8.624633698982239749e-02
8.623912704133999962e-02
8.624338564095619664e-02
8.624528780011060658e-02
8.626595134313949642e-02
8.626391496850510654e-02
8.625857412947890435e-02
8.625518977179100211e-02
8.627012059141890565e-02
8.628375532204610177e-02
8.628289576509090564e-02
8.628808587455490120e-02
8.628603812371669901e-02
8.629997551058710137e-02
8.629792325799290342e-02
8.629510761413840270e-02
8.630392030505409928e-02
8.629968100060600444e-02
8.630999741458790508e-02
8.630633301281680214e-02
8.631646784206620238e-02
8.631752856733300450e-02
8.631536051821009359e-02
8.631987220119399784e-02
8.631613787945929817e-02
8.632229104634610295e-02
8.632083009166739707e-02
8.632057360452199957e-02
8.632245577363610589e-02
8.631746317786499756e-02
8.631901923942850163e-02
8.632292354982619431e-02
8.631811138869389943e-02
8.631957932153440372e-02
8.631846319412969648e-02
8.632180174719500387e-02
8.631563708297089466e-02
8.631626244443560414e-02
8.631540879674369504e-02
8.632072753398209453e-02
8.632098209299859937e-02
8.631824484477569615e-02
8.631788059837459948e-02
8.632050216056759429e-02
8.631274627397589327e-02
8.631844550793510429e-02
8.630603540290529563e-02
8.631437102263589400e-02
8.631628428775180162e-02
8.630168938026870629e-02
8.630984895598819984e-02
8.630723512400970132e-02
8.630285287453899612e-02
8.630634110143059479e-02
8.630879458214349431e-02
8.630054664309859402e-02
8.630158859704570307e-02
8.630568876822919400e-02
8.630720143780300224e-02
8.629797001228230180e-02
8.630322571511160612e-02
8.630019178606300467e-02
8.630113509205700195e-02
8.629872964193149865e-02
8.629811088320990531e-02
8.630545419811169738e-02
8.630777054942580240e-02
8.631034811803159346e-02
8.629714545504539591e-02
8.630493185613080653e-02
8.629718030393239425e-02
8.630122624541400334e-02
8.630394562251270107e-02
8.630024814175739356e-02
8.629745383417519733e-02
8.629950026721150413e-02
8.630488253306800583e-02
8.630227934582529459e-02
8.629995562073169979e-02
8.630123178304059672e-02
8.630323244541419914e-02
8.630369240977960044e-02
8.629581381708660570e-02
8.629838020440580570e-02
8.629253226926709985e-02
8.628628228349340124e-02
8.627826969716190231e-02
8.627634083091190176e-02
8.627070794709060242e-02
8.627031947983279658e-02
8.626166232975250592e-02
8.627376031974129389e-02
8.625746560232809557e-02
8.625638664011009427e-02
8.624768807724539355e-02
8.623588460892940566e-02
8.623646400565070091e-02
8.623506247836559835e-02
8.622450258323470507e-02
8.621072331955380308e-02
8.620147698905360201e-02
8.619310141175019757e-02
8.619109751331380243e-02
8.618651889666860411e-02
8.617375246318330351e-02
8.617676582369600269e-02
8.616570879822769979e-02
8.615542759511439497e-02
8.615540032711969942e-02
8.614261897415470548e-02
8.612991571948250269e-02
8.612655822659469329e-02
8.612243621417789430e-02
8.610540677267200516e-02
8.609962322827749426e-02
8.609907395250350481e-02
8.608592940317019715e-02
8.608439544145990441e-02
8.607250184959119865e-02
8.606846155341750515e-02
8.607054228548630115e-02
8.605337329384039891e-02
8.605298127912940076e-02
8.604404340735440082e-02
8.604210996927169619e-02
8.603236790809040690e-02
8.604310563154249358e-02
8.601714294187630394e-02
8.601536507787070629e-02
8.600874757683339700e-02
8.600324754762030122e-02
8.600453828843999948e-02
8.599934982426189756e-02
8.599627664648730463e-02
8.598867073855720466e-02
8.598087308336009593e-02
8.597587625856030480e-02
8.597382887772579696e-02
8.597703459114819369e-02
8.597870994427279923e-02
8.598010863811729465e-02
8.596987299251060421e-02
8.596928089511289561e-02
8.597527473543109533e-02
8.597047973371979568e-02
8.597189858886379599e-02
8.596975496721340204e-02
8.597613007356119663e-02
8.597917600631510560e-02
8.597896000752210111e-02
8.597583466603420099e-02
8.596987585298629386e-02
8.597535858612180559e-02
8.597628790913290631e-02
8.598606038055969791e-02
8.598769462791930329e-02
8.598286196964949335e-02
8.598469993822570323e-02
8.598851715526760475e-02
8.599580490349720274e-02
8.599413622952920000e-02
8.599153232187220497e-02
8.599833904423190289e-02
8.599561161052289571e-02
8.600087147005990029e-02
8.601030672586880421e-02
8.600145318945240369e-02
8.601603180029049334e-02
8.600913575546589862e-02
8.600777261989410449e-02
8.601134029685350568e-02
8.600336411297600236e-02
8.602285849027170583e-02
8.602026877902820001e-02
8.602341893021500652e-02
8.602180808167819714e-02
8.602666556030319489e-02
8.603682140544839652e-02
8.603202637661409857e-02
8.603406859886840452e-02
8.603384786993140132e-02
8.604438513375109454e-02
8.604870057319760623e-02
8.604856844688379969e-02
8.604892225829370578e-02
8.605168426319860508e-02
8.604406417349870495e-02
8.605451941128790250e-02
8.605425714938590154e-02
8.606172152032980083e-02
8.606912248215679850e-02
8.605860584595159679e-02
8.607229281386200026e-02
8.606857088071180606e-02
8.607589872299960254e-02
8.607239423285789615e-02
8.607994523306169987e-02
8.607899270271400505e-02
8.608990763721280359e-02
8.608186082955369967e-02
8.609668551765149724e-02
8.609587764464539383e-02
8.610186732173419344e-02
8.609430338444500064e-02
8.611050653539019384e-02
8.611381608824880685e-02
8.610711086153739757e-02
8.612471730260740088e-02
8.612007411825239878e-02
8.613161192461089855e-02
8.613021813559350315e-02
8.612574228355619754e-02
8.613523082822140131e-02
8.614059141876609371e-02
8.614072304492770282e-02
8.615369005545009395e-02
8.615811263853180579e-02
8.615119605921769952e-02
8.615227940363509584e-02
8.616474922468679576e-02
8.616061420649680225e-02
8.616484739110180646e-02
8.617325486600339868e-02
8.619168637541929634e-02
8.618899390283840667e-02
8.618680629903009704e-02
8.618821879476509795e-02
8.622387470017170430e-02
8.622290734255609601e-02
8.621616118438710230e-02
8.621523026423739966e-02
8.623769764565519802e-02
8.625751461583290591e-02
8.624672601139130035e-02
8.624286902802380528e-02
8.623607004092979922e-02
8.627933976635239477e-02
8.626427589004609375e-02
8.626866150825529544e-02
8.626095951450860055e-02
8.625761801595180356e-02
8.629517706282420486e-02
8.628208447511119539e-02
8.628094071734369874e-02
8.628016777845649854e-02
8.627723454472309428e-02
8.627430431096740071e-02
8.627666233739320067e-02
8.629905028435129466e-02
8.630100729250049507e-02
8.630152718093320185e-02
8.629977931718189887e-02
8.629407634269979643e-02
8.628689466752720305e-02
8.628833739594139740e-02
8.629248304300940475e-02
8.627932918887890046e-02
8.627168867640820638e-02
8.627673583480330310e-02
8.627865391954180063e-02
8.627100718694349912e-02
8.628372554332640332e-02
8.628247036942940373e-02
8.628067595972929715e-02
8.627946982253340003e-02
8.629607228486349535e-02
8.630091300831620182e-02
8.629899327316259416e-02
8.630879342223840567e-02
8.633324555871139949e-02
8.632649685442479737e-02
8.633751931250860379e-02
8.635003221037909626e-02
8.636582139783710588e-02
8.637624596380960584e-02
8.638151254071620155e-02
8.638720793993630298e-02
8.640297323301339427e-02
8.640678816300680076e-02
8.640678850165979530e-02
8.642493128849379480e-02
8.642770892576689956e-02
8.643276448031769754e-02
8.645138778690569792e-02
8.644604889793500169e-02
8.646301938392400577e-02
8.646243482347690246e-02
8.646308068723390639e-02
8.646905448165780050e-02
8.648456950660819709e-02
8.649298256562279463e-02
8.649436988165569440e-02
8.650026258171110427e-02
8.649603429435140378e-02
8.650869356239899999e-02
8.651453125518830667e-02
8.652235815806690045e-02
8.652738319006250678e-02
8.653292479267520043e-02
8.653957201804840516e-02
8.654636813321260613e-02
8.655632705957440332e-02
8.654996001846239351e-02
8.656118992993469541e-02
8.656778283410719588e-02
8.657872567877769598e-02
8.658660761928969885e-02
8.659171259734939341e-02
8.658797293544340246e-02
8.659823360608470688e-02
8.660861665129279685e-02
8.661277986892100544e-02
8.663150915713399569e-02
8.663217461778489892e-02
8.663179124476640125e-02
8.662803145209149736e-02
8.663699980070470319e-02
8.664516060377450146e-02
8.665326543090749734e-02
8.665441960575680225e-02
8.665559070697069488e-02
8.666597865232619768e-02
8.666869745040380046e-02
8.667741954794669357e-02
8.668339935385230288e-02
8.669084420539140134e-02
8.668966834137190047e-02
8.669209775187390610e-02
8.669610052632710506e-02
8.669374316017329496e-02
8.670969036248429851e-02
8.670603272090940394e-02
8.671454955247889784e-02
8.671988978054209762e-02
8.672654645928509765e-02
8.671651788173710684e-02
8.672495766423589381e-02
8.673071919795780071e-02
8.673796715066660334e-02
8.673376095747549475e-02
8.674224694027589389e-02
8.673713683843900513e-02
8.672883239320319793e-02
8.671767349925349477e-02
8.672008869819210208e-02
8.671928783751770009e-02
8.667473823000650113e-02
8.666687998921629443e-02
8.666508254822609392e-02
8.665929171639789874e-02
8.664612884423619765e-02
8.665260344887379396e-02
8.666081505392329853e-02
8.663032859387420626e-02
8.663879961180789846e-02
8.663364546802909683e-02
8.660896637404280618e-02
8.660075085065779832e-02
8.659443527288269993e-02
8.658085550975290479e-02
8.658290235996099482e-02
8.656957688376940019e-02
8.655293671068020611e-02
8.655337742623310515e-02
8.654821498254930412e-02
8.652509666842410352e-02
8.652829669331460472e-02
8.651321378083380587e-02
8.651256790880000602e-02
8.650536815805159874e-02
8.649585152558710022e-02
8.648618718248919646e-02
8.647828895742709632e-02
8.647789709822760462e-02
8.646151356914849595e-02
8.646222546111130558e-02
8.644277942486899846e-02
8.643459148199859887e-02
8.642937993216349979e-02
8.641466195279129403e-02
8.641355507632740574e-02
8.641637157721329676e-02
8.638873315989900603e-02
8.637965089182489398e-02
8.638909625031880590e-02
8.637520608427110003e-02
8.636832835025440303e-02
8.635700644954390215e-02
8.635005740768590676e-02
8.635011551264129559e-02
8.633665211386379323e-02
8.632693690933070096e-02
8.632440631344129311e-02
8.632577021939970285e-02
8.631125763945320106e-02
8.630937877433220162e-02
8.628587273937039781e-02
8.630063925857189844e-02
8.628577275852329642e-02
8.628394706490910560e-02
8.628981565059970493e-02
8.627630033160299527e-02
8.627755571537690238e-02
8.626748971781640629e-02
8.626775409467890565e-02
8.626169969357770639e-02
8.625021386023029590e-02
8.625962305375310668e-02
8.624727972362809802e-02
8.624472898435420198e-02
8.624732672923400567e-02
8.624469812884319464e-02
8.624554932443830035e-02
8.624418269138429960e-02
8.623422385602989848e-02
8.624347534158870177e-02
8.622954671072760591e-02
8.623489451635470149e-02
8.623754370304140271e-02
8.623030790165829573e-02
8.623221913988360354e-02
8.622622976565449959e-02
8.623617168538599831e-02
8.623615193700509551e-02
8.624020769058879377e-02
8.623182981663289615e-02
8.623885820269140690e-02
8.623657224498400276e-02
8.623566353208179935e-02
8.623823246297220024e-02
8.623995343400979452e-02
8.622474962779060059e-02
8.623775461265670295e-02
8.623400219939729439e-02
8.623883007519589361e-02
8.623934669276030196e-02
8.623707511447149809e-02
8.622820775964719353e-02
8.623944563716659517e-02
8.623546738175870419e-02
8.622918544643509708e-02
8.622979135558389574e-02
8.623645034965539413e-02
8.623223123927969969e-02
8.621682956568769984e-02
8.622632998716270314e-02
8.622193712436350410e-02
8.621522898019179371e-02
8.621912717956360661e-02
8.622663273113150006e-02
8.621813913448750366e-02
8.621798104978249666e-02
8.622168308673329451e-02
8.622021848824909518e-02
8.622376254061829559e-02
8.621830113630089831e-02
8.620550290921390191e-02
8.620261407461070335e-02
8.620880387687909763e-02
8.621161402788919681e-02
8.621452319208920689e-02
8.620506708142409991e-02
8.620988281375889517e-02
8.620105156045410055e-02
8.621998692769129724e-02
8.622221034922690486e-02
8.621904424988849347e-02
8.621677493971080519e-02
8.622253430856209599e-02
8.621722746304180673e-02
8.623075703599239472e-02
8.622481688708319436e-02
8.622618700781520262e-02
8.623207393331290549e-02
8.623186529192579386e-02
8.622508071398460316e-02
8.623467772755630256e-02
8.623694086978149487e-02
8.624758505840950107e-02
8.624569863717070073e-02
8.624731342786999544e-02
8.625568047400139493e-02
8.625909302271539403e-02
8.627359168400479394e-02
8.626702294448000685e-02
8.626363745021470297e-02
8.627461163070200556e-02
8.628586439651809992e-02
8.629725349127609357e-02
8.629499335456730646e-02
8.629151646596459890e-02
8.629166424658389623e-02
8.629579880025739502e-02
8.631272659308690531e-02
8.631365577205410422e-02
8.632220521210699771e-02
8.631919231436710471e-02
8.632788047246039986e-02
8.634527837440800213e-02
8.634451473049920001e-02
8.634077723117609959e-02
8.633466371872980383e-02
8.633300792879659846e-02
8.635350495668990545e-02
8.635524538591890509e-02
8.636403334835959789e-02
8.637368764277120192e-02
8.637475970116059720e-02
8.637155967227720665e-02
8.636801455146800310e-02
8.636304560346069747e-02
8.636727834285690131e-02
8.636381485270369640e-02
8.636298488965279962e-02
8.636529815707899571e-02
8.637565446510919731e-02
8.635647557736980673e-02
8.638676587652760475e-02
8.637473996171220192e-02
8.637707035592780136e-02
8.637699907111000275e-02
8.639547873185120241e-02
8.639927484194789842e-02
8.639655479205339550e-02
8.639953484850509957e-02
8.639902477928050606e-02
8.639052519583390044e-02
8.638580647504459642e-02
8.638061166798599588e-02
8.638311129305580038e-02
8.637893390911559333e-02
8.637915739930419889e-02
8.635901462967859876e-02
8.637199332220819870e-02
8.636119578989930046e-02
8.636831818863069388e-02
8.636580036250809944e-02
8.636579651276629632e-02
8.636746189854180300e-02
8.636997734264899307e-02
8.637460452804750222e-02
8.637275536184510494e-02
8.635505969761099465e-02
8.635447794676200106e-02
8.635434600851679687e-02
8.634119621157769486e-02
8.634018610442560637e-02
8.634484658470549523e-02
8.633702965295020348e-02
8.632390334969509971e-02
8.632283202776559750e-02
8.631487436642640287e-02
8.631295179133979811e-02
8.630667441155559505e-02
8.629397190650990590e-02
8.629384266328860020e-02
8.629174919963800150e-02
8.629233429647870102e-02
8.626990931322049694e-02
8.627537792155569318e-02
8.626412855040199723e-02
8.625920856231940326e-02
8.626052730677140346e-02
8.625305239764760601e-02
8.624916680172109440e-02
8.624225896879419984e-02
8.622958262950869424e-02
8.623807426247520613e-02
8.621876281335559555e-02
8.621622593341539409e-02
8.621790219133310118e-02
8.620513752542549590e-02
8.619766674476819768e-02
8.619818918734099833e-02
8.618615078698599330e-02
8.618789988287919868e-02
8.618745525006510366e-02
8.617269813400349476e-02
8.616055695188880315e-02
8.615576840871179420e-02
8.615507221699329754e-02
8.614890138263689434e-02
8.614356810136930553e-02
8.612626708955779808e-02
8.612305790555080387e-02
8.612178411243920362e-02
8.611945428109470113e-02
8.611378470234549998e-02
8.609802576223439530e-02
8.610008572034409668e-02
8.608359307253510284e-02
8.608748843001519380e-02
8.608729879684319519e-02
8.607932716275550067e-02
8.608295249629339951e-02
8.606299642109939418e-02
8.606606833030000514e-02
8.606399753669430330e-02
8.605087918303100381e-02
8.605096725068890617e-02
8.604379355764270321e-02
8.603314315678729784e-02
8.604393402440589644e-02
8.604320064825439485e-02
8.603862270175779980e-02
8.604228599485480578e-02
8.602657642825729811e-02
8.603395477367399569e-02
8.602684765579049486e-02
8.602812676453279461e-02
8.603383450359150530e-02
8.602721940838360670e-02
8.603441250344789903e-02
8.603145070883290446e-02
8.602587480694459665e-02
8.604481190900570287e-02
8.603819793244510405e-02
8.603922784948260516e-02
8.603877087730729678e-02
8.604084781123670644e-02
8.604165781604600216e-02
8.604603202267510631e-02
8.604833540786470392e-02
8.605183672026030239e-02
8.605773253829220037e-02
8.605219336711439349e-02
8.605048596744030442e-02
8.607007157098109373e-02
8.607599084804269662e-02
8.607563156074560240e-02
8.607432556950729563e-02
8.607790804123760520e-02
8.608456281733950499e-02
8.608399155553020377e-02
8.608896937140350647e-02
8.609504715616769777e-02
8.609142567823070691e-02
8.610628122408039986e-02
8.610794151504630456e-02
8.611744873889770613e-02
8.611386926535140318e-02
8.611822902964789972e-02
8.611746229075629977e-02
8.612358306566479660e-02
8.613737321092089505e-02
8.614307066124660128e-02
8.613328646407959754e-02
8.614249597386360036e-02
8.615856533097229764e-02
8.615757039199359313e-02
8.615188673069509862e-02
8.617350245615580662e-02
8.618127546373749448e-02
8.618717137716920551e-02
8.619376264253250652e-02
8.618642627476499896e-02
8.619712671013300687e-02
8.620632364668999459e-02
8.620827178032379468e-02
8.621675219064470208e-02
8.623380730019890306e-02
8.623464115310730538e-02
8.623160069022360597e-02
8.624849354725329376e-02
8.625501180618129482e-02
8.626198091513939681e-02
8.626039262375570504e-02
8.625225980193799991e-02
8.626710553022269579e-02
8.627110840638320399e-02
8.628176763759659584e-02
8.627460538509580668e-02
8.627457629456150578e-02
8.626400398337169539e-02
8.628766024401149370e-02
8.630073632007359552e-02
8.629759095153939630e-02
8.629727688286439879e-02
8.629692796003900213e-02
8.629001414804110537e-02
8.629316861654000304e-02
8.630637873515399627e-02
8.633355542848250574e-02
8.633117466930090300e-02
8.633881418943120667e-02
8.633030526654400516e-02
8.633593178083780184e-02
8.633881710369220586e-02
8.633867053443769479e-02
8.633048714042590444e-02
8.633983051468439862e-02
8.632059269414220359e-02
8.633171997397290354e-02
8.632603200721450376e-02
8.633142401881689632e-02
8.632770507287550188e-02
8.632926061245099758e-02
8.632452992425070082e-02
8.632595990588859403e-02
8.631731478292439808e-02
8.631155239304960647e-02
8.631741459654880544e-02
8.632019745410700329e-02
8.631279311748139838e-02
8.631722031028210562e-02
8.631718161939190559e-02
8.632697921968110477e-02
8.633463913570800508e-02
8.634227125796739566e-02
8.633944870845340624e-02
8.635882507766150240e-02
8.635089534363700470e-02
8.636868525711599576e-02
8.637641146563619643e-02
8.638658211303469614e-02
8.639904087553959555e-02
8.640973586657769989e-02
8.641735339062420196e-02
8.642508347538750690e-02
8.642353645588779498e-02
8.643760979312720139e-02
8.644617626387270104e-02
8.645860684673520313e-02
8.646553765848369322e-02
8.647012200935240422e-02
8.648552831802809593e-02
8.649168559698200420e-02
8.649773421943829366e-02
8.650269093645389373e-02
8.652569519633819539e-02
8.652186021764210477e-02
8.652542431123440292e-02
8.654364990910659583e-02
8.654286305797889711e-02
8.654196751879469907e-02
8.655792321246300047e-02
8.656576850755169639e-02
8.656928079711420643e-02
8.656994587746910663e-02
8.656646672144180377e-02
8.657592577686820667e-02
8.658033163226119822e-02
8.658202814658079449e-02
8.658491906439169661e-02
8.657927518522159915e-02
8.658547289296260330e-02
8.659013026329340224e-02
8.660282798989009378e-02
8.660395277115050250e-02
8.660362779800019617e-02
8.660788715085029899e-02
8.660106576934850642e-02
8.660449617959049828e-02
8.661578710389609970e-02
8.662195414595440235e-02
8.662797136370800621e-02
8.662760909099130602e-02
8.662740254443840326e-02
8.663194854196909489e-02
8.662529840250589308e-02
8.664273206396129468e-02
8.664046094271819765e-02
8.663676927879800094e-02
