1.969602700064637002e+00
1.971941865150027562e+00
1.984277604692353814e+00
1.984543765912724300e+00
1.980766233503073570e+00
2.053568796708540312e+00
2.022749066882183477e+00
1.984588838727275206e+00
2.262455894265056777e+00
1.723359252078860981e+00
2.117520534769617768e+00
1.848488596728810052e+00
1.633553196723638967e+00
1.590977133595318893e+00
1.677211508045542532e+00
1.745112351009080909e+00
1.730084599910433063e+00
1.941848023413887958e+00
1.713977336041501598e+00
1.651554731943236431e+00
1.791074911882283294e+00
1.909272568307260665e+00
1.846833943887387308e+00
1.884255321829730878e+00
1.908388283773241323e+00
1.835713318435953756e+00
1.844356315726017881e+00
1.912304413618272525e+00
1.835431392990899191e+00
1.853848073299868560e+00
1.806869580402117759e+00
1.938314515761058177e+00
1.866522649862214944e+00
1.792999563402444263e+00
1.870212638901264768e+00
1.803580905159823722e+00
1.912736453956214389e+00
1.842771727517312108e+00
1.914316719374672848e+00
1.845317509725103999e+00
1.814073252878276366e+00
1.862915331901513039e+00
1.844395691751681277e+00
1.830631207899224400e+00
1.927284370592466267e+00
1.840155683269623310e+00
1.843497909163987591e+00
1.884265430423853083e+00
1.726578993906285664e+00
1.702056531345545798e+00
1.706280653290884075e+00
1.590344971879153579e+00
1.658247434347556837e+00
1.617756833249699433e+00
1.607885375160458707e+00
1.560579249112048039e+00
1.724016561793340285e+00
1.651808908089856587e+00
1.594910459081155363e+00
1.674202536226284899e+00
1.624199620880671713e+00
1.668249039047143834e+00
1.730834398897227233e+00
1.526926333641407618e+00
1.695233527907612947e+00
1.578005135591669106e+00
1.903521860781384856e+00
1.938117133265656822e+00
1.511116520762151305e+00
1.877931292231410643e+00
1.849641202423073727e+00
1.899551896520473626e+00
1.706007781248210176e+00
1.964599096557675173e+00
1.809407991992726839e+00
2.213635852477474408e+00
1.443025956538529497e+00
1.855743578328711951e+00
1.830405374727893220e+00
1.930641385989251946e+00
1.762619312481619183e+00
1.789767114320594432e+00
1.974983256317571323e+00
1.809097029827118286e+00
1.906673111432085177e+00
1.912157176349574605e+00
1.981339663239118032e+00
1.965374184457004958e+00
1.815703534508341432e+00
1.817057560179236697e+00
1.765889335112955205e+00
1.806597864946965837e+00
1.828160227784398906e+00
1.759935385187853862e+00
1.777769533980731564e+00
1.819143539682315902e+00
1.762262325877631763e+00
1.781313281777459290e+00
1.754315105370839456e+00
1.784743874203980285e+00
1.752695380509827539e+00
1.766362662577927622e+00
1.733798467997390791e+00
1.694645112060854997e+00
1.753136377196438334e+00
1.691986877795931932e+00
1.559021389729355445e+00
1.702316741985440363e+00
1.690759375959825395e+00
1.734291145766045927e+00
1.545143159298177471e+00
1.560253814688151941e+00
1.514894860229410112e+00
1.527863157140316730e+00
1.410411456018611176e+00
1.461185985650893082e+00
1.397134406149622032e+00
1.451077548488088009e+00
1.502528770652772794e+00
1.379337016373073821e+00
1.469138732167656336e+00
1.353776209607356007e+00
1.207768244811157077e+00
1.452942112702621413e+00
1.430881159396991675e+00
1.459694521696174530e+00
1.247520019324251939e+00
1.734146687198626857e+00
1.366414425531635946e+00
1.550013008980917650e+00
1.554383401787500674e+00
1.607543607096345362e+00
1.327717620644586427e+00
1.148843100615587254e+00
1.062481220819714078e+00
1.145107486080636505e+00
9.272002062299372627e-01
1.092037291386160680e+00
1.114172731767209434e+00
9.760503255331302030e-01
9.876939575425810469e-01
9.712584132792567715e-01
9.588955969581260952e-01
9.042183530735671271e-01
9.189194497014875340e-01
9.654538764139324325e-01
9.411434662035488286e-01
9.382795341493802566e-01
9.381342793414486625e-01
9.231136944185667215e-01
1.064088252337457297e+00
9.876309075610316679e-01
1.007472489588858267e+00
9.631626499429850607e-01
9.171889764928058408e-01
9.777240368600540465e-01
8.837315160647496448e-01
8.954468430154337577e-01
8.468708243444295070e-01
8.507948553364711453e-01
8.619284410051992751e-01
8.239588954887591132e-01
7.918274839977278434e-01
7.722015942597969529e-01
7.920759666806664878e-01
7.544120518580504919e-01
7.595006889566643382e-01
7.402218483874604127e-01
7.414843894753329057e-01
6.930318779841436738e-01
7.154710235159339460e-01
6.832181602107855189e-01
6.878377999940643583e-01
6.741816280225182423e-01
6.570290038673112232e-01
6.571658127184670795e-01
6.572000259193853111e-01
6.271150354397723170e-01
6.182873255988968753e-01
6.252543293782134581e-01
6.447938182481037783e-01
6.421150002685608316e-01
6.212254316237189045e-01
6.157793952748593647e-01
6.228467245764582882e-01
6.240018491666640132e-01
5.935682852859838210e-01
6.099239986760164323e-01
6.344391384696078662e-01
5.942952652893248588e-01
6.029363328190151528e-01
5.992684852813113805e-01
5.974045035760300326e-01
5.988335624276038827e-01
5.958449125823351844e-01
5.909702779316449162e-01
5.977018459873769674e-01
5.827585389267062599e-01
5.755583423855398228e-01
5.704562062572888781e-01
5.655743352307548433e-01
5.720150258871559146e-01
5.715953920387183418e-01
5.673962400965272268e-01
5.566655835217753090e-01
5.414104672800544860e-01
5.517362846197810811e-01
5.525777903039953420e-01
5.469604784650853313e-01
5.468419777833783968e-01
5.449996130731448174e-01
5.328933337196553044e-01
5.372249283414479715e-01
5.363326818728412215e-01
5.419013550044856631e-01
5.345003639631574766e-01
5.398064942179032766e-01
5.331851735058305009e-01
5.399439004687881516e-01
5.325693631120531624e-01
5.234113185736634088e-01
5.499405568609379014e-01
5.264725460611855423e-01
5.357696879323275985e-01
5.339381582419540084e-01
5.434368843649559633e-01
5.500758848301650072e-01
5.440701528601966652e-01
5.356411734975921046e-01
5.377606923526818683e-01
5.389258138957484512e-01
5.383375313265746920e-01
5.509835104300347952e-01
5.326892092036672466e-01
5.313837457424697153e-01
5.457420030958930468e-01
5.302538423118043909e-01
5.479470922746503270e-01
5.475026249176022652e-01
5.291940939955783740e-01
5.440331652046652700e-01
5.401348187364740649e-01
5.496970962499176938e-01
5.354603694436191885e-01
5.597934102323502970e-01
5.458278472740051290e-01
5.488460654920092052e-01
5.405909624205826880e-01
5.509772561012415970e-01
5.448524881514397178e-01
5.508053605383157469e-01
5.482686478439264821e-01
5.493911632070093143e-01
5.579787621012470833e-01
5.544053588332080729e-01
5.772545862316105225e-01
5.642120303971469575e-01
5.690080578787479748e-01
5.657558267078386383e-01
5.618749139780451207e-01
5.702418295012512406e-01
5.628556240629487561e-01
5.618837497262069158e-01
5.492201345373457499e-01
5.480790544295731648e-01
5.560068072453503429e-01
5.546962546922999948e-01
5.566573242007574196e-01
5.511279964222403072e-01
5.651965759951318446e-01
5.740399433353177150e-01
5.639204730597350279e-01
5.738478765271669557e-01
5.716953366486831056e-01
5.713159919040390333e-01
5.761876714705297386e-01
5.633613105475018257e-01
5.785980633098780634e-01
5.888545868257927252e-01
5.666996721801110803e-01
5.745336170200078252e-01
5.716160276683835972e-01
5.782462625728108652e-01
5.801525281242730925e-01
5.736118498043202285e-01
5.794386183739504981e-01
5.753350370465107888e-01
5.666997777207463116e-01
5.683463322577716470e-01
5.785278735713718090e-01
5.727928289811353713e-01
5.820802597314257421e-01
5.732019936305330354e-01
5.751186412091224831e-01
5.969214287323540979e-01
5.832267563805632049e-01
5.785975109519737591e-01
5.878597253832634761e-01
5.789332866028457092e-01
5.862348025640272686e-01
5.764172469774937468e-01
5.753874718358147344e-01
5.643659242462839565e-01
5.648335370828734270e-01
5.768647034874829771e-01
5.731157605706851399e-01
5.662745622937704892e-01
5.824739674743123485e-01
5.776226149951473321e-01
5.770353733707846988e-01
5.887783892259222940e-01
5.793433332786076528e-01
5.787920011984554192e-01
5.904941188955862286e-01
5.856399636397553454e-01
5.970596379054194935e-01
5.881714922821765779e-01
5.778296358494939833e-01
5.661815909814865710e-01
5.855553740740927493e-01
5.962382751917395529e-01
5.905466762341583520e-01
5.924664188883782545e-01
5.753563194273476622e-01
5.895968736912923225e-01
5.971617464088232463e-01
5.838387935217419500e-01
5.970372450688136157e-01
5.852048348676267553e-01
5.871888670288164525e-01
5.827437581722443305e-01
5.853088028061993464e-01
5.935405767252833753e-01
6.044815098059337366e-01
5.751495158214765535e-01
5.929591834946748019e-01
5.970245544082553035e-01
5.945599130803154164e-01
5.838559390504677316e-01
5.893864424513926004e-01
6.069746949698190397e-01
6.016216460620806838e-01
6.013525691685376318e-01
6.134264834283819079e-01
5.918809617370552889e-01
6.091015922088227619e-01
6.011417567346761803e-01
6.011564269077585010e-01
6.094725205862229211e-01
5.954721986604839534e-01
6.041541954758927746e-01
6.083361101628851353e-01
6.154890340999817910e-01
5.942234308268790066e-01
6.177138221257910677e-01
6.052211148864299339e-01
6.140866925858039505e-01
6.107826024536519016e-01
6.133290392432703131e-01
6.045638683787394330e-01
6.094646028934285198e-01
6.072382401123508355e-01
6.218009261128512044e-01
6.181812556125716451e-01
6.346070993157563178e-01
6.265969115837826120e-01
6.017966247770651922e-01
6.189439149708675370e-01
6.116413343845126249e-01
6.236326077387295275e-01
6.268567984253686776e-01
6.161470143265764809e-01
6.303687240009829829e-01
6.136059774318939342e-01
6.218993455221303313e-01
6.226076452300122188e-01
6.158362527414112941e-01
6.348279332024949762e-01
6.260300557986003822e-01
6.219961915751700543e-01
6.236247853405808561e-01
6.383271621440127497e-01
6.132070215484990428e-01
6.431285193022460156e-01
6.247938363379462734e-01
6.478828826704547961e-01
6.544041235366941933e-01
6.334897121405264064e-01
6.420653453245717124e-01
6.512134582413723338e-01
6.483203965264781043e-01
6.296195850796647564e-01
6.489522561136643608e-01
6.448010439311848696e-01
6.344379295110728068e-01
6.363304083545319179e-01
6.518377252297384850e-01
6.515958072444486548e-01
6.552662218359359692e-01
6.529839357498834485e-01
6.682036254092948990e-01
6.433839517261393803e-01
6.805001950549198764e-01
6.574134836076086508e-01
6.596118200460582282e-01
6.636043604886824321e-01
6.714026681780681516e-01
6.570296302844904623e-01
6.400846530349175723e-01
6.453009324185754458e-01
6.487719651512027230e-01
6.422823197833924525e-01
6.384007208673665446e-01
6.246669432360707486e-01
6.246664640197141516e-01
6.354972374209887365e-01
6.275890260398753195e-01
6.266526249193151710e-01
6.190402182232382922e-01
6.166463296757086487e-01
6.188825730889242482e-01
6.150066832500991065e-01
6.308926769730535122e-01
6.178241930210811583e-01
6.314111121228425105e-01
6.131914805846957472e-01
5.986840654776878212e-01
6.202540149909776535e-01
6.096609143036333389e-01
5.967352112780112128e-01
5.968586127121169316e-01
6.028167020126807829e-01
5.844295583031258179e-01
5.964273287178764038e-01
5.847931972101116926e-01
5.970085955501591712e-01
5.949169593573452319e-01
6.011624420103427457e-01
5.937285996070732486e-01
5.984697526937695633e-01
5.949398975445220339e-01
5.921411072594691127e-01
6.067130371579059211e-01
5.924461838419621262e-01
5.866639171581468082e-01
5.981519118688971570e-01
6.003854836605604373e-01
6.013328886890361158e-01
6.007238595185050434e-01
5.904166216558288660e-01
6.074411640398339474e-01
6.016614217086276861e-01
5.949794610570923181e-01
5.930780538475832753e-01
6.013012695397952356e-01
6.004973959427815089e-01
5.914135243226527061e-01
5.914536437807064173e-01
5.915780730085954398e-01
5.971159918709134651e-01
6.084092615560747763e-01
5.811529180923513671e-01
6.036054721341668206e-01
5.903824283881681234e-01
5.917020183691461543e-01
5.961988773669920638e-01
5.851757229976004560e-01
5.944284322278009514e-01
5.956941237250901189e-01
5.833639669530530369e-01
5.838844448799401787e-01
6.000931302681563606e-01
5.794147601436827610e-01
5.863319193438077948e-01
5.850236260722796455e-01
5.783457149790132146e-01
5.697020833122401484e-01
5.865494901269489025e-01
5.840303793974661595e-01
5.773824998900187744e-01
5.820206797323095316e-01
5.825924594185226679e-01
5.735306715883976558e-01
5.698654489742098761e-01
5.766775099885593781e-01
5.677652920208048348e-01
5.658783570359793291e-01
5.705148439928423576e-01
5.714307655284490695e-01
5.815443957023266330e-01
5.647838501096036357e-01
5.680232199274900529e-01
5.657795993392811251e-01
5.692842068405092881e-01
5.471594806981388004e-01
5.629633846610387904e-01
5.741203793397766653e-01
5.664766222374739701e-01
5.569482601578903402e-01
5.596320846054401166e-01
5.518041966594309233e-01
5.618728410550536401e-01
5.656233081290467091e-01
5.649791588366128714e-01
5.503003914959146980e-01
5.480928206404451775e-01
5.553202838876247771e-01
5.525445145343810260e-01
5.546627840184636948e-01
5.491661247238375232e-01
5.609294119617347363e-01
5.450935295079101239e-01
5.515479417426804032e-01
5.661890196208709813e-01
5.618362765579911766e-01
5.473745721106391127e-01
5.467723688805002924e-01
5.442348761862915163e-01
5.560013038330383628e-01
5.550359346535084226e-01
5.627977079979096242e-01
5.409565984855182474e-01
5.530826864889172301e-01
5.483711167284424093e-01
5.412627046371291106e-01
5.443721885867134347e-01
5.416307091406940000e-01
5.594837427993247791e-01
5.450858705041692343e-01
5.444399863040436660e-01
5.470777649148633737e-01
5.533150612269903679e-01
5.594551627951231954e-01
5.563344085291804797e-01
5.533215500410622045e-01
5.629651038621434900e-01
5.553461702682245260e-01
5.539505065703150821e-01
5.531389845504997016e-01
5.575282567088908348e-01
5.555553819743705990e-01
5.443945874413063102e-01
5.571223668996969636e-01
5.527893886936395829e-01
5.472564740949557027e-01
5.499736370264317609e-01
5.438344105511045967e-01
5.584989589673809984e-01
5.604821449971008063e-01
5.471720021805889234e-01
5.551844646491241875e-01
5.628706277915626055e-01
5.612439342712575163e-01
5.538624898472584990e-01
5.623083227886801483e-01
5.700853221338142429e-01
5.647542363125641618e-01
5.585061638802539807e-01
5.650111056097190110e-01
5.641702588016014319e-01
5.735583244112435475e-01
5.662615087726247110e-01
5.796209259398179547e-01
5.760229118727526743e-01
5.734669043996022397e-01
5.804478771450420904e-01
5.785524233782607384e-01
5.744577501595572455e-01
5.921495943514546445e-01
5.744244950053782883e-01
5.809326780001017321e-01
5.784249293827202765e-01
5.809997093114661615e-01
5.852386468319179524e-01
5.836966333608296642e-01
5.968158420177228640e-01
5.889936523186107831e-01
5.942876973934373419e-01
5.939910440202523789e-01
5.888296676392111850e-01
5.893315495937259119e-01
5.814131843095031726e-01
5.953972826916583694e-01
5.887857825948206170e-01
5.767550159456495962e-01
5.948341868256830089e-01
5.920929226663308453e-01
5.924910656299052780e-01
5.944177666132409721e-01
5.857830685948636207e-01
5.920405431145245867e-01
5.958748573661386549e-01
6.003870391741725765e-01
5.861911354199473845e-01
5.906260564082319586e-01
6.020435296392366853e-01
6.004562842993456107e-01
6.067731246921784782e-01
5.946691204658692831e-01
5.879328889449971784e-01
6.015096742703912591e-01
5.908781071191686607e-01
6.018850884314106420e-01
5.950832851061048645e-01
6.040834635674373621e-01
6.060357489799137465e-01
6.160222976846428944e-01
6.104527332089726421e-01
6.161334289942417275e-01
6.095087633053031251e-01
6.261308458666466903e-01
6.042982471063302885e-01
6.143580574931187810e-01
6.188599158679332080e-01
6.331099303454725824e-01
6.209327592238739202e-01
6.280818853784460032e-01
6.295832936935440438e-01
6.286377707148199656e-01
6.159374241127240079e-01
6.114383968917103118e-01
5.980164942607453238e-01
6.113229546395159142e-01
6.171866357800707137e-01
6.167486709888995167e-01
6.145331960862125964e-01
6.299834996261803877e-01
6.123844700553032760e-01
6.306426158285883821e-01
6.377710198358346183e-01
6.689485862650623726e-01
7.088661976569161638e-01
7.315288141274446376e-01
7.849515103008769534e-01
8.328493319866956401e-01
8.740271401997129486e-01
9.002714926948434115e-01
9.309687430454289814e-01
9.618030371549751711e-01
9.796899589109255846e-01
9.915913631599295730e-01
1.018950279530441261e+00
1.102251914998821025e+00
1.112016443277430433e+00
1.040563408755368791e+00
1.019994098337319022e+00
1.050852373485937186e+00
8.779269726912874994e-01
1.393632885590886161e+00
1.371691672860829714e+00
1.392647915555554894e+00
1.435971331242426263e+00
1.424320263424485811e+00
1.431991034600776924e+00
1.313108111118930887e+00
1.336494722644378186e+00
1.253233814241185629e+00
1.202074104074437599e+00
1.103950749613106241e+00
1.107961893582945168e+00
9.969051092944593018e-01
9.426940650079580486e-01
9.603451495348006572e-01
9.438972207270928116e-01
9.827457619766543084e-01
1.006647166647258285e+00
9.495507135252014841e-01
9.894322800683486019e-01
9.661532136606345578e-01
9.240320128209270623e-01
9.697055022205417485e-01
1.072039217636704622e+00
1.079763855919313675e+00
1.245494513003887471e+00
1.389581983477552685e+00
1.412707309390059507e+00
1.399545212538970240e+00
1.455932209581665138e+00
1.461998780447141932e+00
1.472513870874792685e+00
1.489097879089130494e+00
1.462672912320934326e+00
1.459645166723952947e+00
1.438229457339184503e+00
1.434391233442717128e+00
1.415720973881325673e+00
1.409372853000956383e+00
1.392732906748283872e+00
1.349514141869823991e+00
1.299993628505000220e+00
1.192320889130691564e+00
1.026263066060960183e+00
8.975514441949767885e-01
8.580635192733315764e-01
8.442234815841010986e-01
8.358949513182097890e-01
8.232744230226618498e-01
8.542330751598645744e-01
8.218071104390778370e-01
7.988033537671214157e-01
7.690615028339343739e-01
7.570304851097846566e-01
7.417401848426975475e-01
7.140935113209697649e-01
7.165780411104176739e-01
7.118007606314470381e-01
6.886063644896264213e-01
6.786573424908640684e-01
6.743660142560027326e-01
6.725668017074808436e-01
6.603250508809741515e-01
6.495751682955422934e-01
6.505624058162570167e-01
6.315613553512829936e-01
6.373125884826821297e-01
6.271635619080504487e-01
6.325139628427328686e-01
6.173541428158695332e-01
6.029200802225743727e-01
6.064807541727265106e-01
6.130234254406953243e-01
6.020156596151777784e-01
6.210342085763899123e-01
6.160764599504042760e-01
5.968530084783434386e-01
6.104386103918950646e-01
6.086461712798705292e-01
5.967184145687632890e-01
6.095389685533219026e-01
6.112814133487515234e-01
6.186388064801108255e-01
6.055099843791167391e-01
5.997410288893917363e-01
6.224558140894438374e-01
5.960645165639139043e-01
6.191554242981108791e-01
6.252011992032225907e-01
6.287226265003648118e-01
6.133157983691321924e-01
6.151299078423749789e-01
6.395894031894964193e-01
6.335607713232780380e-01
6.265414958271537937e-01
6.350807871498415080e-01
6.273376117721763956e-01
6.359997143806600528e-01
6.172837109852002957e-01
6.299582497224648359e-01
6.300510826926204455e-01
6.277219105813720557e-01
6.068591142578461106e-01
6.081791786798587118e-01
6.172559190199968793e-01
6.011162219108405758e-01
6.029582431894527916e-01
6.008558724594189604e-01
6.130945118404589333e-01
6.034748656962181101e-01
5.964285402204506648e-01
6.092386642006232256e-01
5.889498844608460626e-01
5.935386427573963175e-01
5.862685629512294216e-01
5.766965636020959796e-01
5.753846841871114171e-01
5.730823813709947645e-01
5.701045955057354453e-01
5.883758845893010125e-01
5.826250610868413116e-01
5.846458098935370939e-01
5.778197872468380236e-01
5.700064069394440436e-01
5.682738459796952135e-01
5.709263226145001591e-01
5.869735032334055802e-01
5.793084813271067723e-01
5.813164988260810517e-01
5.772887148051704109e-01
5.795999416325264830e-01
5.777913050879234236e-01
5.679611743850382366e-01
5.648836182640171177e-01
5.668772807328338326e-01
5.730703392105171989e-01
5.751304610692615782e-01
5.672367597069666312e-01
5.862961743703936079e-01
5.780298362868222517e-01
5.669974529173610334e-01
5.696020380148976159e-01
5.746556206331661087e-01
5.626478139163439973e-01
5.753871912337668038e-01
5.644777857838922941e-01
5.733058723102613108e-01
5.735565142311889186e-01
5.649154394157425152e-01
5.710637796585950055e-01
5.677920411961493441e-01
5.818575885568239014e-01
5.600672725818737208e-01
5.803523625845172784e-01
5.721066273304504790e-01
5.775737674462783078e-01
5.840262966291078772e-01
5.689080799744730133e-01
5.679447058135622672e-01
5.778673168468083654e-01
5.790421250326485136e-01
5.708577717699904186e-01
5.733215820649970595e-01
5.764553151013729337e-01
5.872228483544426059e-01
5.734061732380104637e-01
5.765485757424315683e-01
5.807218435988841243e-01
5.941263110608566711e-01
5.850574088225940494e-01
6.004303950595897277e-01
5.726860808511893275e-01
5.775884368122866652e-01
5.820316564914764790e-01
5.883573929218149923e-01
5.874631045645349881e-01
5.815758844023435348e-01
5.872376468331406141e-01
5.756258798757805106e-01
5.799888430068024237e-01
5.898263091847001371e-01
5.903315483900959393e-01
5.736842520579110705e-01
5.758415770071749762e-01
5.881044237116147544e-01
5.888191339696807747e-01
5.883003038494146741e-01
5.858218255817064790e-01
5.846418514384402743e-01
5.965116197080069238e-01
5.829530732192016451e-01
5.947379857712853379e-01
5.809665831383177270e-01
5.807048022534089249e-01
5.956111903834211407e-01
5.828181412282381624e-01
5.867564448463311599e-01
5.758054030848118732e-01
5.831630649579940817e-01
5.828177164752792461e-01
5.827901460068617423e-01
5.959181282997297879e-01
5.997315789335889713e-01
5.825445425696933466e-01
6.061329063394023109e-01
6.006430199010965865e-01
5.965261458865089850e-01
5.776357836408992918e-01
5.822460669282686352e-01
6.021316171753624547e-01
5.986474089488008632e-01
6.008380543962281717e-01
5.921445617251878124e-01
5.814305081858333057e-01
5.912175545093888429e-01
5.925354426475615277e-01
5.790117765898556978e-01
5.866163852029999681e-01
5.824186727959380638e-01
6.007723055859888195e-01
5.921070011250152421e-01
5.866419849856225888e-01
5.957342967350994778e-01
5.966455828862385902e-01
5.858230944425825149e-01
5.892823275161458429e-01
5.964382930855200993e-01
5.976537926314334781e-01
5.934946616123393248e-01
6.035263407755719900e-01
5.997132470913254521e-01
5.955932366899842068e-01
6.055533485287503126e-01
5.811874209000869040e-01
5.913898831233549425e-01
5.986668865616215918e-01
5.878502993969054735e-01
5.969043793141767251e-01
6.147528775741719631e-01
5.983696740340219700e-01
5.886306609956732938e-01
6.055023972078923400e-01
5.935470250909106182e-01
5.946286433393570547e-01
5.983704483517684469e-01
6.049238946177873943e-01
6.005204876056051688e-01
5.840647855715237480e-01
6.063533123754714094e-01
5.924691510171300468e-01
5.947972971192894143e-01
6.020207758590695457e-01
6.014542983634655338e-01
6.030309211491877708e-01
6.053317864016483085e-01
6.035202688825692663e-01
6.105331770057251806e-01
6.040048408310595418e-01
5.888119948667001058e-01
5.936640803655895970e-01
6.132029759077712860e-01
5.961139767722273275e-01
6.037531843794415876e-01
5.987165143913982801e-01
5.966740926153772939e-01
5.975312478516486836e-01
5.948807167086388459e-01
5.941017856004547903e-01
5.874328658213247012e-01
5.974973902545095417e-01
5.830872662958788144e-01
5.944755568080311026e-01
6.044837140215080229e-01
6.083671889944994859e-01
6.117186147956946707e-01
5.934648913233796508e-01
6.064288974264501197e-01
6.007113913102178904e-01
5.898187687480270780e-01
6.092530999483061205e-01
5.897920652061886537e-01
6.024717622685148433e-01
5.951038948183701160e-01
6.128681293260503926e-01
5.943102127546177060e-01
5.848577376989279042e-01
5.883650083577148804e-01
5.825931862739247569e-01
6.017362021680906503e-01
6.112406942137861288e-01
5.850419614791695366e-01
5.979265465629934884e-01
6.066875776488419580e-01
5.990133338501263394e-01
6.018270935860650095e-01
5.895850017551710343e-01
6.082153585352673142e-01
5.843360160735365794e-01
5.951428246072686390e-01
6.089297210842558039e-01
6.095850676716494387e-01
6.017015315552980415e-01
5.991092573395713217e-01
5.838046102666148984e-01
6.085927096034647876e-01
5.925351438852709540e-01
5.929174638140607412e-01
6.074299909898068783e-01
5.907020536711198311e-01
5.899475810752179417e-01
6.069232620541461509e-01
6.093974580470624680e-01
5.931290703743553605e-01
5.934383287580133892e-01
6.031717227635081668e-01
6.036914443410523745e-01
6.164569722765813609e-01
6.039725942864681008e-01
6.166183679721000122e-01
6.070955555869868014e-01
6.116038097037546084e-01
6.054926055803372398e-01
6.172418553480467640e-01
6.001989682550147309e-01
6.132580570303201029e-01
6.111064852082761512e-01
6.086558921621870732e-01
6.137095192501921259e-01
6.221475804826479550e-01
6.209610738153630294e-01
6.050920182566391636e-01
6.171376124441966260e-01
6.212899844402284266e-01
6.204462977597781093e-01
6.151331383763085636e-01
6.178001268158418435e-01
6.155432312703962294e-01
6.135867721690367871e-01
6.224382066527995860e-01
6.541686114576718003e-01
6.206287969671884230e-01
6.218996294569315575e-01
6.177174976148582797e-01
6.061908889626584918e-01
6.172771844454140178e-01
6.223599920852342926e-01
6.246989915535223759e-01
6.284274414345224491e-01
6.423111596369958098e-01
6.491798236355925678e-01
6.317360748290435923e-01
6.268498694852411290e-01
6.584131961327551741e-01
6.473824520318843811e-01
6.490464019199108092e-01
6.653779553512613187e-01
6.687663774715595366e-01
6.877226828341933551e-01
7.072959789325854452e-01
7.165733097723592238e-01
7.225780129139511843e-01
7.488770409324623234e-01
7.533723656328068508e-01
7.663141724253449416e-01
8.332263380714997059e-01
8.528095667003668945e-01
8.929730561549923396e-01
9.140937865498625081e-01
9.911143160662856388e-01
1.030778000931249716e+00
1.072471048693872442e+00
1.111618692400988317e+00
1.131947932456438544e+00
1.194974096415833520e+00
1.193360532277324193e+00
1.199696678340178790e+00
1.235506537527182314e+00
1.343169698759402175e+00
1.140831034437864266e+00
1.240816212462066304e+00
1.163072632288817854e+00
1.161849895400580479e+00
1.146003261208022428e+00
1.138934557766507982e+00
1.066488620953176980e+00
1.113165023826503619e+00
1.092554614197800422e+00
1.130531426385838367e+00
1.104133230306890479e+00
1.105663226815093214e+00
1.095341712715787175e+00
1.081732126167545882e+00
1.098844751938611086e+00
1.060200535004643951e+00
1.115885868613499809e+00
1.046584475481573628e+00
1.109095418670006827e+00
1.098482934918768583e+00
1.134634613139920978e+00
1.163575113297840469e+00
1.131826597978488502e+00
1.128396599555077984e+00
1.142377001389771829e+00
1.170814402723479697e+00
1.164035960622459065e+00
1.183776628797421182e+00
1.205639902712922762e+00
1.180430102530243719e+00
1.194679367451584762e+00
1.193034304177123195e+00
1.168116724039411469e+00
1.174620558710714802e+00
1.217856389980281673e+00
1.214030123329782329e+00
1.234449310320054449e+00
1.218625014392598516e+00
1.258027617764598816e+00
1.234944707855716306e+00
1.195959078762649064e+00
1.245088604541860322e+00
1.245663199724976966e+00
1.251051963918631715e+00
1.260060934704241742e+00
1.317762233250588055e+00
1.290170182963919832e+00
1.283743423974830211e+00
1.265694495887180526e+00
1.295627379632375620e+00
1.325235928213370995e+00
1.271201690807317819e+00
1.280089960431578522e+00
1.286645443804114830e+00
1.266188848114847998e+00
1.248669235478911066e+00
1.270290537424427102e+00
1.271200786680874995e+00
1.292152530852789916e+00
1.303428992409831011e+00
1.256928097922718424e+00
1.267223524906730958e+00
1.293605404490225430e+00
1.296275815352026406e+00
1.299806725210880032e+00
1.269087703775062526e+00
1.290812703450410881e+00
1.340316895692704069e+00
1.317587654108193895e+00
1.259260819379622642e+00
1.309060901112385711e+00
1.264783090397037624e+00
1.278047653995524779e+00
1.271376979927833162e+00
1.271081790298780767e+00
1.280918075157650549e+00
1.263353429027527453e+00
1.251722937180346662e+00
1.242025310861903042e+00
1.241661982424216992e+00
1.230322543571074734e+00
1.198730312683886190e+00
1.246129083792677505e+00
1.211488181120864427e+00
1.201417083136569586e+00
1.175154907199817078e+00
1.184839577710622649e+00
1.151580817723997008e+00
1.162676188285631573e+00
1.178535351695354505e+00
1.119069202387659390e+00
1.110362704306598225e+00
1.148371644151229276e+00
1.127199914046252305e+00
1.072288459965746288e+00
1.021327669604724875e+00
1.039104941670572213e+00
1.049827244405095339e+00
1.124613863462080143e+00
1.183023592643898558e+00
1.122899681670282979e+00
1.099435080814380905e+00
1.069189775077098004e+00
1.100506490229954393e+00
1.096081037082919707e+00
1.093612546027571630e+00
1.069419529190719143e+00
1.096376300899838618e+00
1.005076808788180731e+00
1.037918875401276253e+00
1.007831208859850003e+00
1.048516224154749654e+00
1.135004198204095482e+00
1.210880012313031662e+00
1.342592073654408358e+00
1.288052331992631583e+00
1.268113521598886795e+00
1.242723468727145786e+00
1.170112109717918347e+00
1.048359390569410632e+00
9.525444184812550397e-01
9.153404765032461254e-01
8.534390016868412809e-01
8.073458882903727929e-01
7.830367855968960455e-01
7.365264822006126755e-01
7.021611884580577501e-01
6.870503353161079296e-01
6.821981242302653792e-01
6.583559141246551061e-01
6.580868270689843591e-01
6.523750860290652431e-01
6.517960585171751475e-01
6.301090661287175321e-01
6.321521240472049996e-01
6.131918088105088316e-01
6.179743715190889608e-01
6.093276235446333233e-01
6.153624671435530269e-01
6.014001012112764055e-01
6.113791528078855730e-01
6.130170895156147326e-01
5.955684031914245669e-01
6.133495946361053885e-01
5.903004588111083750e-01
6.142703779191650559e-01
6.000312546914488010e-01
6.126845733639209035e-01
6.012198239595489824e-01
6.108931372157194728e-01
6.021566594206589906e-01
6.068976033406998649e-01
6.004100686086540906e-01
5.969133892012593590e-01
6.013105898680748407e-01
6.218144737087846208e-01
6.048639359793255288e-01
6.134506302711085768e-01
6.130955772303724460e-01
6.052166280031261447e-01
6.098813815417063466e-01
6.190397134022145309e-01
6.099105157498471153e-01
6.059106238193784355e-01
6.164353146161144492e-01
6.045231851703819492e-01
5.984017991607100129e-01
6.078887432605223351e-01
6.022619045920488690e-01
5.991676466195680062e-01
6.037434072685488040e-01
6.073471044868080648e-01
6.107811437301678970e-01
6.160921840158823937e-01
6.007540868639422715e-01
6.141979307231337781e-01
5.991823360435765133e-01
6.058633845663433659e-01
6.190066286550276464e-01
6.031247676517997869e-01
5.939505901221029394e-01
5.964353637246786466e-01
6.080627101458069284e-01
6.101402724271750566e-01
6.183185675303646267e-01
6.069217992659623473e-01
6.134996002051943398e-01
6.038953976783236754e-01
6.034333426326128347e-01
6.164305681266953885e-01
6.177453930203625765e-01
6.223028970611388377e-01
6.080717445584093994e-01
6.049407360460871130e-01
6.131312087203980576e-01
6.129770504715820190e-01
6.160229934900489646e-01
6.021312055882626080e-01
5.982121016240291578e-01
6.075030375533283511e-01
5.956367896972749598e-01
6.318644771457749831e-01
6.202357819603694367e-01
5.959148334379912315e-01
6.018134031771695813e-01
6.140817693263639354e-01
6.035624258610748916e-01
6.266928909485436350e-01
6.315588400731527718e-01
6.246062722206774387e-01
6.422231159387493671e-01
6.608812806320221167e-01
6.563410734543392300e-01
6.705140450761900572e-01
6.457284318585886362e-01
6.916558438648621188e-01
6.832499261826947556e-01
6.788064984826500670e-01
7.178374096238150370e-01
7.325356608369805178e-01
7.351701056739743390e-01
7.429688984796979367e-01
7.663600343089317368e-01
7.712676518564747230e-01
7.970916192644321718e-01
7.909139709290912146e-01
8.076436715073190831e-01
8.462484236109636404e-01
8.522366088766439862e-01
8.807867881445639036e-01
8.731101364548026211e-01
8.881156252109999594e-01
8.923290039894516967e-01
9.163162202929877598e-01
9.195593786816341764e-01
9.430147532286062839e-01
9.481356269099907585e-01
9.681644730010824373e-01
9.428523649748925539e-01
9.530040806477414472e-01
9.610452786519588786e-01
9.986503168410355569e-01
9.841468491872195079e-01
9.700149314317957350e-01
9.524185083003607888e-01
9.487561812789642168e-01
9.818993927937587074e-01
9.446737632739810042e-01
9.388113628279649570e-01
9.426197249776342435e-01
9.359534415851548106e-01
9.196127145951157322e-01
9.585461311504792636e-01
9.114793050145627573e-01
9.193877836145541993e-01
8.912874604652561983e-01
8.967101497671237098e-01
8.905546107817899903e-01
9.041080774587656466e-01
8.731691774452252641e-01
8.786203948629717209e-01
8.979881824251287892e-01
8.796553076111558456e-01
8.879026056110678189e-01
8.832371466643519353e-01
8.682498141842642791e-01
8.816738887305973771e-01
8.996432671387455393e-01
8.403410828063926363e-01
8.669780612367889994e-01
8.763406230604271485e-01
8.831304514946813899e-01
8.781869235865463752e-01
9.180900039818585823e-01
8.981382506807554789e-01
8.657558603075141690e-01
9.297156773099696236e-01
9.061354741800223822e-01
8.502712491959332208e-01
9.031336329657201345e-01
8.843911034401792381e-01
8.855716292343029927e-01
8.835656767147134216e-01
8.777922899262317058e-01
9.102550390389730905e-01
8.781106559681196577e-01
8.830938099854943601e-01
8.566413681901109411e-01
8.444809898639570322e-01
8.583788232438461785e-01
8.927977950638553706e-01
8.498581120563426516e-01
8.563756670629558698e-01
8.295449212990162469e-01
8.496987863351443959e-01
8.399792602903062289e-01
8.326403617957687242e-01
8.445751853965062228e-01
8.156784153975706886e-01
7.921955701956633344e-01
8.038980858040596367e-01
7.892276192489676712e-01
7.761927649859450273e-01
7.481554628254584172e-01
7.620904882448052975e-01
7.290855892337131383e-01
7.192299162267127288e-01
7.243869093279486915e-01
7.013720105735576915e-01
6.917171960977496203e-01
6.959756728520161140e-01
7.027480694523526861e-01
6.772584663217233736e-01
6.845098857085659683e-01
6.826416260721545060e-01
6.561226861770081964e-01
6.544189440271351854e-01
6.490120514142820873e-01
6.614272292380688478e-01
6.422010731640002135e-01
6.545206236712111103e-01
6.505258725990467061e-01
6.424391837070912992e-01
6.267418480513077261e-01
6.364334881082830409e-01
6.466198519536520140e-01
6.459342912739821640e-01
6.163499626668640374e-01
6.220363201560228372e-01
6.309402747104586595e-01
6.377086813280031796e-01
6.277828879285245467e-01
6.171209747517187871e-01
6.062009438999228506e-01
6.206862161026422964e-01
6.300636806463720818e-01
6.218054465186613200e-01
6.214178886585949302e-01
6.152563342149010017e-01
6.271415707650216387e-01
6.174294662741449669e-01
6.274291151417733525e-01
6.239215334481493791e-01
6.340518646746169384e-01
6.166997133825595778e-01
6.292818715816517194e-01
6.217717245751782640e-01
6.156397047414726709e-01
6.296604116146425900e-01
6.316851532644137679e-01
6.239245160698720927e-01
6.197941729469446104e-01
6.422894623471407938e-01
6.177655783603075434e-01
6.268703839948911449e-01
6.293635253522381623e-01
6.254573265586625963e-01
6.301337490693759147e-01
6.269585611231610622e-01
6.464672654459880929e-01
6.245746009660793074e-01
6.226225761956458715e-01
6.282026249994104861e-01
6.176156775170551505e-01
6.389944333161428069e-01
6.241703434197353184e-01
6.313266341932314285e-01
6.163658206084525748e-01
6.260122459863369793e-01
6.273813704773412159e-01
6.419895578549640325e-01
6.261301824969361940e-01
6.320615656266274085e-01
6.401344756506298639e-01
6.232873650063140980e-01
6.364566512664259212e-01
6.339655147263472124e-01
6.293973998546360527e-01
6.512984823131700018e-01
6.226278440440212725e-01
6.370878527537057190e-01
6.331846470417887840e-01
6.510275247128517462e-01
6.607956170115358852e-01
6.627945807853202753e-01
6.516156843523274178e-01
6.683664816820682475e-01
6.718301560887205426e-01
6.620489656541116430e-01
6.644226791739997751e-01
6.751578947798281272e-01
6.901505824245551812e-01
6.771714286560667206e-01
6.804881501992969817e-01
6.661164279659612664e-01
6.878053217160202681e-01
6.904199034575396743e-01
6.799650877496573598e-01
6.995977147333534152e-01
6.998912267324857162e-01
7.163797278809497238e-01
7.068044624292306732e-01
7.061562146047771771e-01
7.235483373870444934e-01
7.259625807306979706e-01
7.395348866387275732e-01
7.302087600387539013e-01
7.415726238002998683e-01
7.423532005757849106e-01
7.574879991018425018e-01
7.773385382077696582e-01
7.901192050197703987e-01
7.612272848274120873e-01
7.935676824461270762e-01
8.029523274385182985e-01
8.109615738250397499e-01
8.114905040534000635e-01
7.918832676036564600e-01
8.435747165299700701e-01
8.522772262976883173e-01
8.821045780875885756e-01
8.939709882230939542e-01
9.090303518544645689e-01
9.204987427211933637e-01
9.238931153109518624e-01
9.391353247794000936e-01
9.745442112190284556e-01
9.877541630149428986e-01
1.016890798983927757e+00
1.055656350635703955e+00
1.108409150194684001e+00
1.117005056332085244e+00
1.087115009222042961e+00
1.155609125364521539e+00
1.152009219536875850e+00
1.148585669563386702e+00
1.175132494652395998e+00
1.125319870915277409e+00
1.178585777435602777e+00
1.148279185911788680e+00
1.168157245463587124e+00
1.206218565786115304e+00
1.102940569624840661e+00
1.141727395880464790e+00
1.092134826790517321e+00
1.040740922294546733e+00
1.032964202554806477e+00
1.092790104540742435e+00
1.048757224291738677e+00
1.077450336254180963e+00
1.062060260645850684e+00
1.037936026450412941e+00
1.075929113278001559e+00
1.040812161036544614e+00
1.060856182645826484e+00
1.040783031258970537e+00
1.039869884980740400e+00
1.073084037979940231e+00
1.105152805711531627e+00
1.135433047446877008e+00
1.094626090356404013e+00
9.975071872506908743e-01
1.054728450041664489e+00
1.037984791148914843e+00
1.089183784339770700e+00
1.127566465061993206e+00
1.110617850170683374e+00
1.129948682580736774e+00
1.163688170789073828e+00
1.190660960901564591e+00
1.196772709140642821e+00
1.211251418446052996e+00
1.227177214018093210e+00
1.210695732834893512e+00
1.244419910387926320e+00
1.241145216811115004e+00
1.273450649184521000e+00
1.251016989310947958e+00
1.239865559409029760e+00
1.284181065590161985e+00
1.279886443338183133e+00
1.278661517531349157e+00
1.277427690770700730e+00
1.296379305895926981e+00
1.288734259330834853e+00
1.287298956268415617e+00
1.264160365912552431e+00
1.250233316805550610e+00
1.244051175980513957e+00
1.245724796556200165e+00
1.234278876219606413e+00
1.246251605841383503e+00
1.220376748908830633e+00
1.207486953384190764e+00
1.208318348193057945e+00
1.188985047262425265e+00
1.201946548980184826e+00
1.207579338529582769e+00
1.184235797629019649e+00
1.193134440019019138e+00
1.177081134239065685e+00
1.192801539606277217e+00
1.180256782838060792e+00
1.205457517811762580e+00
1.203291004271149323e+00
1.208760159615010599e+00
1.217742681827315154e+00
1.189506584447261650e+00
1.201356855359409614e+00
1.200697516779982488e+00
1.210769969769527110e+00
1.215392313712880368e+00
1.192219711508887725e+00
1.211163871237941114e+00
1.225501025567037994e+00
1.199768594320971937e+00
1.209908999822154163e+00
1.207655012351234403e+00
1.189709517153500373e+00
1.189436388148702672e+00
1.199522619369474574e+00
1.187363871314261354e+00
1.184752546186319533e+00
1.182603259304565890e+00
1.176135364029996300e+00
1.169434501142225358e+00
1.169288535544647845e+00
1.165623480923985822e+00
1.137919450414089706e+00
1.145235319056111756e+00
1.125208655746795294e+00
1.119681616477850028e+00
1.114229188747367427e+00
1.121854753222653489e+00
1.117216769804281196e+00
1.123037721623950658e+00
1.093436331819494400e+00
1.067760161651832629e+00
1.075402021237729766e+00
1.056826474929433601e+00
1.054011506278567101e+00
1.039786641329620398e+00
9.998211892130927092e-01
9.910025119943669525e-01
9.566652464491369745e-01
9.366146603924861980e-01
9.255620375582456205e-01
8.980431938422140936e-01
8.697847163759190314e-01
8.519871031460918287e-01
8.496282209139691677e-01
8.256040901106994623e-01
8.054919471287699251e-01
8.003453424471290711e-01
7.584932853295819344e-01
7.955949078169264332e-01
7.626987596373306921e-01
8.368064842640636769e-01
1.047037074723279781e+00
1.091670017363779666e+00
1.052149654859121819e+00
1.039722466593300254e+00
1.018526757595012544e+00
9.848638819689473634e-01
9.777048887591759385e-01
9.726956289475056083e-01
1.068831347154684419e+00
1.071128925275798061e+00
1.201368979508697699e+00
1.313751434537015372e+00
1.390326053389019823e+00
1.419483031493753877e+00
1.341547200171151255e+00
1.284200995929594358e+00
1.310019371721377279e+00
1.205408365062432985e+00
1.147004300445899183e+00
1.091538543064484834e+00
1.068412874850204197e+00
1.051233605830389939e+00
9.440394419764708278e-01
9.307384139841994308e-01
8.725166017600276547e-01
8.507256090704538032e-01
8.103980622492639174e-01
7.939399338251108551e-01
7.921514388471152524e-01
7.590405418913792612e-01
7.449953955893808821e-01
7.424951581367507103e-01
7.151078030640715122e-01
7.147823986239336680e-01
6.976844463683699038e-01
6.852427544353641986e-01
6.980603544841570418e-01
6.897335107269163545e-01
6.685875784627827167e-01
6.821939575177204951e-01
6.849460888939231662e-01
6.665378016667127259e-01
6.720292001854067943e-01
6.786808482058420688e-01
6.592927993381342278e-01
6.720162566594485298e-01
6.574846011555159908e-01
6.480808353628962903e-01
6.567424459300589268e-01
6.643557662312932210e-01
6.511602603206821938e-01
6.554875581766903547e-01
6.565074531905710220e-01
6.540676902999774667e-01
6.528964248646438318e-01
6.550833903680917114e-01
6.537847832865136821e-01
6.756708534175180914e-01
6.535783821060897614e-01
6.709025704579046900e-01
6.724677709036198658e-01
6.599605748425392271e-01
6.653259227940196974e-01
6.771130817254489287e-01
6.775146849511526348e-01
6.786028280188736161e-01
6.689331556439797044e-01
6.879765945355100776e-01
7.025191656944953511e-01
6.866626504854220769e-01
6.960819827592545916e-01
6.986334114153713859e-01
7.059831716834535920e-01
6.995785896752709787e-01
7.315298033863142368e-01
7.136750077287129512e-01
7.326203695782862457e-01
7.198311976180704619e-01
7.204416144487700846e-01
7.127115585010173060e-01
7.175647142377467036e-01
7.328048017204656928e-01
7.376141901793140665e-01
7.255156903215801423e-01
7.081118546924589641e-01
7.713695613771289761e-01
7.352527838204583333e-01
7.603985144529392670e-01
7.553410563193814209e-01
7.303483252641386203e-01
7.335796650026494836e-01
7.527885492086375807e-01
7.375760166420860520e-01
7.529507716656794747e-01
7.391785928331375821e-01
7.612208795400492445e-01
7.515936404185320496e-01
7.514748281756689074e-01
7.443810026160803117e-01
7.480117395019956206e-01
7.788236262355544559e-01
7.612058174331268745e-01
7.647459250064838621e-01
7.382174709770047416e-01
7.581630092950114586e-01
7.634195127327952912e-01
7.684064323734184354e-01
7.544260625801317843e-01
7.463480151740943258e-01
7.436239008166355413e-01
7.368683514017685399e-01
7.537976214525892171e-01
7.460245353514511901e-01
7.652555985066178401e-01
7.774187643007161030e-01
7.660886767556811527e-01
7.662959055058351510e-01
7.815711234259233864e-01
7.703026360462540412e-01
7.588021081985991678e-01
7.943785660994561182e-01
7.814613636491403170e-01
7.839928459654786908e-01
8.182992381175731023e-01
8.150870754808562380e-01
8.256019328995224393e-01
8.452218627185091870e-01
8.658990886594238878e-01
8.712322482874406138e-01
9.119891256266682289e-01
9.016489710013306791e-01
9.077384191175101869e-01
9.172724148855831983e-01
9.502799529840670889e-01
9.866473618166401449e-01
9.953203490708140144e-01
1.019047363490887648e+00
1.050460048763555809e+00
1.041980323239551476e+00
1.093736487874881202e+00
1.121796125715307735e+00
1.127434129281393416e+00
1.140285361289524513e+00
1.182710436559711864e+00
1.185169499789960224e+00
1.235191586799320618e+00
1.238775095558825257e+00
1.230752584813441075e+00
1.301284570111015393e+00
1.243522006281247316e+00
1.233880505682929840e+00
1.220697394253374313e+00
1.242821608484327545e+00
1.204989224946457549e+00
1.193676896953118183e+00
1.189974285393651021e+00
1.145907729820930365e+00
1.129339956792758226e+00
1.118640139314290627e+00
1.088237197074658269e+00
1.055883980597551286e+00
1.065615102578052698e+00
1.014059088768094252e+00
1.010271648865571636e+00
1.030174750780236792e+00
9.971359123076384279e-01
1.011609783754598757e+00
1.005478195153029164e+00
1.039945980857586161e+00
1.008038877067774841e+00
1.023986173030004387e+00
1.006571291890733910e+00
1.070188587444959705e+00
1.000204427825294617e+00
1.027237335927983386e+00
9.885361267575650812e-01
1.003460377832573691e+00
1.029481848174616854e+00
9.795176054310693603e-01
9.727316469084109629e-01
9.853022250729879250e-01
9.987822978357191461e-01
1.002613875118846476e+00
9.830197821426278626e-01
1.005164895690282556e+00
9.975571507309803909e-01
1.014134594750338625e+00
1.010783041145980388e+00
9.954700612027312934e-01
1.018878898581462966e+00
1.004442588027796290e+00
1.044759593639414286e+00
1.044918727645683498e+00
1.070214744069398982e+00
1.045088394802099918e+00
1.096368479504729931e+00
1.137847544854053705e+00
1.130233436849597872e+00
1.196295878863063988e+00
1.163989009633897620e+00
1.191277597195172566e+00
1.283115137646078541e+00
1.250471509855797692e+00
1.246540412126676101e+00
1.231734223872081868e+00
1.213392369955619055e+00
1.256618872697246925e+00
1.236829049465869357e+00
1.207213891708316833e+00
1.194532959958125140e+00
1.142138333333112765e+00
1.127248698619109035e+00
1.093881209308172231e+00
1.082191816368486492e+00
1.044499585184089696e+00
1.039669360799926556e+00
9.477306565425004381e-01
9.510970670829155260e-01
9.152439035446569005e-01
8.746634151683332359e-01
8.335564118676004330e-01
8.493755366543358498e-01
8.322684642525938203e-01
8.243059683862509202e-01
7.847241291220340420e-01
7.794734544441664914e-01
7.719116647965623690e-01
7.221341782405856780e-01
7.100316412931604315e-01
7.233329811944985144e-01
7.103954704422991151e-01
7.155086905648352369e-01
7.072979936325271000e-01
6.832118200464378788e-01
6.915831904329047264e-01
6.748190243953532397e-01
6.945131150272050302e-01
6.919717139132749439e-01
6.774963808234866214e-01
6.786658815996885474e-01
6.551405349831131986e-01
6.601263090157225566e-01
6.755626114692366846e-01
6.421303229315121763e-01
6.743170070856433496e-01
6.326266341593876907e-01
6.351195558727208423e-01
6.510260964606598977e-01
6.607002563053896438e-01
6.606479935436010420e-01
6.501430214139083397e-01
6.450744061752028413e-01
6.592769327764966825e-01
6.710337836336474071e-01
6.498309983153102154e-01
6.549158143693819545e-01
6.583835758270635274e-01
6.547174155376941362e-01
6.524809419241673902e-01
6.383212002931200058e-01
6.495226364602558755e-01
6.446916495041606909e-01
6.470167212566628745e-01
6.455888038487600511e-01
6.528247705058791706e-01
6.516620787762412714e-01
6.567398969042963497e-01
6.542895287368371005e-01
6.712983629858249035e-01
6.539964955392251200e-01
6.517031096208432128e-01
6.656942140899110294e-01
6.900433501924638779e-01
6.796009116985829435e-01
6.752074724124572658e-01
6.523227352332899853e-01
6.748721884727091336e-01
6.645751420754596461e-01
6.653124250572531873e-01
7.051677016358403050e-01
7.171308735318978611e-01
6.942320976633425955e-01
7.030484182220809730e-01
7.190817498862523971e-01
7.156020370841040812e-01
7.298198346905395706e-01
7.509097721500209710e-01
7.486966340251879348e-01
7.649839913938752956e-01
7.562568763133064031e-01
7.868595465595665805e-01
7.838500284779922334e-01
8.037455988987035616e-01
8.127503348870865896e-01
8.266507893683034958e-01
8.872424928149680312e-01
8.577554404684333278e-01
9.146720334989415502e-01
9.172435905260335476e-01
9.363615745270491564e-01
1.004106076184595686e+00
1.049834004498180651e+00
1.025278328856519927e+00
1.099252200625918219e+00
1.095332010395746458e+00
1.112233752369520268e+00
1.159841644639162839e+00
1.216581104952846104e+00
1.236010422048550828e+00
1.208406428135702759e+00
1.302399283625307991e+00
1.241120999366854605e+00
1.222474988136625917e+00
1.217612032190100058e+00
1.224844593969215190e+00
1.184427995019419422e+00
1.167467381276881877e+00
1.063734588110857304e+00
1.082034644763105069e+00
1.003065414025140267e+00
1.026959921236376028e+00
1.008180429646516663e+00
9.583288655075516971e-01
9.934780967314134070e-01
9.740788346183261170e-01
1.050981225632214411e+00
1.001049690245047197e+00
1.032312825302472037e+00
1.099495596724482382e+00
1.047024503291555053e+00
1.092912113273273755e+00
1.078619970707772602e+00
1.065113423868983222e+00
1.073056609121116445e+00
1.037360644175441049e+00
1.040563553806392427e+00
9.077903760858150317e-01
8.834088923679505045e-01
8.612341822989491025e-01
8.815608738725418947e-01
8.921190299354374575e-01
8.862181404338106416e-01
8.920275021779098257e-01
9.232347436926696682e-01
9.342904625940628982e-01
9.993212310944646903e-01
9.838073844081489661e-01
9.939301835199965129e-01
1.001965215432384815e+00
1.018950247614766713e+00
1.019422710848316926e+00
1.059320362270150806e+00
1.081573742867997678e+00
1.098115679705427228e+00
1.122761221861242831e+00
1.151843244004499223e+00
1.113572617219278582e+00
1.168209412867051933e+00
1.182481396051717537e+00
1.178616676331344371e+00
1.200036245099151966e+00
1.208879704845884140e+00
1.216760391635052896e+00
1.216347261675188252e+00
1.223056614255020769e+00
1.244366024677057814e+00
1.252654184513789515e+00
1.237817412578740894e+00
1.253735163975379763e+00
1.245826683439217764e+00
1.237345118326366622e+00
1.232731969187678356e+00
1.230788778918262771e+00
1.228557109017495819e+00
1.232964446126155522e+00
1.232850199151213522e+00
1.213745550315734612e+00
1.193282959611856375e+00
1.194767484310568229e+00
1.205939554932983437e+00
1.195776109128458220e+00
1.201660878431843438e+00
1.193860171599840703e+00
1.179495640103726650e+00
1.166342734502315404e+00
1.181475914752158296e+00
1.169355073308806281e+00
1.152743617669125031e+00
1.175817586411542104e+00
1.156691145548368160e+00
1.163043228663435125e+00
1.143647641618710464e+00
1.131796167693992494e+00
1.134088420008495968e+00
1.153010215616643519e+00
1.145605321210102279e+00
1.135335428517855627e+00
1.127529108686381676e+00
1.126898901557012556e+00
1.134832433236757643e+00
1.128698692523271152e+00
1.123478475717254010e+00
1.130968484545940012e+00
1.111843970078701949e+00
1.109775682735468116e+00
1.130921929267995285e+00
1.116966813290888094e+00
1.127825164219022014e+00
1.118054043467147984e+00
1.110116070860019954e+00
1.100182799950519819e+00
1.092933315597341082e+00
1.098655500997915979e+00
1.109899389625377930e+00
1.098562838567234357e+00
1.099545122257998164e+00
1.103994241705420265e+00
