1.210349977014381517e+00
1.211935640225668243e+00
1.110353151820463236e+00
1.121505105860619578e+00
1.164250199248890727e+00
1.088468341589767130e+00
1.080379093639424415e+00
1.142116982073855702e+00
1.150879984814691337e+00
1.411615431044218605e+00
1.213933416806755261e+00
1.534820288542170008e+00
1.328718676367232732e+00
1.350731972491411526e+00
1.538411193893847839e+00
1.542521821604468490e+00
1.447728760708427043e+00
1.302109295837281078e+00
1.556338842390692978e+00
1.382634284439792083e+00
1.190638474022574833e+00
1.212557391805877627e+00
1.262580767942448778e+00
1.194188922919235729e+00
1.156528884373817956e+00
1.265815464285901859e+00
1.167317251929691047e+00
1.205922832833037139e+00
1.233679052249397445e+00
1.130613939518449795e+00
1.317488014339972091e+00
1.161759049225044027e+00
1.180811831002099410e+00
1.283311294487723853e+00
1.274717028994392765e+00
1.291023505370705093e+00
1.179917904760044767e+00
1.297894097661992818e+00
1.119979668844304443e+00
1.189057111141360812e+00
1.264438639517477592e+00
1.215327747332594521e+00
1.247049321731312332e+00
1.300008347179027579e+00
1.214973198736980065e+00
1.211111990596059451e+00
1.203567477115534912e+00
1.241627533934790195e+00
1.455570818699355451e+00
1.517244639857185939e+00
1.481898575577224042e+00
1.360632221963085975e+00
1.560831338411822422e+00
1.524887486713226492e+00
1.439163157709926200e+00
1.524791816873888317e+00
1.536711260547219071e+00
1.529468187324571016e+00
1.530730924176600949e+00
1.550955526717928690e+00
1.523022532870029755e+00
1.514242375823960263e+00
1.485409941702492853e+00
1.569166420320197819e+00
1.210061268274730262e+00
1.285508217382703045e+00
1.507901542918791193e+00
1.400201040117768470e+00
1.256998217999968137e+00
1.211891690713673198e+00
1.415440098200746011e+00
8.417265489441907445e-01
1.132187021744843092e+00
1.142260590585760349e+00
1.556825348380397545e+00
1.219213542025260333e+00
1.556578049151784437e+00
1.102773994615222852e+00
1.536829124938663194e+00
1.295490810027652540e+00
1.097214519361284335e+00
1.403231338353441160e+00
1.263139907892169234e+00
1.264528580009459002e+00
1.245081425438578249e+00
1.314199043875993400e+00
1.309571805010344203e+00
1.361046902348790999e+00
1.327282101178213658e+00
1.370426937321872707e+00
1.373966088896654503e+00
1.382377102204746855e+00
1.365128279693260227e+00
1.373622647117830109e+00
1.346306190825955040e+00
1.360728267251633650e+00
1.344153064776401063e+00
1.436301962809870103e+00
1.378769318708051195e+00
1.386510436160629522e+00
1.425165984012463527e+00
1.429671403872886604e+00
1.444193693087655328e+00
1.448052718538393568e+00
1.437472007120897288e+00
1.488606167467906305e+00
1.532574660877039197e+00
1.492317255928437003e+00
1.478401294014794365e+00
1.456822380251594717e+00
1.559055844033689020e+00
1.541456056680964970e+00
1.562211120877890158e+00
1.540032230853620732e+00
1.548506000710846875e+00
1.493259003135498642e+00
1.484005861102852819e+00
1.436107253613016610e+00
1.442993698167784666e+00
1.362504925162387748e+00
1.391720246252033721e+00
1.311410771622079086e+00
1.251591003874712005e+00
1.268606236351733196e+00
1.204751217661525597e+00
1.186421542354286762e+00
1.171657187765227981e+00
1.143977141173617040e+00
1.148117767036610948e+00
1.037189318683344741e+00
1.005516666193781550e+00
9.883782529495896974e-01
9.962885721679813900e-01
9.538764683268792233e-01
9.442456507193646154e-01
9.495569541206229092e-01
9.253539114591498027e-01
9.951101456852331495e-01
9.792842086122633960e-01
9.616710187627920403e-01
9.024216495011163630e-01
9.745021498294472728e-01
9.184601900181953438e-01
8.906082848407608221e-01
9.001125294570024860e-01
9.052180981549360350e-01
8.753064990818757440e-01
8.962311772160902468e-01
8.585913680532130110e-01
8.467795288079381644e-01
8.667824314286679543e-01
8.285278163437521659e-01
8.149367311662303326e-01
8.223347199538957319e-01
7.752460022453891986e-01
7.996586401063816574e-01
7.763697304198566851e-01
7.582397266915114065e-01
7.607940295946011844e-01
7.579071108294204162e-01
7.557339365623995109e-01
7.547824889923154812e-01
7.064251333305227032e-01
7.026654030099592774e-01
7.390754417463194503e-01
6.964397800451264109e-01
7.004378881198143336e-01
6.789157446481844937e-01
6.711459954443442788e-01
6.686956986505057099e-01
6.694036963270542095e-01
6.518579356945313208e-01
6.468227853682191331e-01
6.326575478636188299e-01
6.496416927215820092e-01
6.196251524558411550e-01
6.225939536690775489e-01
6.021777344297200019e-01
6.035839775023124076e-01
6.016789411835659074e-01
6.027734199281014060e-01
6.009893599296833866e-01
5.985555195368249537e-01
5.769236738722525182e-01
5.955040580735101452e-01
6.006360960043928277e-01
5.745620999707965471e-01
5.767877804573936507e-01
5.972048554132425302e-01
5.750775177187948950e-01
5.703969294660027334e-01
5.671483488828623631e-01
5.733414472162541298e-01
5.582788457994063425e-01
5.708869036476282854e-01
5.612795570576717408e-01
5.663261185374630635e-01
5.635741589664637896e-01
5.566662568576514758e-01
5.503610537930647695e-01
5.396552132121719136e-01
5.498516371125700131e-01
5.461373132203662939e-01
5.447848666239218929e-01
5.363652897638150341e-01
5.370730071939988637e-01
5.397001167783900266e-01
5.437345163301956497e-01
5.434654852346131326e-01
5.507119002206266600e-01
5.519914251298876362e-01
5.320509105656222593e-01
5.398382700495714115e-01
5.303152262748560553e-01
5.423191920541389210e-01
5.429383224590351720e-01
5.500448096260396325e-01
5.447341062166093373e-01
5.427708861167600540e-01
5.385352722200881237e-01
5.363851487078024061e-01
5.591608251801534202e-01
5.395769126823302120e-01
5.382709859468437497e-01
5.347714649997634684e-01
5.432352995878220181e-01
5.417015089460137656e-01
5.434568689881223991e-01
5.472178468613022595e-01
5.398857266432320889e-01
5.450901606313212078e-01
5.445195248364373963e-01
5.623120062162925148e-01
5.456013377546042875e-01
5.427115616453817015e-01
5.498884663363010628e-01
5.439639217907963342e-01
5.688680663040375229e-01
5.545905636204830902e-01
5.512546723396344328e-01
5.622467710236154215e-01
5.710439155219189100e-01
5.623322786158290176e-01
5.566471762010779534e-01
5.704404884674427745e-01
5.559793341843601855e-01
5.595293917725004951e-01
5.586060400039778440e-01
5.574493977857275517e-01
5.630829487797845978e-01
5.666287814863009142e-01
5.653955750322398055e-01
5.701742275970000939e-01
5.728759617773554469e-01
5.739554031990720118e-01
5.802424475193644904e-01
5.750127185673314933e-01
5.821618717076497695e-01
5.761043704866916082e-01
5.676182473604218792e-01
5.841731549250841482e-01
5.806471952751485199e-01
5.771841135843811532e-01
5.719557650220404854e-01
5.777457586510188481e-01
5.775370037893645669e-01
5.792901431159818149e-01
5.828158683219473168e-01
5.809278755380085091e-01
5.880974675470261870e-01
5.881244658956844562e-01
5.769836091656072030e-01
5.899546316526340650e-01
5.800699012801281418e-01
5.860620742200591815e-01
5.837572001278269473e-01
5.810394664327572789e-01
5.970661590956664044e-01
6.019796845128748686e-01
5.878231182654748421e-01
5.880056156530031330e-01
5.836154708785551426e-01
5.961976278175172839e-01
6.011750328450621295e-01
5.884608631287565617e-01
5.850468070033673085e-01
5.874520602970870753e-01
5.811992864632516964e-01
5.969299287728692116e-01
5.903510292483032940e-01
5.908252345078826018e-01
5.871801958604947469e-01
5.844529909434611481e-01
5.799143373666237888e-01
5.875503515778406349e-01
5.917747254877548935e-01
5.776775443923828357e-01
5.867310364322745331e-01
5.820850960565682186e-01
5.858270040105484355e-01
5.800327642517868476e-01
5.810206063835674506e-01
5.706111144278901426e-01
5.719572900899989598e-01
5.831799445299246099e-01
5.794538914746276692e-01
5.693729587199185538e-01
5.808005422785745830e-01
5.779308108948713052e-01
5.800801982287751013e-01
5.804266317638295813e-01
5.858705907761343479e-01
5.831738668479251597e-01
5.885067616252792622e-01
5.852920852180227840e-01
5.877425615648661505e-01
5.912378076360050860e-01
5.870378364718417119e-01
5.770206495648138034e-01
5.875216370472932104e-01
5.886824417304989954e-01
5.899096924401453501e-01
5.934632930857204336e-01
5.805751341891643991e-01
5.864761939452440842e-01
5.927596517986525315e-01
5.808421729893894492e-01
5.936865130137857216e-01
5.867610235897382509e-01
5.808051565145577744e-01
5.838382762836843431e-01
5.914537354722407825e-01
5.931669209196331893e-01
6.015253155937110296e-01
5.876135571373011235e-01
5.960976035104865733e-01
6.003511872549228690e-01
5.920900906610219172e-01
5.858396675795410902e-01
5.873851926406360446e-01
5.950775099731830942e-01
5.946001046099156362e-01
5.903091509013189686e-01
5.993467597731159113e-01
5.947105481899280788e-01
6.053700818930561889e-01
5.928233148553284648e-01
5.922583745866227822e-01
5.906509798499242070e-01
5.874901552010481920e-01
5.958788155053048596e-01
5.822815756643892060e-01
5.932129735591042952e-01
5.830637990007023763e-01
5.885586448424303674e-01
5.902895630632933877e-01
5.915457052985644282e-01
5.918972557185565586e-01
5.987042436274079282e-01
5.959303515073246515e-01
5.927004069955992271e-01
5.896396389248315106e-01
6.014452318403381570e-01
5.916708236200783899e-01
6.032830427648728788e-01
6.024219938685662079e-01
6.055286709753029406e-01
5.995400855536862084e-01
6.038708308050729778e-01
6.104104680995203758e-01
6.072879867392803055e-01
5.974753344733885196e-01
6.152071671567279632e-01
6.102503567481054603e-01
6.106745242361668602e-01
6.145675104603876004e-01
6.117746671696977501e-01
6.117010031335257114e-01
6.164777168820372300e-01
6.064859331416517785e-01
6.125855997755904614e-01
6.128437113007598747e-01
6.019066039354253883e-01
6.146970727905189946e-01
6.026385844312318607e-01
6.237984489193096893e-01
6.090071562005907602e-01
6.006747184928471484e-01
6.128490760908222867e-01
6.322505420202454429e-01
6.157807604696129422e-01
6.118356876202313277e-01
6.358394109689442519e-01
6.186434243513693199e-01
6.111689158036368585e-01
6.189465968584902944e-01
6.262846121407149580e-01
6.331110417681057312e-01
6.213948393852355423e-01
6.391919660026659233e-01
6.546097055793846931e-01
6.281157854391777873e-01
6.455234678070463916e-01
6.185908558702405413e-01
6.254168692526829165e-01
6.344486598408226596e-01
6.387539677768132584e-01
6.314447677392914793e-01
6.136084903209603203e-01
6.206134043526801980e-01
6.357652478555287923e-01
6.184111098447520050e-01
6.341701976307663191e-01
6.174712185045042601e-01
6.215804691323836284e-01
6.170818996743309137e-01
6.168803461520371290e-01
6.065571855386605593e-01
6.169578180076200624e-01
6.099627103939454509e-01
6.094055293222999659e-01
6.087002143793395215e-01
6.122785914917420191e-01
6.153683440576275254e-01
6.076521774006647947e-01
5.972697856045613429e-01
5.927416088583250531e-01
6.120418362467813234e-01
5.982528194263428967e-01
5.985509869404072036e-01
5.926332583046360902e-01
6.037872229741031438e-01
5.953221572021002439e-01
6.015641792970350954e-01
5.782944460438800283e-01
5.970543465743640699e-01
5.942753416472977834e-01
5.881056778154564180e-01
5.957014678871092039e-01
5.987714240381076802e-01
6.034212264481693122e-01
5.962725188852522340e-01
5.957658951989573959e-01
5.941820374576537445e-01
5.802616711217325474e-01
5.874184281438863398e-01
5.917449307112059298e-01
5.910956606154715853e-01
5.766824391976326236e-01
5.841966457486216235e-01
5.872197657101817514e-01
5.855767622804645134e-01
5.819301816301667429e-01
5.827828946435770208e-01
5.786333194610835395e-01
5.838913964956150560e-01
5.784954492804282866e-01
5.846155150028325975e-01
5.803464171423917684e-01
5.746623463895753625e-01
5.945115437300578787e-01
5.735643879716575411e-01
5.779139627857297068e-01
5.748565981996154317e-01
5.743396858647465963e-01
5.712072479612612108e-01
5.713701297215052488e-01
5.767971862675560502e-01
5.729403768781108353e-01
5.670891653978861191e-01
5.775512156467180747e-01
5.726202740036343553e-01
5.662356176587686196e-01
5.699194897993239417e-01
5.716951706718733650e-01
5.658076627542234505e-01
5.649099807511752669e-01
5.752328132992682308e-01
5.706018309175017178e-01
5.659962426409851366e-01
5.693262472455318246e-01
5.738112542231665891e-01
5.630273293973644400e-01
5.600745240221324250e-01
5.737254835821908872e-01
5.732603434021297240e-01
5.656616891479901987e-01
5.678035147399523863e-01
5.785440626189169988e-01
5.722663518833569496e-01
5.591616803008653269e-01
5.606206909546973538e-01
5.624783189701154651e-01
5.618446725417032273e-01
5.541047859554895094e-01
5.529469952123340359e-01
5.668283329324736997e-01
5.584049948512218586e-01
5.555628118554378769e-01
5.579031092226034438e-01
5.575018740461625821e-01
5.531824455966105614e-01
5.578114423974740443e-01
5.669279103467033121e-01
5.538724196051810766e-01
5.514280166946209372e-01
5.535563364494041627e-01
5.557445791094194343e-01
5.620119158627631117e-01
5.547863005618464127e-01
5.497637477607866252e-01
5.530028133035842508e-01
5.553738018836282819e-01
5.557800689194453136e-01
5.565623883643694425e-01
5.511447423861202122e-01
5.497407382130110598e-01
5.537279727856605493e-01
5.620794537477640240e-01
5.601604741599992554e-01
5.524475342788558452e-01
5.445097970575561996e-01
5.551879677694495641e-01
5.499124999294746630e-01
5.503519446236917467e-01
5.482344662061944263e-01
5.528092555062038560e-01
5.578151774011167463e-01
5.526978725788169733e-01
5.551058598284280832e-01
5.581905085052717430e-01
5.558379373642858834e-01
5.602333441797551217e-01
5.656036071606856952e-01
5.536558417336981952e-01
5.634271817863202303e-01
5.534211395708750203e-01
5.578423778439502989e-01
5.625815430718114074e-01
5.651377574366803769e-01
5.635782099301634984e-01
5.521394504838377237e-01
5.682756428993804843e-01
5.604368850261137736e-01
5.609730268283553700e-01
5.613015226166897520e-01
5.523573440300608706e-01
5.633582633835816367e-01
5.593190813401961448e-01
5.560891336080582281e-01
5.656316188787907651e-01
5.723913429615100634e-01
5.740878567744073235e-01
5.640695884907330759e-01
5.775433308125761389e-01
5.737348514707953928e-01
5.727851599601545551e-01
5.700565601243988700e-01
5.725981199123049148e-01
5.796951753457738610e-01
5.856543501754827297e-01
5.741056164832454289e-01
5.789223399280767346e-01
5.826725874332921995e-01
5.837148508690607196e-01
5.868942830036267821e-01
5.831654177182706844e-01
5.860103625591523979e-01
5.928380257398794262e-01
5.860105284695696914e-01
5.787288844522958664e-01
5.856486104226761302e-01
5.877058823618709349e-01
5.890626434757221253e-01
5.944574611028925482e-01
5.978420435501832220e-01
5.950740341716340698e-01
5.963590829624384471e-01
5.943207605813936034e-01
5.945474952287818082e-01
5.935805531461337825e-01
5.869549266255507103e-01
5.957716477993549864e-01
5.915024593006718012e-01
5.891220684018270148e-01
5.976713417668368944e-01
5.998281451007815290e-01
5.982289872070540859e-01
5.978518169735426158e-01
5.941212294002361505e-01
5.971405716992005397e-01
5.971286972899261247e-01
6.030633142557049187e-01
5.988701221784599182e-01
5.945968575535798273e-01
5.987834113737358077e-01
5.991043524907416762e-01
6.007094405586314023e-01
5.962543392919026353e-01
5.977627629069462989e-01
6.012621107930630204e-01
6.020816422669793555e-01
6.004558418734579073e-01
5.967141882452634549e-01
5.982648051573759007e-01
5.984570997008784587e-01
6.045281002368096956e-01
6.034487085929042260e-01
6.070993560838948699e-01
6.039509734269365993e-01
6.103660803322323858e-01
6.027334717456259705e-01
6.111343235511543792e-01
6.038409467881338255e-01
6.166648599434845224e-01
6.105267517867341009e-01
6.094135059155928458e-01
6.118590198143100123e-01
6.084340222573555446e-01
6.105345546718431438e-01
6.174129950281985746e-01
6.028587701620889971e-01
6.105210584475497804e-01
6.083771477618229451e-01
6.119893731526245828e-01
6.126539093464896668e-01
6.200271595535268299e-01
6.088973525244512075e-01
6.205507660765110511e-01
6.149046190133620193e-01
6.189356713299807300e-01
6.363659068181077849e-01
6.396879518309570578e-01
6.307513156479629401e-01
6.420708944138879826e-01
6.602144437786314768e-01
6.715788129726217859e-01
7.058313238141761259e-01
7.341562581361618101e-01
7.657374278419496472e-01
7.741607353281249049e-01
7.932910628321544477e-01
8.265581491591545982e-01
8.530287271671115334e-01
8.590277495453410017e-01
8.828525914219224058e-01
9.175632073064988736e-01
8.399723729361852076e-01
9.032968343468517070e-01
8.942456899523465452e-01
8.997292292793684920e-01
9.098983893267038603e-01
8.957591403866322910e-01
9.011013423122588017e-01
9.035243816227104263e-01
9.122629725073497786e-01
8.874335126438738230e-01
8.788810728101524861e-01
8.769897581002692455e-01
8.704871780921095148e-01
8.406923339729129863e-01
8.634674288443358048e-01
8.625678012507211889e-01
8.482678421572250604e-01
8.687235011961566000e-01
8.707834307653292694e-01
8.656917803382456755e-01
8.731368892712555452e-01
8.669359286146293142e-01
8.470037656915772040e-01
8.567159654769862520e-01
8.562737414777789047e-01
8.688135758339002868e-01
8.913662754564501967e-01
9.161062529377100860e-01
9.366223340935598829e-01
9.382874938220246985e-01
9.565151935205011835e-01
9.847693294520181162e-01
9.916531735979757789e-01
9.957822675424788939e-01
9.926074208076038907e-01
9.862889234442648867e-01
9.672966899718500322e-01
9.600136062491102518e-01
9.456519926661043352e-01
9.257256197384857721e-01
9.222851122334159157e-01
8.957373760026656750e-01
8.976942932023493915e-01
8.833920433376415415e-01
8.218942933724620037e-01
7.994047438597188249e-01
7.933948073246489541e-01
7.891967263655440545e-01
7.832033708160314189e-01
7.731944846538051364e-01
7.684766637210854734e-01
7.469953726341892475e-01
7.350591681585263437e-01
7.103609380429596332e-01
7.091172840757765661e-01
6.935799421707187218e-01
6.688287531094662119e-01
6.707127066731557452e-01
6.578164071282259773e-01
6.573122335392795890e-01
6.481118629316070523e-01
6.403056959781132651e-01
6.381519691448405140e-01
6.367730892845103741e-01
6.267629279807966913e-01
6.298083349904014527e-01
6.095931831052605610e-01
6.153499546753782301e-01
6.135317184969384385e-01
6.090491666374940882e-01
6.091293247211105877e-01
5.909195751280570397e-01
5.869333024827729783e-01
5.946429512820392560e-01
5.872668486186110037e-01
5.911505268739332131e-01
5.949040313198616925e-01
5.860164570374700732e-01
5.929437643909503119e-01
5.836677051442981101e-01
5.768821080628624420e-01
5.955591737139543929e-01
5.815574309026180222e-01
5.886444969785853409e-01
5.832311319729371890e-01
5.782780490428277576e-01
5.971493048023193140e-01
5.771772113724600306e-01
5.986496086885904067e-01
5.961170451437145523e-01
5.843150191763616386e-01
5.884117834995028495e-01
6.013343885747345352e-01
5.908725163971934036e-01
5.952951220276135880e-01
6.112238286882665239e-01
5.903103960288231811e-01
5.969564103995571580e-01
5.991076671525824571e-01
5.869457766379273522e-01
5.948410393659131490e-01
6.036823760283479556e-01
5.882004032510412816e-01
5.884139601169048328e-01
5.895390983673269858e-01
5.978072016439983649e-01
5.780545825773107937e-01
5.990160501607699750e-01
5.965053879802385550e-01
5.776949268074960120e-01
5.804480760445829279e-01
5.877603081422513309e-01
5.812103994112307603e-01
5.725153090060445260e-01
5.676768653038803958e-01
5.801876479968630651e-01
5.694578767865696722e-01
5.788401755470305998e-01
5.691116535473629279e-01
5.752321386572238904e-01
5.778182132179467967e-01
5.784424525776398207e-01
5.719841992701110156e-01
5.653093293542489350e-01
5.685178319962973514e-01
5.653015500352880363e-01
5.727309637378369400e-01
5.693517468259092773e-01
5.646674598984943172e-01
5.689447246352548060e-01
5.654964225188698901e-01
5.752719988695504938e-01
5.738562792026253856e-01
5.739029744136290301e-01
5.712459884736993398e-01
5.692680483218163223e-01
5.675064916720107266e-01
5.777537116514528392e-01
5.751508362050525847e-01
5.785166847384825006e-01
5.725964702852921473e-01
5.703278545283966272e-01
5.720898602843628167e-01
5.738142239895906993e-01
5.757171092724663319e-01
5.781943404311951085e-01
5.685290048985786049e-01
5.732052840382686476e-01
5.689612779064595616e-01
5.682223674107051981e-01
5.797266525830904182e-01
5.727256450247822928e-01
5.818881682407973654e-01
5.783648902501714595e-01
5.756430002343887464e-01
5.803554456327894018e-01
5.791995125059431482e-01
5.789997305085603507e-01
5.714423079971718833e-01
5.772176577409474652e-01
5.772195410175118280e-01
5.819317424028265240e-01
5.746992960176997567e-01
5.773788006015527774e-01
5.816597180538871648e-01
5.760808212946895157e-01
5.740368622418118294e-01
5.868548366174349828e-01
5.795285684026597606e-01
5.891368188729186883e-01
5.807911297015397878e-01
5.873474750342485562e-01
5.826989510856195320e-01
5.825477742330676945e-01
5.779366887379601136e-01
5.840105718214622099e-01
5.846914483113988537e-01
5.762599400376510195e-01
5.855027725477830458e-01
5.799147992835901322e-01
5.868520617525347927e-01
5.876676432221196178e-01
5.853232546014270898e-01
5.851379340523841233e-01
5.771723231892466055e-01
5.881370320080466785e-01
5.890390647454973871e-01
5.876511625654293747e-01
5.853751000219590273e-01
5.799214822811380454e-01
5.909697120648760293e-01
5.804720258554886270e-01
5.887190386136084141e-01
5.848846719443064890e-01
5.851993487211820666e-01
5.877163218779350995e-01
5.906491812555251242e-01
5.892668650746302195e-01
5.871368795524649631e-01
5.835372149975093237e-01
5.933454978120525913e-01
5.957515796559390564e-01
5.953860597480056249e-01
5.931698246105441275e-01
5.917113274476462070e-01
5.902631768072961194e-01
5.902339864906903655e-01
5.859664799747704711e-01
5.851553802910861579e-01
5.843404374024802062e-01
5.866589954963500331e-01
5.899068043865303146e-01
5.896471117494687109e-01
5.848807825401214355e-01
5.901780284038971036e-01
5.935259024595929134e-01
5.901083849492836375e-01
5.821101895265579085e-01
5.836915800574876689e-01
5.955315143910049347e-01
5.940907157393449101e-01
5.896534782324043267e-01
5.894632725776866033e-01
5.867829347757894665e-01
5.892398505139997411e-01
5.866135566508209331e-01
5.866574204758753242e-01
5.919422251988954997e-01
5.894855312400416603e-01
5.897816438190291999e-01
5.982721459569414479e-01
5.909251771682816345e-01
5.894268021523410006e-01
5.923806011808240291e-01
5.918342165402956656e-01
5.915954636998952409e-01
5.938345852918165413e-01
5.920344653307336724e-01
5.924384028802177626e-01
5.954839664019909717e-01
5.852533267000324946e-01
5.912312022954995250e-01
5.939725440670382550e-01
5.962989607415541959e-01
5.883402652910930675e-01
5.924954876520556191e-01
5.936994324057508488e-01
5.919681643304017804e-01
5.842388711717223515e-01
5.957612829420751988e-01
5.893615699510442729e-01
5.969633633333432110e-01
5.871898789121299256e-01
5.922037595755093031e-01
5.954481338139590019e-01
5.917586736159475835e-01
5.985058610324269779e-01
6.026820835774491236e-01
5.899869842997326197e-01
5.858231292019794312e-01
5.868696264655292039e-01
5.942321488423445430e-01
5.917873575356461524e-01
5.887781378264893561e-01
5.922104925458268054e-01
5.951178152049527714e-01
5.933321370349620150e-01
5.944100569815836677e-01
5.907311356773727873e-01
5.892209629883820021e-01
5.912846019766128114e-01
5.880538013680515208e-01
5.884987797390257569e-01
5.918871176373924348e-01
5.894153849254076816e-01
5.887314620007478849e-01
5.892073087216693761e-01
5.838642543265828433e-01
6.030064679625556368e-01
5.868643775679659447e-01
5.937768911986242015e-01
5.832233945213318727e-01
5.868081621095287970e-01
5.941003717708778220e-01
5.928294040356393291e-01
5.829906129487827382e-01
5.834653268450795682e-01
5.797469472140416302e-01
5.803096415280520892e-01
5.847255907085818771e-01
5.910014396677888415e-01
5.783133914134049869e-01
5.888858648263113338e-01
5.853838164479200357e-01
5.822156635515034484e-01
5.881703004993167339e-01
5.796978758067303783e-01
5.824309844211273957e-01
5.818586775283759449e-01
5.788959774687529869e-01
5.901975194959230286e-01
5.974148094102442741e-01
5.876577024943927530e-01
5.775577773559363859e-01
5.777844239159326545e-01
5.824961346783087413e-01
5.840374128522322072e-01
5.804246193197444281e-01
5.861765947753302397e-01
5.805784379336214052e-01
5.822979857571753959e-01
5.869251600577870542e-01
5.883572795048017667e-01
5.822020686352874508e-01
5.841261537823126959e-01
5.916730473857592099e-01
5.786007630236758015e-01
5.911490594845368873e-01
5.844053016807784218e-01
5.936544483307806264e-01
5.849073719709801944e-01
5.903785822981821862e-01
5.856664579778153579e-01
5.916123871030732895e-01
5.888927970680556401e-01
5.870721085664034611e-01
5.834807018348798779e-01
5.943418049115010149e-01
5.904852667737801042e-01
5.896811933960710572e-01
5.892418425476553256e-01
5.835856972448908442e-01
6.019765216615252656e-01
5.949481150985900246e-01
6.006889583595891313e-01
5.860864434060887307e-01
5.983543082581157524e-01
5.925580172027234971e-01
5.945383473150714915e-01
5.945394391456643168e-01
6.084206424914407885e-01
6.017787996504940784e-01
6.061117440936554246e-01
6.075233361560417045e-01
6.043653266364834575e-01
6.028271312980455487e-01
6.115630181715172586e-01
6.156029297197191941e-01
6.159440022453809283e-01
6.184919789506675425e-01
6.282990812235453859e-01
6.243471856313467239e-01
6.291780589241932065e-01
6.384991917395759220e-01
6.405256913326886625e-01
6.468192299030663950e-01
6.589433854911046495e-01
6.626207689234189235e-01
6.691480445050771442e-01
6.818186485090156346e-01
6.882532341663522013e-01
6.905584460657678836e-01
7.121417363098900832e-01
7.154576476814183961e-01
7.300379755781255531e-01
7.368645070550573495e-01
7.527603372595618181e-01
7.618264191584824818e-01
7.779330184564192674e-01
7.960896625701794349e-01
7.933909742685674171e-01
8.266082549966105031e-01
8.235619224822918749e-01
8.372734832918505843e-01
8.355766441054841565e-01
8.599901630744104519e-01
8.591266872240319596e-01
8.630722153672223396e-01
8.621316524066082732e-01
8.592800348555151846e-01
8.725903419254221749e-01
8.788043112028625092e-01
8.764172109654921883e-01
8.732119795918598104e-01
8.659203710530934961e-01
8.674179022100241276e-01
8.931081994529613821e-01
9.081974298571222626e-01
9.113098503847575360e-01
9.182258567821501849e-01
9.353908360673178768e-01
9.366833906506220053e-01
9.381863922256351573e-01
9.467543705965424383e-01
9.567685355058677121e-01
9.517398567022012923e-01
9.436133311460233042e-01
9.681064316046247287e-01
9.638135032750063669e-01
9.837048954345188889e-01
9.910797365893859734e-01
9.879842022327351980e-01
9.983925909429086643e-01
1.012837208774272302e+00
1.037225268976525117e+00
1.035675771087725572e+00
1.048296968808152485e+00
1.068127187873209927e+00
1.090483200054530810e+00
1.104788137975795115e+00
1.127303513313178351e+00
1.123320964182430437e+00
1.139389564837435476e+00
1.174836138236466265e+00
1.147500856601959551e+00
1.167749957540136663e+00
1.166245518909292178e+00
1.207882560510566083e+00
1.225042600070391785e+00
1.222764795534268867e+00
1.256307637978309799e+00
1.254363880852759072e+00
1.272187756675195791e+00
1.274167431678660423e+00
1.271091974168727656e+00
1.286085175408079984e+00
1.281355170494568707e+00
1.282037106805419935e+00
1.313794549418682456e+00
1.316508772323476517e+00
1.297053884441203619e+00
1.316818842790710820e+00
1.311505126754754169e+00
1.305662371677544398e+00
1.301816387652592333e+00
1.296131665033687375e+00
1.313922457590305681e+00
1.294938010408537066e+00
1.311569152783302439e+00
1.308521107339457590e+00
1.304579385252862433e+00
1.338703270164123937e+00
1.292020738861576756e+00
1.307622199720725575e+00
1.300698274747817962e+00
1.303556925366199382e+00
1.329729339574420743e+00
1.312367988464807622e+00
1.297295307420908372e+00
1.305698118934207841e+00
1.305637303862490217e+00
1.311327223490336369e+00
1.313511064393939165e+00
1.305590502833565258e+00
1.299069416808244393e+00
1.296516972627105302e+00
1.275017770250615579e+00
1.257454080365780325e+00
1.256635061088582805e+00
1.259295164252211219e+00
1.244948009269988054e+00
1.253862161742635983e+00
1.237587165631346187e+00
1.208217859083889234e+00
1.196778664488209021e+00
1.197408216584532115e+00
1.168379330082080170e+00
1.161902903919822094e+00
1.153750250798919241e+00
1.114933172307685405e+00
1.123272960442928792e+00
1.091772551413828785e+00
1.083875249154261367e+00
1.045623609680495392e+00
1.022392812835151599e+00
9.952378202902583126e-01
9.909494946616650424e-01
9.889705122328580345e-01
9.836919627050187964e-01
9.778300966625670387e-01
9.594253754599630923e-01
9.293505711719773910e-01
9.190596609256481697e-01
8.926811777507442924e-01
9.027080762406185510e-01
8.890600788973915813e-01
8.733839450508292801e-01
8.350416940658452747e-01
8.279404640668925897e-01
7.933616535841961914e-01
7.895148356551888735e-01
7.801166312699174821e-01
7.888032174874576308e-01
7.828421852205290632e-01
7.819157721850272802e-01
7.745670165514761951e-01
7.759547758865448230e-01
7.571108614575957629e-01
7.482794433699153647e-01
7.195275845954143268e-01
7.220770885978547993e-01
7.109578926363029350e-01
6.935248095219762599e-01
6.858242746101268494e-01
6.727016129571595782e-01
6.686263893926224222e-01
6.598830217866336056e-01
6.507238394901945222e-01
6.508294973408476070e-01
6.403820068228950335e-01
6.372178075703699429e-01
6.383990571048645535e-01
6.367394878382436341e-01
6.328027641683039439e-01
6.220508992373494639e-01
6.218827813359749657e-01
6.199791865054059548e-01
6.225431521921941380e-01
6.131522360614248823e-01
6.198422110170056509e-01
6.162495521022790523e-01
6.055192450003672455e-01
6.111471381456167196e-01
6.065289937728728376e-01
6.130132037741243822e-01
6.076442201052310033e-01
6.115931239395903107e-01
6.106244480146985065e-01
6.131742652615126410e-01
6.050017608458680973e-01
6.052798424491266926e-01
6.062251029747213193e-01
6.011993267482438341e-01
5.993757704910115391e-01
6.012818980956814441e-01
5.952329661562505425e-01
6.068958666577478622e-01
5.985617853935157884e-01
6.051309667222027899e-01
5.967703794598691047e-01
5.983546285285307187e-01
6.036276525774861845e-01
5.986581961207820823e-01
5.994611060809095227e-01
6.036528756020783648e-01
5.998520180317447048e-01
6.002324439341043538e-01
6.011627513500832354e-01
5.911435604688759504e-01
5.911113938815339974e-01
5.938491428767797009e-01
6.000036151983559884e-01
5.979730405384033887e-01
5.930469968623676147e-01
5.994907417540404904e-01
6.043088517461170373e-01
5.970029060945911681e-01
6.014835328458669750e-01
5.934628799780916619e-01
5.871133299306356967e-01
5.959513212197461440e-01
6.021248188171562932e-01
6.065528244594706742e-01
6.025145626747718808e-01
6.033429063910816792e-01
6.015317742802505085e-01
5.990879925806353867e-01
6.037663674002861081e-01
6.065704056514966691e-01
6.084768154384266881e-01
6.115331399960032277e-01
6.064361562901773306e-01
6.066006193503166166e-01
6.031603737229027651e-01
6.072750181693343796e-01
6.132985341473559115e-01
6.090530399228096803e-01
6.115204045757978157e-01
6.047908550620267887e-01
6.041644590710679719e-01
6.208565228772131572e-01
6.167197780445842215e-01
6.121282705403570112e-01
6.166621390329544150e-01
6.162517123094178872e-01
6.173024213318333286e-01
6.253130684062686573e-01
6.309164470041981332e-01
6.268052183861777538e-01
6.354594479566118004e-01
6.387694631643807686e-01
6.343875081247127845e-01
6.459263400669851274e-01
6.473191522278731735e-01
6.558451470585855425e-01
6.450491625468603996e-01
6.517354289375845156e-01
6.646856340436565480e-01
6.755866547104386610e-01
6.689912297739670777e-01
6.675553152077182695e-01
6.761211523593411155e-01
6.776758313018124147e-01
6.837363290056741594e-01
6.810553582506746473e-01
6.892955059997498690e-01
6.990623816283393355e-01
6.948566418990340665e-01
7.046843603349663976e-01
7.034513058807987385e-01
7.100150110270778692e-01
7.068787782536213316e-01
7.102871432864985568e-01
7.146371533491439054e-01
7.118580779967023098e-01
7.208305254144782293e-01
7.179666935381020521e-01
7.185293968600935388e-01
7.191579094819094964e-01
7.209514930845315472e-01
7.284337459429784944e-01
7.263594893172883316e-01
7.243520389742669208e-01
7.249805107081256361e-01
7.211081143829208839e-01
7.255992928907780692e-01
7.179545397825375375e-01
7.216293882366892065e-01
7.202353006927428858e-01
7.222883704583898945e-01
7.101580828770330811e-01
7.114046838998911992e-01
7.098138451721888176e-01
7.105977021786601400e-01
7.070691288214975279e-01
7.113800550687989777e-01
7.081089710077362875e-01
7.162107510735002958e-01
7.048756719199847920e-01
7.029826765797022592e-01
7.136078055383584529e-01
7.053194184043853898e-01
7.080283160716775992e-01
7.112312553041080232e-01
7.075136663464918207e-01
7.051521284918381705e-01
7.135291397676417624e-01
7.072272708037424804e-01
7.091619770533885703e-01
7.101496212743949599e-01
7.138063154547669154e-01
7.098380083624610259e-01
7.124977652296919928e-01
7.103991513203837815e-01
7.119850486445186144e-01
7.160540039730947104e-01
7.134167532198139039e-01
7.027448596891636701e-01
7.047332425631717134e-01
7.152819660838799498e-01
7.081486562755602288e-01
7.152553052473439310e-01
7.095735948950008254e-01
7.117695685997863508e-01
7.138318336297960753e-01
7.155297272150846766e-01
7.069342474233686335e-01
6.989590919288244386e-01
7.042361110469430585e-01
7.020561665078950409e-01
6.999969520839091075e-01
6.968493107785503904e-01
6.898477188982512498e-01
6.971884757717201619e-01
6.917807276603945565e-01
6.931820845530317632e-01
6.935942492880563526e-01
6.923965332008956697e-01
6.844869262513779695e-01
6.884327701463566207e-01
6.836315648706422499e-01
6.819191307848150307e-01
6.621590867060358487e-01
6.722376010216076780e-01
6.674550988319770672e-01
6.667447628111807800e-01
6.655257239913859868e-01
6.577026148064527566e-01
6.515893059168108570e-01
6.544534975049240977e-01
6.573965017324256976e-01
6.557426386884689373e-01
6.537606910125259851e-01
6.496988289887197787e-01
6.434527789635564599e-01
6.414388191667648176e-01
6.357846623187771717e-01
6.373877972918520207e-01
6.354905842521818560e-01
6.295993047285004529e-01
6.324240917385696159e-01
6.345279378381681878e-01
6.230804228202997397e-01
6.285504666636131388e-01
6.335968587738238789e-01
6.324281579503860939e-01
6.200657534518245750e-01
6.261302890547958411e-01
6.244875273960280859e-01
6.284542262420328429e-01
6.257239225431926455e-01
6.163278578950491804e-01
6.217830914404386400e-01
6.195938629820906263e-01
6.230920650423271701e-01
6.198650554239014676e-01
6.225445512033100925e-01
6.071238925347424154e-01
6.238940390435330219e-01
6.222467932841588834e-01
6.240603831073739949e-01
6.260175492193073010e-01
6.223165669398349475e-01
6.236109132990386161e-01
6.233986486290734597e-01
6.214701477261392881e-01
6.224964009326553471e-01
6.264618429167525537e-01
6.276174270755083828e-01
6.251150892567660655e-01
6.214437686887573919e-01
6.222106286512837370e-01
6.273739728325100629e-01
6.285698318824705089e-01
6.247745398554138685e-01
6.262723267662582138e-01
6.278613007300090088e-01
6.272896293231566833e-01
6.256537186423219987e-01
6.219678295732511408e-01
6.217635708478842504e-01
6.270361808934106218e-01
6.299538396885683289e-01
6.265470337492905495e-01
6.246129585581037258e-01
6.198462613952163691e-01
6.176606713607315502e-01
6.229220106590571682e-01
6.252668996020203096e-01
6.245535737867297099e-01
6.236696319765405727e-01
6.266100565400932743e-01
6.299593203129021379e-01
6.259761856671441915e-01
6.311170939102618282e-01
6.283569206736229207e-01
6.215476514262273655e-01
6.331062090412630239e-01
6.202483863337518999e-01
6.263792081205054041e-01
6.304975130891321555e-01
6.328279707891847350e-01
6.438077768379401045e-01
6.319356603452924714e-01
6.350026644755337735e-01
6.377247580716499664e-01
6.390168939301911211e-01
6.379437434476593616e-01
6.311270783112282734e-01
6.390253137686719986e-01
6.467314170219550240e-01
6.468053045445514293e-01
6.419057158542372798e-01
6.404853663174648881e-01
6.466997109840212365e-01
6.461429308234188928e-01
6.469894288108402058e-01
6.574623475938606854e-01
6.531315438511839933e-01
6.574958824673627911e-01
6.562048079254232391e-01
6.559553704789975459e-01
6.662657337504448440e-01
6.625552466358286541e-01
6.663372410860729511e-01
6.652289469203023220e-01
6.691214880185596403e-01
6.689847415507532702e-01
6.774007515346371910e-01
6.742732657394878704e-01
6.877976439931376973e-01
6.746345186034881092e-01
6.792506398110392807e-01
6.833709920338185695e-01
6.985799724543018119e-01
6.881001745975010575e-01
6.878294150408870156e-01
7.013535608969009294e-01
6.952941858823422638e-01
7.043689175575202910e-01
7.039141915845120723e-01
7.116423524497083042e-01
7.239868139609975106e-01
7.163662527658942736e-01
7.191264103962997645e-01
7.299391829393456765e-01
7.270189661768292622e-01
7.287735642262093139e-01
7.447844299237418308e-01
7.553134626961576226e-01
7.511240419808650204e-01
7.567586761178893839e-01
7.681029000280639174e-01
7.682454058947649767e-01
7.573305234600655744e-01
7.726536961010743720e-01
7.789163591212329152e-01
7.829527216659856181e-01
7.621005736042295586e-01
7.735707949338551659e-01
7.910588127776481127e-01
7.935511524956004870e-01
7.901702299423790654e-01
7.730688704673830403e-01
7.943245093270709933e-01
8.094957466767812582e-01
8.336495935740534380e-01
8.011206449973860000e-01
8.330532986339749257e-01
8.344906315067350810e-01
8.581470599827759616e-01
8.789741492028204650e-01
8.494480850837806685e-01
8.880829154795778502e-01
8.976358671752160401e-01
9.113730153721297800e-01
9.351244874404349705e-01
9.594042551599368807e-01
9.706467292448580642e-01
9.553499866091172965e-01
9.688542969092589496e-01
9.902435795886108671e-01
1.006722383888052796e+00
1.042361949521686926e+00
1.084369250794778861e+00
1.091333610621346706e+00
1.098873085414249218e+00
1.155505736658569482e+00
1.192657380922028443e+00
1.208873133842333747e+00
1.222624862162731141e+00
1.258864498210622074e+00
1.252132706222666148e+00
1.279872972335135861e+00
1.304324273957692570e+00
1.332191508252264400e+00
1.322516573163432962e+00
1.325710409692876235e+00
1.353642046679876643e+00
1.360674044783392045e+00
1.328725038950366422e+00
1.374989234646211145e+00
1.374069158599413809e+00
1.350889463812710023e+00
1.343134760894603819e+00
1.338965513939819996e+00
1.341929116706483738e+00
1.348634321022851745e+00
1.332766033533091310e+00
1.339278866801515200e+00
1.334317017446388753e+00
1.318512560987334270e+00
1.307671163672206260e+00
1.310593779446650009e+00
1.282264808489615326e+00
1.310313928062717848e+00
1.300308454813990044e+00
1.300515077946457598e+00
1.306620030776175723e+00
1.309282589302657618e+00
1.286261495262530197e+00
1.274435007221296656e+00
1.293966576387891809e+00
1.291051986818289032e+00
1.322949010362993505e+00
1.319126663104904562e+00
1.306390601425778675e+00
1.314082274665584693e+00
1.320111320924172826e+00
1.322105416777775710e+00
1.323466084732625614e+00
1.314314703182513977e+00
1.318334776025318344e+00
1.339995194279878898e+00
1.325890908469785190e+00
1.335223624146712584e+00
1.322522947049314057e+00
1.321771444505360549e+00
1.329415881412765232e+00
1.338024781606830027e+00
1.324276617056235228e+00
1.322269880164683942e+00
1.317510094205580184e+00
1.292595368160756042e+00
1.296406612638640432e+00
1.304175711660618964e+00
1.324422194709879097e+00
1.295885822826117195e+00
1.285977011924454239e+00
1.276517705891487164e+00
1.274455712657804662e+00
1.275335467430017466e+00
1.266328948041260949e+00
1.257416506127277289e+00
1.243539567608825225e+00
1.230097776424447176e+00
1.208265802009567791e+00
1.210770888190689343e+00
1.196829785533770396e+00
1.177758866556309902e+00
1.171831237382929602e+00
1.124621058131787921e+00
1.122312307830864997e+00
1.096183754487515039e+00
1.065301019673295713e+00
1.044618730013075592e+00
1.033352092359206109e+00
1.003206338636939421e+00
9.719269247729553918e-01
9.436723402551895346e-01
9.279444227103296194e-01
8.962521640209205609e-01
8.787514938256045793e-01
8.634210705141349695e-01
8.608741982795266035e-01
8.304525352852611952e-01
8.186107855667636990e-01
8.729847261207119846e-01
8.705487922365449105e-01
8.572659691914863433e-01
8.340012910506362509e-01
8.246936558703885645e-01
7.993528066042187019e-01
7.662890033408454871e-01
7.788908875746946014e-01
7.627890151097083127e-01
7.500256675531707939e-01
7.656418190820093450e-01
7.705955112759711456e-01
7.641972416039795046e-01
7.664572911125948629e-01
7.520897746134690420e-01
7.507864094397850296e-01
7.551606826414893892e-01
7.454618301548615600e-01
7.258220619941253560e-01
7.395465432843822962e-01
7.274274538161392689e-01
7.269854468487412236e-01
7.071277839569272139e-01
7.060530157464643963e-01
6.965534329770357580e-01
6.938923193787892574e-01
6.852781370907968794e-01
6.746856800916368746e-01
6.792590837228408285e-01
6.622986359130510481e-01
6.702538333285465999e-01
6.684500852551821248e-01
6.595834656082411041e-01
6.621545383544258367e-01
6.539900497091167830e-01
6.455504557700519896e-01
6.586972808293019011e-01
6.548239499282041409e-01
6.357355309341675698e-01
6.475008366268090176e-01
6.418057090082909255e-01
6.441207456830251310e-01
6.434042964131317932e-01
6.405246823886950880e-01
6.436286912426965046e-01
6.412465974173424677e-01
6.376105547925539074e-01
6.347227951038019178e-01
6.417144150542313241e-01
6.403951711383714107e-01
6.514924820476579725e-01
6.330011589777206904e-01
6.403099212020447739e-01
6.411602161682963263e-01
6.329197631995983064e-01
6.397154655197764273e-01
6.369376122128814766e-01
6.473472225431529115e-01
6.409506276170462424e-01
6.451766287305190639e-01
6.511231412034759192e-01
6.405238617631001663e-01
6.492034491335131330e-01
6.500999163621693500e-01
6.446545815212875175e-01
6.458458369437415358e-01
6.443670566246296749e-01
6.469317052482868036e-01
6.555877893020686242e-01
6.476732082731343487e-01
6.573742111538710686e-01
6.533317933709846814e-01
6.523507340186169845e-01
6.570576366688479775e-01
6.621321817637960683e-01
6.659109782018122203e-01
6.635944654056171732e-01
6.572154719757701269e-01
6.557752081019716517e-01
6.616301557886749007e-01
6.571441712677086322e-01
6.636405882747250518e-01
6.648510617079833596e-01
6.599979395491636369e-01
6.595091811953895933e-01
6.761068903229667804e-01
6.625399908373127422e-01
6.674370118125847462e-01
6.626455144894968230e-01
6.578991315045900068e-01
6.609186205155362925e-01
6.693487478530367740e-01
6.582027208739887891e-01
6.643087269683927154e-01
6.677932665354243680e-01
6.698909170057842921e-01
6.625444458560333372e-01
6.637198889968453086e-01
6.762070482659158221e-01
6.673531629669332554e-01
6.760239682917050796e-01
6.783546670591356076e-01
6.760843749868558072e-01
6.675872080273839160e-01
6.744917222093828046e-01
6.710734763501139399e-01
6.686830921462708632e-01
6.708232882096608618e-01
6.668367865792318439e-01
6.711093903808341699e-01
6.779290011623066992e-01
6.825397347657866653e-01
6.778814774488056694e-01
6.759025625635146639e-01
6.758370734006031721e-01
6.825838806208085474e-01
6.754762202886919198e-01
6.871393030305325000e-01
6.720081357772442754e-01
6.695566364523332092e-01
6.731396778236935496e-01
6.805522282118495747e-01
6.836470787221735623e-01
6.924932847409266401e-01
6.861884005316755131e-01
6.907825703587801014e-01
6.938648833627708568e-01
6.935334008216115231e-01
6.987796700392604476e-01
7.164635583205700708e-01
7.104341929873245753e-01
7.127949959823147719e-01
7.085085930991036340e-01
7.183684927344269333e-01
7.237573079871711945e-01
7.207544423201505124e-01
7.305982226409691860e-01
7.239107697416877762e-01
7.363339976725885583e-01
7.422381546004126474e-01
7.425547524945885769e-01
7.376515239093481835e-01
7.332435387416574857e-01
7.452069782888807170e-01
7.574451124283682057e-01
7.641737796714224151e-01
7.662991203433007215e-01
7.569500515371115901e-01
7.695274395314336546e-01
7.597213863751210994e-01
7.667331025640183872e-01
7.670199068636250894e-01
7.589047044168825140e-01
7.611646177560759119e-01
7.652250531973122660e-01
7.809659747668116214e-01
7.854223030790382643e-01
7.701714050336710971e-01
7.725803797807725415e-01
7.669856103593231111e-01
7.671843645921077037e-01
7.677365610129771589e-01
7.700024046031015423e-01
7.800811438432897482e-01
7.906724245014686847e-01
7.807635900997226264e-01
7.919185384345461820e-01
7.980210830084015772e-01
7.983289771078670993e-01
7.914067354031177892e-01
8.166063279453692481e-01
7.876324802883699627e-01
8.080553649252862902e-01
8.003254074362907700e-01
8.059708328119890020e-01
7.886438386381570131e-01
7.829082134171831964e-01
7.891628092143937456e-01
7.823194358440419549e-01
7.814344682280804921e-01
7.920006583350256424e-01
7.975350179887229496e-01
8.022974416058663572e-01
7.975579093436881983e-01
7.982314310360694165e-01
7.963833921081803213e-01
8.100453151759611226e-01
7.943915352053045886e-01
7.973446369640004860e-01
7.893327667822885862e-01
7.869672803789135029e-01
7.914965796821014088e-01
7.829517660360203468e-01
7.757530448271918733e-01
7.614585308681115494e-01
7.648337334204751148e-01
7.753952351254372877e-01
7.671331411395558852e-01
7.643669284552938592e-01
7.743133110912301387e-01
7.662703760142319798e-01
7.598789224191274672e-01
7.624767006769894717e-01
7.671322342110149517e-01
7.583146421868284248e-01
7.645900948323030022e-01
7.601338947055803485e-01
7.518578156722705019e-01
7.586644356693473812e-01
7.496150175379674430e-01
7.433760472738343283e-01
7.392717508177631958e-01
7.446184923764649355e-01
7.268292634535915564e-01
7.328599470488130763e-01
7.261113258271620907e-01
7.137175276836551507e-01
7.130566151419032161e-01
7.064894344628770417e-01
7.040053761285178791e-01
6.981883533753053817e-01
6.842198382584020466e-01
6.963170266295189981e-01
6.908563882154229452e-01
6.741931289051554810e-01
6.783426452926570871e-01
6.801168533257294646e-01
6.635832824247562822e-01
6.668001654663423539e-01
6.609401868280517789e-01
6.551292017511420873e-01
6.591078866047909157e-01
6.606770140228472865e-01
6.558893540841825853e-01
6.526642137047349301e-01
6.481173656105245762e-01
6.500862298090456237e-01
6.560795516480173450e-01
6.499487708917943696e-01
6.486424212739354545e-01
6.423257401517828979e-01
6.398680705661462520e-01
6.455864558707635759e-01
6.378339975035175469e-01
6.480550366093724701e-01
6.373016884906389512e-01
6.372905112553435281e-01
6.390474614713372858e-01
6.319721360862110560e-01
6.400330198342728538e-01
6.344562542336037447e-01
6.335352503494438015e-01
6.433712583766427739e-01
6.434609645688965651e-01
6.419382502808997915e-01
6.474109161289676173e-01
6.371239120603191530e-01
6.340342957719030670e-01
6.365671503282852584e-01
6.308872974540361556e-01
6.416194792008477199e-01
6.342928661730660167e-01
6.381170704035953323e-01
6.376227279443875684e-01
6.347367632361854417e-01
6.410542764833895291e-01
6.364567058249517295e-01
6.404384403913898627e-01
6.489377643041277510e-01
6.324176802151270094e-01
6.397648676964901027e-01
6.454052009878030738e-01
6.476323065620577246e-01
6.451598660497485094e-01
6.516347937870931029e-01
6.439857492185544485e-01
6.466985566233975913e-01
6.444334833389896433e-01
6.437421845905201279e-01
6.566652032386784965e-01
6.623690578059845402e-01
6.496799561365085296e-01
6.505149457338824659e-01
6.564366867086046664e-01
6.582666482148772369e-01
6.606390168021278875e-01
6.632656801110478062e-01
6.676325050294056318e-01
6.749640559768733672e-01
6.709892173737643795e-01
6.830564890493127095e-01
6.730159434108869965e-01
6.785366600079868471e-01
6.809838899763904774e-01
6.960306437857687323e-01
6.947550462384545211e-01
7.021963172080472049e-01
7.092882001350934162e-01
7.054085443115944987e-01
7.059032908823081875e-01
7.279999000369321571e-01
7.257832066058012011e-01
7.232675018702050540e-01
7.340907726644280151e-01
7.422554621302366318e-01
7.301380042272345161e-01
7.399579243191384270e-01
7.401667866747054791e-01
7.465073812797731190e-01
7.581779268641085645e-01
7.567561876449823144e-01
7.569900065666473887e-01
7.603450896134043013e-01
7.596702337587895038e-01
7.587855291421063963e-01
7.565834720995509022e-01
7.718131140436249593e-01
7.567570974337189948e-01
7.597096975320473122e-01
7.657368690024922708e-01
7.717851102727542045e-01
7.907385865624559917e-01
7.806620230517558046e-01
7.908912108909909033e-01
7.921529931599025076e-01
8.132657893451477049e-01
8.206734070985285401e-01
8.505371133690400320e-01
8.385386210218063185e-01
8.363838459598039732e-01
8.459998371194326072e-01
8.584328424889419162e-01
8.622260567967057199e-01
8.863576026953873255e-01
8.954226357483355825e-01
8.883582313278288733e-01
8.577298427242819878e-01
8.683412499993271583e-01
8.639934053661229019e-01
8.945447679578747424e-01
9.016619254628125413e-01
9.145920437900544320e-01
9.264263314652073644e-01
9.620874642587600167e-01
9.632665733150951315e-01
1.013441296719869378e+00
1.012582151554738852e+00
1.039028267780358394e+00
1.052394986767997143e+00
1.080003626203472678e+00
1.084423893108592774e+00
1.125924121481904683e+00
1.135836620929189245e+00
1.164860177430910193e+00
1.206369869047521526e+00
1.219177290408797631e+00
1.219629698060396228e+00
1.262060050683899037e+00
1.263784245265719974e+00
1.291780799850891004e+00
1.288214551922243434e+00
1.301134975432374663e+00
1.305117806733011587e+00
1.340114915952012042e+00
1.310278366908014691e+00
1.353922804121959977e+00
1.346366082769215655e+00
1.344118570969338178e+00
1.349141871962164174e+00
1.348331842138251080e+00
1.334700370480887077e+00
1.332818677456455658e+00
1.339310416830201467e+00
1.348319011490996422e+00
1.342047963032586555e+00
1.327298386191173796e+00
1.330193907933590713e+00
1.321884779923203856e+00
1.322160187299082246e+00
1.304176939810990143e+00
1.309475974511482121e+00
1.312596448381712300e+00
1.312364187982173691e+00
1.277381099185655344e+00
1.292067069718644046e+00
1.293993382757969712e+00
1.261705017336746337e+00
1.269286576830840119e+00
1.285811556275354040e+00
1.249655942502270412e+00
1.248935594847667918e+00
1.247573178271674577e+00
1.249037093393122744e+00
1.258142616424857918e+00
1.253133355101590851e+00
1.249626412862319569e+00
1.256817765224132577e+00
1.252127336726664542e+00
1.266878282452360560e+00
1.261460999359607538e+00
1.257499991983822785e+00
1.243881700489676945e+00
1.248751309787563324e+00
1.246452671685180036e+00
1.232774614314188666e+00
1.258285318884050819e+00
1.245290794910900445e+00
1.234165922102956614e+00
1.219596800047677787e+00
1.219800425818578837e+00
1.225999893632520266e+00
1.224832838857185635e+00
1.216216145767400780e+00
1.235411388040286829e+00
1.198411819834933389e+00
1.206947235117956208e+00
1.234828607435324521e+00
