nan
3.950907184808059858e-02
3.951975199225089830e-02
3.951319531982670080e-02
3.951785878861070050e-02
3.952247363295410126e-02
3.951928290456639681e-02
3.950715441695659691e-02
3.948566377014559731e-02
3.946703757560179882e-02
3.943955193772909901e-02
3.941472268611009855e-02
3.937802034823160297e-02
3.933746560018529931e-02
3.929191756011850278e-02
3.925146507681009922e-02
3.921412112839210012e-02
3.917441117665859673e-02
3.913617364892599954e-02
3.908340242261350295e-02
3.902535895877389666e-02
3.896438886524979800e-02
3.889090062844859780e-02
3.880597179531110330e-02
3.872511731292530013e-02
3.864141869510540062e-02
3.855694591089330048e-02
3.847215416347930100e-02
3.838040336256259843e-02
3.827869090525089918e-02
3.818326689385429656e-02
3.809106917837409845e-02
3.798881815723929856e-02
3.788729609307749796e-02
3.778407070287249925e-02
3.767720521397859706e-02
3.756639570749199797e-02
3.746050478301479747e-02
3.734993853085039756e-02
3.723655621831079704e-02
3.712593328520420038e-02
3.700217229008700287e-02
3.687405435115770347e-02
3.675055280514560180e-02
3.661825357080149973e-02
3.648650870253820205e-02
3.635447224822020013e-02
3.621703403490800222e-02
3.608191102454619964e-02
3.594260767345990037e-02
3.579236583448459907e-02
3.564766394498779939e-02
3.550254844238750346e-02
3.535845000524000248e-02
3.520341106869030040e-02
3.506122346461239964e-02
3.490259059932480229e-02
3.475054065515269935e-02
3.460289961242289658e-02
3.445124100740130230e-02
3.429764243877250068e-02
3.414207382873440250e-02
3.397217973273319869e-02
3.379741442497419951e-02
3.363432971560129797e-02
3.345205353309139984e-02
3.327770400687669883e-02
3.309312276843649758e-02
3.290621722374029862e-02
3.271869614167870199e-02
3.252818186192899669e-02
3.233849222537599905e-02
3.213891588514410091e-02
3.196422341599169936e-02
3.177274944914990074e-02
3.159052180882550298e-02
3.140294205171510061e-02
3.121074481804619882e-02
3.103274250598970010e-02
3.083856343080509932e-02
3.065621878992339996e-02
3.046997164739120162e-02
3.028285234584189925e-02
3.009362478835849938e-02
2.989818957921709999e-02
2.971207507015340143e-02
2.952558876128289975e-02
2.931878859321910072e-02
2.912968956341250096e-02
2.893599927392260032e-02
2.871911913774529909e-02
2.854843446613300126e-02
2.834693564906829930e-02
2.816673200212299957e-02
2.797198215456180026e-02
2.778319007875509894e-02
2.759608131497729919e-02
2.740818974530469937e-02
2.722623420663429841e-02
2.704214645494589994e-02
2.685580933742300058e-02
2.667384399011159951e-02
2.649865346824830173e-02
2.632252542741600129e-02
2.615078439047690065e-02
2.597486732938519838e-02
2.580511342708139907e-02
2.563128678231409857e-02
2.546669483371540033e-02
2.530045998348619957e-02
2.514117411154059845e-02
2.496423483482470076e-02
2.481367100532889947e-02
2.465851133106259849e-02
2.450299857050729918e-02
2.434941284428690164e-02
2.419937770848160086e-02
2.403946342696559879e-02
2.390198117044490048e-02
2.375906342802670129e-02
2.361434038041980085e-02
2.348435485290190083e-02
2.334721645774849932e-02
2.321407861206550155e-02
2.308198263171089976e-02
2.295796386614969847e-02
2.283314080164810037e-02
2.270777443341339893e-02
2.258548741433339876e-02
2.246709791981410173e-02
2.235052084542590162e-02
2.223744050909760156e-02
2.212931769256119841e-02
2.201982525057629911e-02
2.191394530761869852e-02
2.181241515119920066e-02
2.171664328281759995e-02
2.161396485187139921e-02
2.152126513948459871e-02
2.143367044096080101e-02
2.134570578990480083e-02
2.125865654256890031e-02
2.117637866370159980e-02
2.109823747222320037e-02
2.102398154865129862e-02
2.095170912812990144e-02
2.088491166808680022e-02
2.081951623983820110e-02
2.076238566918719997e-02
2.069703801716930164e-02
2.064588077413280140e-02
2.058956859087699917e-02
2.052151821444880148e-02
2.048446028844170055e-02
2.043774048631229884e-02
2.040175878983849916e-02
2.035261490650210059e-02
2.032559108652219962e-02
2.029287510424620036e-02
2.026080235375839894e-02
2.023082018115989963e-02
2.020089576790999944e-02
2.018048025339630111e-02
2.015864758530189899e-02
2.013942899945119977e-02
2.012772723818869944e-02
2.011387916507460100e-02
2.010221409224300163e-02
2.009501568802930099e-02
2.007617219806880071e-02
2.008549547034639907e-02
2.008148864779010084e-02
2.008667489497030154e-02
2.009064015372119885e-02
2.009425949337539929e-02
2.010632431513709878e-02
2.011664586618440095e-02
2.012208192154120098e-02
2.015023387689019937e-02
2.016807277675690055e-02
2.019107030443709899e-02
2.021375713980989863e-02
2.024278212658290124e-02
2.027487066940369953e-02
2.030048827965659844e-02
2.034278846532909871e-02
2.038605182585119871e-02
2.042262145872960136e-02
2.045183929431679953e-02
2.050428781930569919e-02
2.054913108301829883e-02
2.060229358401089936e-02
2.065633772801980100e-02
2.069966207528629865e-02
2.076740149357569898e-02
2.082331278001939984e-02
2.088274699267440165e-02
2.094522573750460040e-02
2.100583555028210161e-02
2.107378942948870057e-02
2.114224559632840034e-02
2.121259533767719946e-02
2.128245121086560013e-02
2.134709611507799865e-02
2.142793434210620018e-02
2.150072633427220145e-02
2.158237428685899975e-02
2.165909261535230168e-02
2.173776694875010143e-02
2.181581578292540041e-02
2.189919446327749999e-02
2.197849259774260072e-02
2.206255563309969872e-02
2.214928789459150171e-02
2.222458493246920117e-02
2.231170040625859996e-02
2.240066506742530161e-02
2.248498370123029957e-02
2.257360559487690127e-02
2.266951700916580020e-02
2.276198541058080047e-02
2.285055504293110121e-02
2.294219202985759917e-02
2.303135879960169913e-02
2.312378005318880062e-02
2.321304875349190083e-02
2.330515597685110102e-02
2.339252945925879984e-02
2.349048159152190146e-02
2.358214187282419924e-02
2.367141224015760145e-02
2.376527444457409918e-02
2.386032084068650042e-02
2.395052874791130104e-02
2.404462566444630009e-02
2.413559295030209828e-02
2.421884280438319978e-02
2.431030210201120048e-02
2.440807544859719888e-02
2.449034794442959961e-02
2.458768687292900088e-02
2.468144605037930067e-02
2.476949534254950167e-02
2.486009851314159927e-02
2.494882087767049880e-02
2.502985883773560169e-02
2.512794473504049997e-02
2.521467827960970076e-02
2.530747265160580156e-02
2.539133401086940064e-02
2.548027744628950098e-02
2.556536019555559827e-02
2.565132948011220049e-02
2.573862377614859892e-02
2.581295204681529828e-02
2.590642515405370064e-02
2.599367818534710148e-02
2.607447983898900090e-02
2.615544570046390155e-02
2.623822294847210149e-02
2.631195403509210134e-02
2.639150746057089894e-02
2.647396392348939920e-02
2.654865463499609876e-02
2.662760545055909908e-02
2.670229097055790146e-02
2.677789879755039862e-02
2.685682164609410130e-02
2.692732648865520106e-02
2.700426108475389997e-02
2.707577943902930023e-02
2.714345411917299875e-02
2.721086074380790060e-02
2.728216323887409922e-02
2.734934183854510065e-02
2.741812258593310028e-02
2.748860507163130087e-02
2.755060426366269868e-02
2.761950419129120121e-02
2.767416635012820078e-02
2.773391151055340162e-02
2.779542638561510043e-02
2.786279019606389962e-02
2.792533884393650148e-02
2.798182753084409863e-02
2.804486391461629910e-02
2.810216176027649851e-02
2.816117589527269982e-02
2.821733254284149867e-02
2.826776354024990168e-02
2.832691936687430079e-02
2.837379744015619890e-02
2.842618841136089827e-02
2.847305668213809954e-02
2.852531427644480061e-02
2.857160108509700092e-02
2.861868116934970091e-02
2.866559924557480002e-02
2.870772460724030015e-02
2.875175105979030019e-02
2.879661812433330012e-02
2.883636709350709953e-02
2.888892657747089976e-02
2.893013587317939950e-02
2.897585950180240136e-02
2.902497195474700031e-02
2.906372559831979854e-02
2.914311416827159926e-02
2.875209140422450155e-02
2.894562634530799955e-02
2.921422503148760064e-02
2.924321062297690135e-02
2.885636594188880147e-02
2.892722031018489862e-02
2.935358122420069979e-02
2.899389747829880098e-02
2.924351467877819855e-02
2.894207767982720156e-02
2.931832233292270065e-02
2.930719701187129919e-02
2.934240648039649832e-02
2.927626173653170155e-02
2.926219853075449906e-02
2.897192540203449851e-02
2.920923196882050168e-02
2.918139724893600156e-02
2.901687610033179890e-02
2.912885884953150123e-02
2.899517873271520094e-02
2.906624589451450164e-02
2.903063775894839868e-02
2.899543105469759921e-02
2.895979295032910170e-02
2.891403404482729977e-02
2.887641621995780047e-02
2.883058490942249849e-02
2.878139616834159836e-02
2.874062794778710003e-02
2.868833370734600111e-02
2.864515145313109926e-02
2.859093397481449889e-02
2.853914596808250145e-02
2.848490705427569880e-02
2.842598924570840027e-02
2.836670561732420118e-02
2.830879985002359919e-02
2.824924536534539898e-02
2.817640439856889875e-02
2.811975055371700172e-02
2.805546033063549896e-02
2.798919945180329896e-02
2.791610066351959962e-02
2.784054294639889959e-02
2.776822995622100013e-02
2.769749456518839914e-02
2.761904732968650106e-02
2.755129589242399923e-02
2.746643033359590091e-02
2.739384736211120108e-02
2.731509008633279875e-02
2.722831729710439852e-02
2.715027777515599886e-02
2.707316614935269955e-02
2.698945177766049960e-02
2.690766060316850117e-02
2.682269277241269845e-02
2.674472934528440010e-02
2.666038342570559855e-02
2.657501222367220084e-02
2.649545606566160172e-02
2.640723528772210074e-02
2.632524831055680151e-02
2.624324632033300103e-02
2.615955176847890168e-02
2.606009030543960173e-02
2.598796632202080015e-02
2.590978543020679842e-02
2.582922869992149845e-02
2.573633016483399885e-02
2.566871941081329961e-02
2.558580842388150089e-02
2.550587283120159948e-02
2.542392738750350045e-02
2.534724641105590148e-02
2.527177130914609951e-02
2.519725383950070091e-02
2.511544741030079936e-02
2.503606810847519917e-02
2.496575394516380164e-02
2.488924784913310040e-02
2.481202021616620013e-02
2.474162657125129894e-02
2.466162654756879832e-02
2.459758452174489948e-02
2.452664261393670136e-02
2.445686212728560155e-02
2.439052269060880060e-02
2.432361492470479919e-02
2.425850800672900084e-02
2.418820677593730081e-02
2.412493798460280114e-02
2.406779610370090097e-02
2.400648764965240128e-02
2.394179894740519968e-02
2.387840378284560028e-02
2.381351172824279841e-02
2.376817924543140129e-02
2.371015891493459884e-02
2.365884442364659876e-02
2.360066096917559988e-02
2.355183126773729985e-02
2.349779199457750073e-02
2.344982469117479901e-02
2.339964199750280138e-02
2.334694252592529884e-02
2.330547008123860092e-02
2.326609636402639930e-02
2.321904050325189831e-02
2.318215924524260133e-02
2.313698164037180163e-02
2.310143593736349935e-02
2.306814359337969883e-02
2.303191302756379955e-02
2.300061699409559901e-02
2.296599241914160094e-02
2.293663371205910059e-02
2.290841939293510043e-02
2.288338566736619964e-02
2.286098731602120154e-02
2.283500004831010011e-02
2.281553232562679931e-02
2.279860715776720059e-02
2.277234527914650045e-02
2.275869189447449897e-02
2.273475893781680066e-02
2.272454669176689895e-02
2.271404054911390150e-02
2.271077081691499910e-02
2.270363569608870036e-02
2.269558849672019887e-02
2.269564497094509956e-02
2.269421688815979887e-02
2.269224206558960108e-02
2.269800313459209920e-02
2.269704471209270033e-02
2.270869853313699921e-02
2.270914770139929872e-02
2.272148776315070090e-02
2.273269561400070166e-02
2.275040836043100076e-02
2.276132747116670074e-02
2.278229441422680024e-02
2.279875353180249933e-02
2.281875159525199870e-02
2.283304925250299877e-02
2.286125758425919946e-02
2.288789360182710148e-02
2.291526222144120092e-02
2.294352881698979996e-02
2.296841811042680051e-02
2.299829828754880109e-02
2.302798123449060000e-02
2.306085671409190130e-02
2.309599325808240136e-02
2.313516497812390105e-02
2.316919816671619836e-02
2.320092710209710127e-02
2.324252648165829951e-02
2.327919950486309966e-02
2.332020095949809829e-02
2.336262317848719974e-02
2.340546537371319957e-02
2.344806808952399832e-02
2.349107127773759907e-02
2.353691173495330025e-02
2.358501113165930099e-02
2.363057667377849863e-02
2.368017599698879830e-02
2.373212338572509850e-02
2.377844635617349864e-02
2.382816173707159868e-02
2.387992643035320023e-02
2.393517258980440085e-02
2.398673544882199901e-02
2.404196674252370020e-02
2.409716613448779909e-02
2.415600398457180137e-02
2.421070927661279903e-02
2.426591711241389906e-02
2.432217846715250056e-02
2.437853497782519960e-02
2.444030493393859957e-02
2.450045539956039950e-02
2.456101781422400168e-02
2.462340083627699919e-02
2.468107779600579865e-02
2.474878171573269975e-02
2.480784853337940007e-02
2.487174544834129877e-02
2.493458390465240135e-02
2.499872657711180168e-02
2.506500281546299863e-02
2.512769438003559924e-02
2.519445329028020125e-02
2.526273301986289854e-02
2.532694036542080043e-02
2.539294515652629897e-02
2.546151228640559927e-02
2.552767030199309950e-02
2.559245907967769990e-02
2.566029009522369925e-02
2.572661337594819853e-02
2.579591301596460134e-02
2.586385659561879838e-02
2.593349222955200137e-02
2.599864007905559882e-02
2.606677744351339893e-02
2.613462453490289841e-02
2.620489369278410086e-02
2.627118958102580074e-02
2.634186563049109933e-02
2.641080579676019849e-02
2.647563996123659946e-02
2.653832850230910048e-02
2.661636026230049940e-02
2.668539350913180092e-02
2.675803341309080166e-02
2.682698404540600004e-02
2.689883329382099925e-02
2.697235429641460167e-02
2.704185742835159972e-02
2.710953558159159837e-02
2.717481813028650023e-02
2.724928191520920029e-02
2.730547889623610031e-02
2.737520105856150118e-02
2.744086080894700061e-02
2.752239092346420168e-02
2.661730892614920171e-02
2.723427276057429833e-02
2.722773986282589834e-02
2.729254124515419905e-02
2.792574723135899870e-02
2.800139654519370053e-02
2.807536514731779828e-02
2.814925580874400035e-02
2.820606833958240120e-02
2.828046900790550169e-02
2.835441777252150145e-02
2.843129667941639988e-02
2.850319090468770092e-02
2.857512058765019833e-02
2.864239880851479972e-02
2.870475329879739954e-02
2.875995818735140042e-02
2.881111201611140024e-02
2.885909457187210009e-02
2.891022609507570146e-02
2.895192889795280070e-02
2.900113236691459831e-02
2.903709649767960074e-02
2.907252133923540066e-02
2.910309756581309915e-02
2.912818731247900084e-02
2.914474041706510005e-02
2.916132556250010041e-02
2.917593559588289864e-02
2.918839115712490093e-02
2.919649494314570035e-02
2.920412565307090036e-02
2.920789418406929960e-02
2.920068820031060039e-02
2.919975536668360100e-02
2.919454495065090111e-02
2.918769618629279972e-02
2.918281729916179928e-02
2.917676555080209871e-02
2.916115265640800008e-02
2.914619372872390146e-02
2.913317433475740015e-02
2.911924786782299837e-02
2.910554398700580109e-02
2.909052544961550010e-02
2.907354833575529970e-02
2.905969707822569914e-02
2.904219090434610046e-02
2.902441132965790163e-02
2.900838097630619936e-02
2.899198590186450111e-02
2.897824568669389936e-02
2.896049332066140056e-02
2.894645464210819988e-02
2.892809352306499951e-02
2.891016250292570075e-02
2.889032934514140089e-02
2.887878139113439838e-02
2.886043815956509939e-02
2.884414567569449847e-02
2.883169895006449865e-02
2.881022108059549947e-02
2.879745406989410103e-02
2.878549361691079903e-02
2.877124055885510109e-02
2.875593227156079956e-02
2.874844983571170007e-02
2.873537325427859973e-02
2.872340703317680100e-02
2.870818977671699829e-02
2.869579117814299862e-02
2.868425892888129894e-02
2.867540901144220028e-02
2.866759022598990014e-02
2.865272712170470124e-02
2.864448037697190155e-02
2.863378942226400131e-02
2.862052122441810162e-02
2.860741918573690007e-02
2.859001672334500130e-02
2.857230878626810036e-02
2.855798976970630107e-02
2.853572834630140054e-02
2.851180717162669909e-02
2.848717257531329858e-02
2.846267787804929866e-02
2.843497918463280122e-02
2.840829371267869843e-02
2.837591131703710162e-02
2.834276341571630164e-02
2.830863420475960082e-02
2.827382140058850094e-02
2.823563167071140023e-02
2.820811552215140086e-02
2.816502299004179991e-02
2.812715900726329987e-02
2.808946287312629950e-02
2.804871560410500050e-02
2.800920896772919957e-02
2.796889584895419917e-02
2.792966151435320038e-02
2.788825157874059990e-02
2.784017322293410104e-02
2.780084605233749950e-02
2.775542173754690090e-02
2.770942512083720069e-02
2.766506969974770122e-02
2.762343401047830105e-02
2.757845309352470117e-02
2.753020840052739990e-02
2.748317311227830087e-02
2.743634914454980145e-02
2.738754880514199935e-02
2.734289814660520110e-02
2.729245550498859973e-02
2.724606589394890088e-02
2.719948215264019961e-02
2.714986667406220008e-02
2.710335558733779904e-02
2.705324693678269957e-02
2.700641908790850018e-02
2.695375392486730123e-02
2.690595377048470016e-02
2.685689706443759872e-02
2.680466836798680100e-02
2.675705068731699943e-02
2.670961898992589914e-02
2.665854183440529920e-02
2.661069126239639857e-02
2.656008690568719896e-02
2.651114414335909927e-02
2.645957870766299860e-02
2.640548173670170112e-02
2.636097439322120095e-02
2.630325739132560042e-02
2.625661153419510049e-02
2.621191236435890110e-02
2.615983139915410011e-02
2.611401915755350023e-02
2.607010113886960162e-02
2.601587676995149867e-02
2.597186115611579971e-02
2.591836330293360163e-02
2.587357054601260170e-02
2.582827024120369977e-02
2.577809304350939940e-02
2.573608373382320000e-02
2.568954400900719942e-02
2.564987110414109969e-02
2.559775405670669871e-02
2.556067922161359834e-02
2.551582150435049989e-02
2.547212933107549995e-02
2.542781129534249854e-02
2.538450823864740052e-02
2.534596505780329842e-02
2.530859484312220076e-02
2.526986461399029910e-02
2.523342796597960111e-02
2.519435313247010005e-02
2.515817023325700105e-02
2.511774535691459892e-02
2.508285899849169859e-02
2.504774870497609995e-02
2.501417997464000162e-02
2.497770867521839980e-02
2.494658869281640018e-02
2.491696937081060159e-02
2.487866577558929884e-02
2.485066023050869904e-02
2.482257003025779840e-02
2.479496770338639883e-02
2.476709890780059986e-02
2.473454179811860124e-02
2.471018374788809882e-02
2.468702091913450164e-02
2.466325766039850070e-02
2.463383208785470055e-02
2.461646951370309935e-02
2.459001013290660134e-02
2.456909840760580083e-02
2.454582847964939876e-02
2.451398519612440000e-02
2.450351003249729917e-02
2.448560809752369991e-02
2.447002113266629961e-02
2.445052648166249828e-02
2.443322893537409890e-02
2.441628828596860076e-02
2.439839438652520107e-02
2.438793229080149852e-02
2.437166596706160163e-02
2.435521680512220052e-02
2.434655386116270012e-02
2.431959501105300167e-02
2.431841091929769910e-02
2.430344220936180022e-02
2.429080783615460148e-02
2.428056270595200031e-02
2.426934828443070083e-02
2.426182382874069940e-02
2.425555123151239972e-02
2.424476563128079992e-02
2.423325110150269940e-02
2.422096004831469918e-02
2.421712476386609844e-02
2.420832117353670029e-02
2.419975567629750052e-02
2.418889941466470170e-02
2.418506063480359985e-02
2.417739255964379899e-02
2.416897861834989975e-02
2.415957020086300158e-02
2.415331874391339964e-02
2.414579636693589895e-02
2.414107026785650145e-02
2.413093058804659935e-02
2.412538378693079855e-02
2.411995351874409929e-02
2.411076468597530068e-02
2.410419345801649918e-02
2.409802455046980083e-02
2.409194135339099915e-02
2.408591865546499955e-02
2.407610068492979996e-02
2.406991457977489951e-02
2.406055220879189938e-02
2.405447089191430077e-02
2.404649730607449909e-02
2.403843193516989885e-02
2.403164382468829866e-02
2.402431921752189864e-02
2.401896707960030075e-02
2.400921205946309964e-02
2.400303309437840094e-02
2.398731700551059998e-02
2.398835887648039997e-02
2.397871905650370006e-02
2.397076715802460081e-02
2.396112521549609992e-02
2.395291875569980147e-02
2.394842584718569894e-02
2.393614662195130138e-02
2.393143934804840139e-02
2.392207768134770041e-02
2.391549033653279921e-02
2.390600312557759899e-02
2.390064912801249941e-02
2.389000107325000080e-02
2.388040128184009889e-02
2.387410268696630103e-02
2.386687117727940080e-02
2.385881021744040015e-02
2.384561762103230148e-02
2.384310671654989860e-02
2.384167452093029910e-02
2.383102795631349829e-02
2.382587167690190105e-02
2.381144525777690105e-02
2.381422194676839979e-02
2.381063914132159828e-02
2.380584085596069988e-02
2.380253226098969985e-02
2.379572980191869969e-02
2.379113467576270124e-02
2.378777373618980173e-02
2.378539069630559999e-02
2.378410849863769883e-02
2.378070370684199838e-02
2.378334265497359865e-02
2.377728009448139973e-02
2.377844779145680057e-02
2.377981282768950114e-02
2.378070370684199838e-02
2.377940673128940002e-02
2.378468733215989908e-02
2.378391723800329927e-02
2.378303213797779841e-02
2.379292702699370085e-02
2.379767004900830082e-02
2.379584137994270043e-02
2.380634024624070019e-02
2.381264129956220041e-02
2.382163328554959963e-02
2.382865950477899841e-02
2.383723097823089998e-02
2.384379625776989961e-02
2.385020035943000161e-02
2.386137815467890069e-02
2.387565746040460138e-02
2.388452892445740161e-02
2.389455082379919951e-02
2.390675056337890000e-02
2.391538888200439930e-02
2.393251825737690089e-02
2.394523969772820171e-02
2.396197442219420021e-02
2.397355061597410131e-02
2.398690567388870112e-02
2.400341091898269830e-02
2.401514494723069881e-02
2.403061793873970120e-02
2.404953696779199915e-02
2.406613252357049995e-02
2.408371598544579995e-02
2.410071553334009950e-02
2.411733616014560128e-02
2.413098344639080101e-02
2.415361657046790136e-02
2.417446225467519832e-02
2.419190232175899916e-02
2.421403891581170101e-02
2.423303804340589881e-02
2.425095832893230108e-02
2.427484148813029846e-02
2.429624860963320102e-02
2.431481123204060069e-02
2.433656310277650114e-02
2.436056366999930084e-02
2.438322366068739963e-02
2.440497380511459993e-02
2.442949678034020064e-02
2.445244564757240169e-02
2.447469021615029938e-02
2.449990608804639841e-02
2.452385587053090149e-02
2.455118378265950044e-02
2.457898202341200072e-02
2.460361080069540032e-02
2.463296587232680079e-02
2.465564990894249936e-02
2.468634811774590015e-02
2.471818843741580007e-02
2.474989859200050005e-02
2.478026839297759951e-02
2.480947911379869850e-02
2.483845232246049972e-02
2.487464815153319839e-02
2.490748260377879941e-02
2.494207042392070084e-02
2.497437543848310057e-02
2.500592853709950047e-02
2.504124390515160073e-02
2.507981398864459963e-02
2.511549059618990026e-02
2.515208314239979898e-02
2.518954081645490006e-02
2.522685560530999946e-02
2.526686930332030026e-02
2.530490724015540052e-02
2.534365459558990050e-02
2.538431490412119962e-02
2.542441650561760164e-02
2.546987291226879974e-02
2.551777041609430002e-02
2.555973120528989839e-02
2.560465386335800120e-02
2.563920452920009918e-02
2.569747632247119939e-02
2.573964630376469886e-02
2.578889390810519891e-02
2.584013564649649888e-02
2.588801441519210031e-02
2.592984016348559920e-02
2.597936681638260067e-02
2.603054610712660089e-02
2.607543990049199928e-02
2.612251080707140086e-02
2.617359469466460156e-02
2.622298629826709873e-02
2.627077502655419949e-02
2.611184071358730110e-02
2.641555804995089976e-02
2.640795051871989985e-02
2.604307069473560041e-02
2.652580930906520140e-02
2.657600141435960059e-02
2.665310936514949866e-02
2.669371249710819974e-02
2.671803719593090001e-02
2.682410753836820053e-02
2.686722176007790008e-02
2.692489110930720159e-02
2.697772851054420010e-02
2.703917620226749946e-02
2.710046094369079894e-02
2.716614530559489926e-02
2.724055031854320102e-02
2.730919488944420076e-02
2.737650593823789946e-02
2.744973166809069887e-02
2.750698403732339953e-02
2.757428799212250162e-02
2.764862330771460097e-02
2.771672362659750172e-02
2.778888467140610066e-02
2.786278306299840024e-02
2.792727919931129940e-02
2.798295918831979895e-02
2.802500050546950089e-02
2.806033947334540118e-02
2.808833099103240014e-02
2.810634435047140028e-02
2.812180031336669953e-02
2.813998367805500139e-02
2.815028307123480095e-02
2.815639699877079891e-02
2.815822336707660134e-02
2.816360787445019997e-02
2.816346807459189916e-02
2.816469774381739899e-02
2.816432703258900036e-02
2.816025256164799914e-02
2.815729675418859879e-02
2.815994000380899961e-02
2.815653811682480162e-02
2.815476260976430140e-02
2.815132820004200009e-02
2.814659996135079889e-02
2.814419632350220052e-02
2.814341074139320095e-02
2.814332203379439970e-02
2.814187510559320107e-02
2.813769929744759993e-02
2.813588470020220167e-02
2.813595259401429835e-02
2.813595259401429835e-02
2.813444400277309923e-02
2.813352838556590005e-02
2.813496127683379894e-02
2.813496127683379894e-02
2.812889645397319976e-02
2.812874862278740007e-02
2.812100522075030098e-02
2.811639696155069854e-02
2.811271794115259917e-02
2.811328441948150042e-02
2.810991997282780153e-02
2.810327261213610081e-02
2.809963096147230152e-02
2.809675289247269905e-02
2.809373100586669975e-02
2.809437110051549863e-02
2.809266725714550106e-02
2.808923386345999959e-02
2.808872021354219886e-02
2.808010185766749919e-02
2.807972551640040143e-02
2.807187521935130062e-02
2.807076901417170089e-02
2.805992175357939836e-02
2.805337390101109857e-02
2.804601023429989862e-02
2.804056602026029979e-02
2.802966406916959988e-02
2.801933696154159867e-02
2.801136450547260168e-02
2.799811288991129951e-02
2.798796792335190090e-02
2.797642300178460051e-02
2.796289439971619967e-02
2.794420424150950016e-02
2.792681895478400095e-02
2.791447282742599845e-02
2.789745666294660142e-02
2.788124293681780094e-02
2.786509628276310005e-02
2.784398390360020084e-02
2.782734971980299968e-02
2.781060508592870031e-02
2.779431226785539916e-02
2.777742025368790113e-02
2.775683851583329864e-02
2.773867716526709840e-02
2.771662696872979892e-02
2.769812618876070151e-02
2.768115348329280162e-02
2.765760837015460161e-02
2.763680177079819861e-02
2.761714699995480166e-02
2.759755869473549950e-02
2.757370421659920134e-02
2.755103810751979854e-02
2.752650886849400055e-02
2.750672123688710155e-02
2.748745074072470040e-02
2.746025034168190007e-02
2.744087032191570158e-02
2.741227370025199964e-02
2.739102908170200010e-02
2.736612671804400029e-02
2.734182833729580098e-02
2.732015081156900088e-02
2.729650245493389984e-02
2.726986874990499840e-02
2.724941028864279885e-02
2.722124544434249838e-02
2.719230905582329869e-02
2.716912570026670110e-02
2.714247060513750101e-02
2.711667882177350164e-02
2.709072201126180163e-02
2.706289339613199979e-02
2.703665454972770110e-02
2.700963195596239874e-02
2.698452463157340053e-02
2.695842115116989929e-02
2.692920846578960095e-02
2.690270025772200160e-02
2.687362873056830040e-02
2.684526815482700043e-02
2.682020033613709969e-02
2.678682667054160110e-02
2.675665111603350160e-02
2.673004551353819896e-02
2.670091002559450005e-02
2.667182339211419950e-02
2.663743992526650117e-02
2.660855105857840019e-02
2.658087154509420139e-02
2.655533983188829855e-02
2.652823847920229849e-02
2.649167632579730106e-02
2.646305958821449852e-02
2.643266555426580094e-02
2.640606023712379832e-02
2.638181963662070140e-02
2.635062486567790047e-02
2.632364797562309830e-02
2.629489993649000018e-02
2.626880097800009944e-02
2.624157801269999882e-02
2.621319218486330149e-02
2.618567532318040111e-02
2.615992458671330054e-02
2.613461627297070100e-02
2.610613006862369870e-02
2.607858512789560171e-02
2.605517244932860008e-02
2.603261249005719979e-02
2.600319455291629986e-02
2.598104018993200107e-02
2.595701898178750036e-02
2.593647500528710112e-02
2.591052594120920108e-02
2.588726770054329898e-02
2.586467933113300102e-02
2.584239701784410079e-02
2.582008562308230060e-02
2.580242482180709895e-02
2.578209236288939860e-02
2.575984851663709954e-02
2.573163468300060028e-02
2.571802243255229964e-02
2.569906730400419934e-02
2.567835178042150029e-02
2.566200411550319943e-02
2.564366892014779964e-02
2.562647660920830059e-02
2.561043735187100087e-02
2.559522764613110166e-02
2.558033399749309877e-02
2.556298965928130093e-02
2.555308925519890126e-02
2.553573899496150088e-02
2.552389129540760110e-02
2.551258457344990002e-02
2.549674616475389871e-02
2.548662325907230172e-02
2.547899394934999978e-02
2.546915482771239941e-02
2.545470288590780117e-02
2.544860872876989963e-02
2.543370329087520088e-02
2.543053368666179856e-02
2.542355246178160111e-02
2.541840143251209924e-02
2.541431493291779892e-02
2.540482920055359833e-02
2.539647102187179983e-02
2.539287947724809882e-02
2.538604985304029893e-02
2.537993112574520038e-02
2.537781581321690155e-02
2.537498415946029887e-02
2.536978927155890060e-02
2.536553809904430051e-02
2.536100457854970069e-02
2.535449558805600093e-02
2.535424150138909996e-02
2.535490212555250103e-02
2.535231771212359889e-02
2.535077277871159926e-02
2.534434223076450013e-02
2.534120142286139937e-02
2.533744624020399863e-02
2.533822877216350064e-02
2.533738184319839909e-02
2.533268009586099948e-02
2.533218835331919883e-02
2.532970429318580005e-02
2.532605090011310137e-02
2.532035112017369874e-02
2.532071783160599887e-02
2.532144742840290036e-02
2.532001038841130008e-02
2.531251453856669942e-02
2.531199791664980048e-02
2.530595246053240002e-02
2.530212574884859941e-02
2.530308075422340111e-02
2.530240350504709898e-02
2.529571798966090065e-02
2.529370217246289937e-02
2.528529888841389919e-02
2.528295612238230100e-02
2.527653306173609921e-02
2.527468576790849880e-02
2.527487550600869895e-02
2.526622199637610158e-02
2.526155406664689837e-02
2.525715702733370011e-02
2.525357576606980167e-02
2.525256319161869878e-02
2.524198439907850144e-02
2.524174631989770101e-02
2.523680937196530125e-02
2.523068332890730098e-02
2.522364443711330034e-02
2.522133409407329926e-02
2.521044905854019982e-02
2.520972734348669864e-02
2.520559976106490074e-02
2.520205568672490015e-02
2.519663651501079932e-02
2.518650537561619926e-02
2.518396195617229882e-02
2.517864088183159946e-02
2.517149654790440047e-02
2.516788512279699921e-02
2.516425465444700055e-02
2.516091694377960153e-02
2.514893415152140085e-02
2.514503434325879999e-02
2.514148410268220168e-02
2.513762167896859898e-02
2.513565020735920169e-02
2.512607762820899884e-02
2.512839620219100081e-02
2.511998270069989991e-02
2.511537726116510119e-02
2.510992827523729834e-02
2.510757576291069992e-02
2.510612074940190078e-02
2.510003604465639929e-02
2.509902194720430024e-02
2.509712410873949848e-02
2.509212465743570000e-02
2.509223036770080045e-02
2.509013735380260027e-02
2.509074281659030153e-02
2.508916123420950120e-02
2.508585306097610088e-02
2.508593245934589988e-02
2.508425918129859877e-02
2.508320505447500168e-02
2.508744668298579922e-02
2.508910443583280137e-02
2.508994725766030068e-02
2.509437715598649907e-02
2.509644257592519995e-02
2.509885192189999920e-02
2.510142380512020086e-02
2.510641444456029880e-02
2.511169527768419840e-02
2.511870801404459883e-02
2.512338652759949983e-02
2.512685885545979866e-02
2.513698715557539931e-02
2.514479206196930036e-02
2.515456480431890046e-02
2.516327328114920103e-02
2.517062323000859858e-02
2.518155280759199963e-02
2.518854713892020036e-02
2.520082395696299910e-02
2.520896830008079875e-02
2.521852352155259935e-02
2.523557215063690004e-02
2.524758702745940123e-02
2.525972035220220083e-02
2.527078628194799961e-02
2.528368173754599879e-02
2.529684143015839895e-02
2.531536236333980019e-02
2.532854063852149964e-02
2.534245664251169941e-02
2.535428715131689964e-02
2.536955726588839902e-02
2.537931654163269948e-02
2.539937533285209839e-02
2.541838517421459928e-02
2.543160572704369904e-02
2.544953566166269915e-02
2.546162178335700105e-02
2.548064799353860072e-02
2.549044782366879924e-02
2.550934645652040006e-02
2.551984947616759911e-02
2.553274888134030030e-02
2.555388344480260046e-02
2.556292375255289975e-02
2.557933803144539844e-02
2.559295465042800075e-02
2.560635429019780113e-02
2.562098156593569862e-02
2.563103214139069927e-02
2.564866879749580150e-02
2.565897977728700055e-02
2.567392142231399860e-02
2.567416287460180108e-02
2.569512943926499995e-02
2.570506846628309999e-02
2.571743648867559975e-02
2.572086730772159963e-02
2.573509041893429911e-02
2.574231678592599909e-02
2.575306944172050042e-02
2.576168615331239989e-02
2.576818391814710008e-02
2.577826505862360063e-02
2.578839619351940005e-02
2.579748069812120084e-02
2.580245193005739970e-02
2.580383307751549921e-02
2.581450781230880051e-02
2.582007272144120139e-02
2.582740190174419997e-02
2.583350497288959893e-02
2.583506457025079930e-02
2.584213761268280146e-02
2.584559563909540059e-02
2.585144240414629854e-02
2.585268879874169992e-02
2.585890233421339959e-02
2.586474117501399994e-02
2.586812421263070053e-02
2.587030651387859856e-02
2.587653003330259854e-02
2.587433806785829904e-02
2.587732888748010135e-02
2.587837882181619892e-02
2.588225755423800151e-02
2.588506827500940133e-02
2.588014985505340121e-02
2.588066789150359967e-02
2.588006635380740023e-02
2.588198114501299996e-02
2.588057803307569973e-02
2.587953647521960138e-02
2.587983312096209937e-02
2.587281711767909845e-02
2.586977268270820168e-02
2.586466246914400149e-02
2.585941568951600003e-02
2.585693792792709972e-02
2.585042761243790121e-02
2.584242577092879870e-02
2.583209569931720073e-02
2.582581269332459920e-02
2.581699726243729884e-02
2.580739157415659971e-02
2.579894401915519900e-02
2.578928680881899943e-02
2.577912453133009846e-02
2.576552161712649877e-02
2.575797068907740087e-02
2.574414332426570168e-02
2.573397437272209945e-02
2.572376147588549891e-02
2.571186194374610115e-02
2.570284928107000044e-02
2.568956049324189889e-02
2.567986123717050026e-02
2.566515842287350052e-02
2.565280224496430117e-02
2.564985159974739887e-02
2.564381553147769902e-02
2.563181375107149995e-02
2.562186907445389988e-02
2.561246208548300166e-02
2.560405552937480150e-02
2.559234214831659915e-02
2.558988738703309868e-02
2.558079430235039864e-02
2.557569085904379952e-02
2.557133768308830074e-02
2.556172434982170033e-02
2.555814017225600115e-02
2.555599814153930102e-02
2.555449556632349850e-02
2.555229936064979876e-02
2.554857684142549865e-02
2.554946087367980165e-02
2.554856968033630132e-02
2.555000070331970088e-02
2.555369349945500052e-02
2.555773748822599833e-02
2.556150612040219983e-02
2.556719595494690023e-02
2.557129203397789929e-02
2.557703699264760044e-02
2.558556791861670010e-02
2.559387455450740090e-02
2.560276830614420171e-02
2.561690111375029832e-02
2.562403992411390122e-02
2.564017843069290106e-02
2.565042474929229988e-02
2.566679304563750097e-02
2.568248925014959827e-02
2.569644552824990047e-02
2.571428590719719923e-02
2.573197480499849962e-02
2.575497330852419969e-02
2.577380029598369884e-02
2.579300681942659976e-02
2.581573987683500118e-02
2.584028915830359832e-02
2.586519939436570173e-02
2.589167611364150134e-02
2.591626078700760144e-02
2.593652415446009996e-02
2.596866077264660053e-02
2.599427302614809934e-02
2.602176440474040023e-02
2.605463286693369962e-02
2.608353927514290085e-02
2.611230308573810055e-02
2.614288888498220165e-02
2.617310860919460150e-02
2.620119168525960121e-02
2.623379927210829979e-02
2.626616101872280076e-02
2.630081252502180014e-02
2.633605230652069987e-02
2.636402142972740087e-02
2.639558295987669972e-02
2.642638886901929954e-02
2.646430344029429907e-02
2.649091132716569971e-02
2.652120837861909886e-02
2.654860014460960066e-02
2.657938965783280053e-02
2.661217104540760173e-02
2.663978388767070105e-02
2.667158551736559940e-02
2.669936288809859892e-02
2.673308484082539960e-02
2.676544218179609941e-02
2.680164536732130079e-02
2.683758750702059867e-02
2.687657206143139951e-02
2.691277003431550088e-02
2.694977922933679965e-02
2.698657132279110027e-02
2.702039304925750104e-02
2.705743870631590123e-02
2.709084343911909859e-02
2.712214023686509989e-02
2.715041877150050145e-02
2.718095783180470015e-02
2.720792382422530103e-02
2.722846313123520115e-02
2.724739267635629958e-02
2.727085497752439885e-02
2.728978059926950167e-02
2.731199707290049919e-02
2.732841910478230052e-02
2.735048983365770056e-02
2.736054735551449874e-02
2.738689075713689886e-02
2.740280341274289877e-02
2.742346075731959959e-02
2.743661112094319954e-02
2.744434036665240051e-02
2.745518822101230064e-02
2.746293067682909969e-02
2.747018989261179947e-02
2.746784563760689898e-02
2.746423830217190054e-02
2.746641037543740005e-02
2.746473991000570117e-02
2.745800463866620092e-02
2.745947235853399976e-02
2.745562918577710079e-02
2.744787144457620093e-02
2.744504167159890137e-02
2.744275898300840150e-02
2.743801015866410148e-02
2.743076557216719835e-02
2.742150673349700099e-02
2.741860743424739955e-02
2.740961107579020090e-02
2.740048781853610116e-02
2.739379532097540107e-02
2.738338791271219957e-02
2.737578182556699852e-02
2.736874897084139863e-02
2.735891904714710110e-02
2.734856074194329939e-02
2.734633320241760049e-02
2.734132717177020083e-02
2.733158232189639852e-02
2.732549994442630067e-02
2.731787547377939954e-02
2.730731922828339917e-02
2.729994976142580132e-02
2.729384098892960117e-02
2.728399082081740118e-02
2.727549296884140134e-02
2.726728154309549998e-02
2.725691254203550101e-02
2.724233115179720138e-02
2.722984028626369846e-02
2.722091137897849830e-02
2.720776303755129827e-02
2.719385419939129855e-02
2.718013829850909890e-02
2.716701837853989845e-02
2.715136028323409875e-02
2.712881817611489943e-02
2.711555164373199989e-02
2.709492634018220020e-02
2.707791343467429862e-02
2.705721630831689831e-02
2.704337022229090157e-02
2.702234402555650158e-02
2.700222925905609861e-02
2.698208381837690142e-02
2.696606237604860096e-02
2.694439295242670104e-02
2.692308544685089941e-02
2.690267600356499936e-02
2.688091284160749883e-02
2.686302318072660011e-02
2.684145202042359860e-02
2.682203385871239840e-02
2.680238186374959974e-02
2.677854389024940038e-02
2.675905496900899891e-02
2.673295594854240009e-02
2.671018764625689851e-02
2.668639305177099991e-02
2.666811132460759903e-02
2.664490045108519958e-02
2.661928385335839836e-02
2.659310779631100102e-02
2.656513172104400106e-02
2.654103580667410006e-02
2.651908066056080093e-02
2.649028667006119928e-02
2.646495992861939983e-02
2.643378999947080046e-02
2.640708350859189910e-02
2.637759035938690155e-02
2.635000753270800092e-02
2.632029234265750167e-02
2.629482355538050042e-02
2.626621111330279881e-02
2.623790458144829862e-02
2.621002268418470144e-02
2.617907951688600021e-02
2.615086823460599855e-02
2.612732884987190030e-02
2.609369551067980061e-02
2.606469294683810140e-02
2.603894067708949905e-02
2.600873256562079988e-02
2.598130255709130143e-02
2.595525430113650167e-02
2.592608648968069973e-02
2.590275830054029893e-02
2.587349464229899906e-02
2.584972773530829979e-02
2.582237919213190014e-02
2.579776272198359977e-02
2.577052827086490083e-02
2.575080784765930095e-02
2.572705749236400136e-02
2.570931943961289948e-02
2.568376027053699898e-02
2.566430660457839907e-02
2.564149999956069972e-02
2.562461548747739862e-02
2.560500766781979853e-02
2.558871784808720157e-02
2.556662248796590098e-02
2.555376477711330044e-02
2.553921337910580042e-02
2.552846501269930013e-02
2.551450977112799945e-02
2.550190284607009930e-02
2.548759876438680058e-02
2.547368237024949869e-02
2.546427401932919998e-02
2.545422471274369838e-02
2.544653525143199951e-02
2.544304169555669862e-02
2.543096570439089960e-02
2.542632471240099945e-02
2.542326627973250097e-02
2.541607584663449840e-02
2.541267052476239852e-02
2.540828291327150087e-02
2.540065881633200157e-02
2.540103639996780030e-02
2.540231456795890089e-02
2.539952956508790063e-02
2.539962068292959951e-02
2.540174762587680060e-02
2.539670151571360099e-02
2.539633943996669890e-02
2.540004475308799831e-02
2.540271702921469837e-02
2.540676622145699934e-02
2.541004665869340054e-02
2.541703663232260102e-02
2.542207033600130117e-02
2.542508822544809963e-02
2.542930032595019929e-02
2.543112303689919890e-02
2.543671137529249920e-02
2.544485891312630102e-02
2.545073907414250117e-02
2.545859039050269931e-02
2.546371487774970119e-02
2.547030476394750165e-02
2.547946201703280011e-02
2.549099098066949856e-02
2.549716443056520079e-02
2.550591446493830072e-02
2.551202576565490127e-02
2.552693995538549837e-02
2.553282312852760139e-02
2.554498662713219903e-02
2.555260841233050056e-02
2.556587934618369945e-02
2.557587182910159990e-02
2.558668824256039864e-02
2.559602110651320109e-02
2.560708399187310025e-02
2.561456181076169833e-02
2.562815555103859985e-02
2.563566715999799836e-02
2.564919694114529969e-02
2.566212455809289972e-02
2.567022579481089903e-02
2.567806334175070163e-02
2.568979842879460032e-02
2.570028563260369839e-02
2.571012035968599924e-02
2.572225277861790033e-02
2.572815221341749961e-02
2.573696193749649974e-02
2.574541893357540009e-02
2.575201061792840168e-02
2.576143105846979975e-02
2.576788175397039943e-02
2.577740475824610161e-02
2.578297885437910025e-02
2.579083300104290100e-02
2.579757750089809940e-02
2.580534446639489929e-02
2.581092568151700101e-02
2.581698555398440065e-02
2.581586239906339883e-02
2.582163348040639878e-02
2.582859349171389915e-02
2.583242186338659957e-02
2.583677512358140138e-02
2.584127819284820146e-02
2.584699259228299961e-02
2.584794545754260167e-02
2.585216792028649860e-02
2.585495406432439941e-02
2.585323451750450030e-02
2.585981261986350019e-02
2.585813548948799959e-02
2.586449585781740168e-02
2.586404969680319854e-02
2.586793612111890073e-02
2.586828515055989916e-02
2.586982269868580084e-02
2.587108182088290048e-02
2.587452510006659975e-02
2.587734877508270082e-02
2.587458129897330164e-02
2.587573747928599913e-02
2.587746230696619937e-02
2.587762007727199831e-02
2.588247594070420057e-02
2.588127307843210087e-02
2.588301093592049879e-02
2.588633245058349908e-02
2.588696330327090039e-02
2.588812286251230069e-02
2.589066066235259922e-02
2.589569883592519883e-02
2.589691261329999869e-02
2.590219270669470025e-02
2.590113682809699891e-02
2.590596192994399846e-02
2.590692701634320083e-02
2.591012671921760074e-02
2.591105409469699958e-02
2.591528978762540000e-02
2.591693239555689990e-02
2.591970171465480047e-02
2.592931862912020019e-02
2.592987378406060028e-02
2.593211146727089980e-02
2.593769683310140003e-02
2.593981435697439997e-02
2.594404111875900018e-02
2.594659985798649857e-02
2.594572381764259986e-02
2.594753014825880097e-02
2.594963662265519985e-02
2.595637847340040091e-02
2.595990591143600146e-02
2.596034055915339908e-02
2.596144177293279939e-02
2.596112656463649832e-02
2.596276556886849968e-02
2.595842919748990105e-02
2.596034055915339908e-02
2.595913492100309847e-02
2.595987673592069916e-02
2.595830900449740131e-02
2.595746444994249946e-02
2.595151479806900169e-02
2.594813178287479899e-02
2.594479809540200035e-02
2.594227951591560055e-02
2.593659255492620011e-02
2.592951377108650146e-02
2.592200652888679985e-02
2.591693605037160078e-02
2.590867245128159954e-02
2.590299160608370080e-02
2.589476409622629843e-02
2.588302175463939869e-02
2.587758975211550128e-02
2.586562236436380086e-02
2.585647896438639931e-02
2.584614971017459850e-02
2.583414407986860117e-02
2.582309270016869968e-02
2.581446353810660024e-02
2.580616515579440065e-02
2.579579676734049948e-02
2.578556446440749897e-02
2.577372018217000127e-02
2.576195544949599903e-02
2.575151533880440033e-02
2.574827452814480028e-02
2.573371705474769913e-02
2.572298492475010023e-02
2.571374407788850139e-02
2.570649674692599904e-02
2.569707408234740004e-02
2.568612602142079926e-02
2.567847605622580048e-02
2.566989724447860111e-02
2.566407496403759828e-02
2.565639714423139858e-02
2.564714271419269928e-02
2.563754665095860016e-02
2.562859039661960145e-02
2.562534796170249859e-02
2.562084910903050100e-02
2.561461832673619932e-02
2.561021873933479881e-02
2.560159311689039902e-02
2.559864546111130165e-02
2.559304244817979870e-02
2.558667868173630094e-02
2.558461702981670166e-02
2.557935958214109864e-02
2.557482547253290064e-02
2.557181677315650131e-02
2.556641553705340034e-02
2.556453239314319947e-02
2.556354911695200155e-02
2.556181742259270098e-02
2.555787245469520047e-02
2.555996004457649837e-02
2.555996004457649837e-02
2.555739313195659959e-02
2.555208905476590020e-02
2.555235102095909996e-02
2.555625604369150122e-02
2.555531647067550011e-02
2.555278388564749883e-02
2.555436241940519868e-02
2.555260217048229907e-02
2.555384364998590160e-02
2.555555528834140000e-02
2.555713334899289979e-02
2.555539351956380087e-02
2.555925352697140107e-02
2.556184409928560081e-02
2.556148250941769895e-02
2.556431442517129865e-02
2.556902613273809993e-02
2.556929199115460030e-02
2.557350752089800061e-02
2.557531760251280026e-02
2.557781724502049964e-02
2.558297636399969877e-02
2.558628597782749980e-02
2.558359418246120009e-02
2.559497025868700051e-02
2.559651956653409902e-02
2.560340551368750148e-02
2.560509774548189871e-02
2.561105452545740097e-02
2.561497361889060118e-02
2.561986083483260013e-02
2.562503632620770008e-02
2.563140822983999909e-02
2.563921194005260029e-02
2.564503908551319863e-02
2.564901370769459912e-02
2.565715445763100053e-02
2.566139964906550067e-02
2.567032912477239942e-02
2.567473423676780095e-02
2.567853096471699875e-02
2.569179713159399844e-02
2.569835118034040009e-02
2.570365693693599934e-02
2.571623613033080166e-02
2.572078377582739939e-02
2.573032740178849906e-02
2.573763643416989919e-02
2.574893925811719969e-02
2.575705785097569950e-02
2.576490977833180082e-02
2.577217730057360101e-02
2.578521777870099868e-02
2.579446243741850137e-02
2.580572267668760147e-02
2.581692610536640009e-02
2.582978807082390166e-02
2.583820059443680053e-02
2.585261674700679857e-02
2.586571599841620134e-02
2.587628779373750063e-02
2.588891921368120103e-02
2.590445794895450057e-02
2.592160075876660114e-02
2.593523476777820011e-02
2.594691376786899956e-02
2.596437335445679964e-02
2.597643463856449952e-02
2.599635167265300015e-02
2.601125371422500013e-02
2.602893885253820122e-02
2.604336758081689934e-02
2.606372338582649967e-02
2.608029933550589860e-02
2.609505007776960137e-02
2.611752858963200044e-02
2.613598275818959996e-02
2.615535781924669886e-02
2.617268365600269875e-02
2.619103150360349921e-02
2.621130193284600118e-02
2.622962462887809890e-02
2.625135630865649966e-02
2.627121432207609950e-02
2.629531792740289961e-02
2.631321061720269874e-02
2.633674322368180151e-02
2.635583106419910060e-02
2.637281262062930037e-02
2.639673692305059827e-02
2.641666831676350163e-02
2.643312830866070134e-02
2.645309072830950153e-02
2.647230595800300137e-02
2.649159765261319827e-02
2.650754883383839994e-02
2.652696074923920067e-02
2.654649969617009844e-02
2.656004502191909936e-02
2.657535209858160122e-02
2.659337846114210105e-02
2.661115686130709895e-02
2.662997544292889859e-02
2.664540527872610171e-02
2.666203371986350032e-02
2.667686080273549976e-02
2.668885302611890067e-02
2.670760286004009859e-02
2.672326088448519904e-02
2.674106004199499828e-02
2.675750402792740137e-02
2.677328636711200083e-02
2.678937352200300159e-02
2.680662533364320047e-02
2.682435109593939854e-02
2.683879773843710070e-02
2.685538270854270076e-02
2.686890517755840049e-02
2.688155052282750063e-02
2.690319646123269862e-02
2.691663214806019888e-02
2.693346979196720170e-02
2.694551102943079993e-02
2.696033710638829836e-02
2.697968301649660006e-02
2.699383457594270105e-02
2.700445728149570082e-02
2.701893332010249851e-02
2.702670311624470051e-02
2.704148383051949850e-02
2.705483249362269915e-02
2.706452245033789950e-02
2.707527854853630095e-02
2.708689246970389861e-02
2.709680844776320152e-02
2.710348658082590081e-02
2.710986201770820142e-02
2.711454168950819948e-02
2.711817069098070021e-02
2.712226505288830095e-02
2.712612916634059984e-02
2.713233724051340029e-02
2.712948427624009909e-02
2.713249545476539848e-02
2.712999775669990010e-02
2.712770778248299944e-02
2.712830410364540021e-02
2.712271572234990075e-02
2.712174360879409871e-02
2.711572311551870007e-02
2.711489373773860040e-02
2.710792369083240075e-02
2.710606426021079998e-02
2.710144745977070141e-02
2.709379023684250001e-02
2.708926824965119870e-02
2.708505775637249854e-02
2.707628821728190124e-02
2.707023779337140029e-02
2.706348910800639856e-02
2.705203197206619906e-02
2.704943460091329896e-02
2.703801710232649896e-02
2.702843805031550015e-02
2.702123108826439898e-02
2.701309855673969876e-02
2.700230620879439866e-02
2.699160522017440139e-02
2.698138793023379875e-02
2.697019906088289967e-02
2.695937348412320161e-02
2.694990706391769963e-02
2.693887199229290028e-02
2.693008411841489938e-02
2.691521532805149844e-02
2.690494430198740045e-02
2.689159450131309997e-02
2.688118789781560047e-02
2.686608398533790049e-02
2.685210337913029877e-02
2.683544957631879904e-02
2.682500391983450028e-02
2.680943679186980136e-02
2.679571183103239898e-02
2.678125111910549874e-02
2.676324195838199888e-02
2.674811811232699968e-02
2.673128932610640066e-02
2.671621771493699893e-02
2.669916517383969998e-02
2.667953740187579970e-02
2.666188357601709941e-02
2.664101657404820134e-02
2.662326474599329904e-02
2.660268803557110096e-02
2.658057407271900013e-02
2.656256116674950152e-02
2.654325678771279895e-02
2.652309043135310171e-02
2.649946354719729877e-02
2.647881673961120091e-02
2.645573948440239909e-02
2.643155941479929938e-02
2.640666187714110075e-02
2.638265806195010110e-02
2.636210306393040048e-02
2.633396404244369923e-02
2.631108638972099942e-02
2.628558100880680135e-02
2.626323373004330053e-02
2.624202176898449840e-02
2.621060880231959947e-02
2.618643821628060045e-02
2.616262455492809891e-02
2.613386741394390159e-02
2.610960456874939981e-02
2.608302747368300076e-02
2.605565393407650171e-02
2.602673403461270088e-02
2.600405617694109828e-02
2.598193594379430080e-02
2.595558991085730044e-02
2.592626693946399954e-02
2.590255478887749929e-02
2.587935060115970076e-02
2.585263306698469890e-02
2.582689213075780102e-02
2.580581905679130150e-02
2.578118538956190170e-02
2.575821135441000095e-02
2.573664572154870170e-02
2.571645180417109905e-02
2.569227287090300113e-02
2.567649855296290015e-02
2.565416227875989830e-02
2.563591460218870091e-02
2.561957436749190062e-02
2.560359555756940020e-02
2.558587717632800074e-02
2.556818728054750106e-02
2.555508079541069996e-02
2.553681411320729913e-02
2.552720510631389939e-02
2.551303043851490052e-02
2.550092740072179912e-02
2.548821708620689977e-02
2.547921203912860075e-02
2.546834360747990064e-02
2.546113312028909850e-02
2.545231506414270123e-02
2.544710723079840128e-02
2.544240978354219904e-02
2.543474709386280008e-02
2.542748137929920146e-02
2.542393574726040106e-02
2.542188288614349867e-02
2.541923942627790159e-02
2.541503932423070169e-02
2.541428142237020169e-02
2.540992838599370057e-02
2.541351832321539841e-02
2.540656682215229958e-02
2.541218973196859854e-02
2.541557512588889928e-02
nan
