1.206647030215466931e-01
1.048994895677518024e-01
6.691986592260409927e-02
8.713798587423450537e-02
1.105403913048183945e-01
7.442948093403810306e-02
8.642968420930639828e-02
6.508124893531619382e-02
6.919101488663299826e-02
9.022412714102100162e-02
1.028783417371777059e-01
8.028976352867910060e-02
6.503185739559240452e-02
7.717306036478850662e-02
7.754227784037180660e-02
6.556819137134570208e-02
3.647467447094650261e-02
9.178243385616599581e-02
5.791747785042099944e-02
4.313786376432560132e-02
4.913589428189830272e-02
3.798525067318909987e-02
5.344501668917350096e-02
5.637064506553950138e-02
3.681782544148570063e-02
3.205809078563399972e-02
3.335709739553720243e-02
5.025156037579359830e-02
2.750104700382869846e-02
4.019570044792669661e-02
2.606791238825130128e-02
2.617576603719740103e-02
3.334649757467669784e-02
3.298479277153069933e-02
3.474776889346670172e-02
3.134339975039499709e-02
2.912462736799279958e-02
3.422904376536820004e-02
3.051259315847100126e-02
2.657394564481579957e-02
2.743779117924819919e-02
2.549486888376860036e-02
3.187137408695230045e-02
2.182149272981730170e-02
2.937000098214569838e-02
2.557519378743470032e-02
3.271050060702149903e-02
2.567525064792640019e-02
2.147198593189440091e-02
2.203106690695590120e-02
2.244994937537240012e-02
2.310351294103659900e-02
2.098091894733400062e-02
2.588305101869749908e-02
2.064082807945830100e-02
2.029409648875609914e-02
2.447845077073269870e-02
2.334952139338599894e-02
2.607253015162299889e-02
2.059235511409570132e-02
1.959709669431420123e-02
2.509344608090730011e-02
2.112047379724690116e-02
1.861908946276799939e-02
2.226728503249670102e-02
2.306810050603850040e-02
2.273145078300760000e-02
2.237941269084610038e-02
2.154474852086520065e-02
2.016667327993090092e-02
2.195866871600870088e-02
3.562960073287489704e-02
1.775228577922230086e-02
2.469463796952950027e-02
2.148967452334499956e-02
2.366715552204280010e-02
1.854573450450370045e-02
1.702042048026769852e-02
2.005766355640049847e-02
2.156727845803469920e-02
2.114821927484240166e-02
2.022171885645029921e-02
2.142884778164379916e-02
1.955043523045489964e-02
1.761066961203509862e-02
1.821469828642740055e-02
2.001504152833809974e-02
1.896246416681689889e-02
1.993566880269479966e-02
4.522320014170590208e-02
1.837503478904320073e-02
2.578718045190120031e-02
1.575285386058779963e-02
2.122406336550429831e-02
1.999930400484720150e-02
1.792609177264540068e-02
1.959767250391379959e-02
2.094593747480689994e-02
1.777795099132210149e-02
1.725358954212249940e-02
1.900821674471439918e-02
2.030888975592319914e-02
1.639610941592200069e-02
1.734069338060870158e-02
1.876733254803680112e-02
1.558373685181109990e-02
1.730022248863160098e-02
1.910473226502200014e-02
1.821477028120210145e-02
1.862614605472650078e-02
2.494118489240770148e-02
1.635985414127569954e-02
1.894946250573810095e-02
1.628294745958620143e-02
1.774401642331690024e-02
1.817312150717800140e-02
2.466413500377809959e-02
2.200947990210089938e-02
1.797795714174690168e-02
1.935100465158760136e-02
1.647918764109470094e-02
2.126217141117120110e-02
1.902693726346040004e-02
2.318394350620599925e-02
1.904445720638099984e-02
1.712650761494780016e-02
1.826713703197619873e-02
1.974567488461939982e-02
1.892223037216629947e-02
1.934960768219750119e-02
1.790425490203469833e-02
1.831472888488589953e-02
2.046768024960310059e-02
2.004291683031650048e-02
1.942345637132979891e-02
1.935086191187180074e-02
1.941012203449980073e-02
1.829432832840280007e-02
1.901434517500770124e-02
1.810242634643330004e-02
2.095975919580099836e-02
1.896591719679020099e-02
1.915091762589920046e-02
1.867963603834060099e-02
1.911553751817720095e-02
1.725978548224249912e-02
1.647007234008100035e-02
2.172869661124090038e-02
2.090641809613600147e-02
1.804869227929289943e-02
2.044251500203700042e-02
3.229562058771209831e-02
2.343761223063239862e-02
2.454775690787019959e-02
2.129483753241119895e-02
2.701040160675060101e-02
1.924025360557870060e-02
1.948625622171100066e-02
1.968013387850189866e-02
1.824661778019650085e-02
2.152898359706839973e-02
1.931632467485469920e-02
2.392667320800600031e-02
2.147877392252280082e-02
2.096444168441000122e-02
2.058145765885559947e-02
2.056982097765809939e-02
1.947620489074530087e-02
3.026561000383010125e-02
2.017837945581740094e-02
2.553414609354880127e-02
2.031058702517480122e-02
2.078725473457740044e-02
1.917463529025959998e-02
2.159662995537249899e-02
1.932606597772789855e-02
2.805586117381729874e-02
1.904876751369699930e-02
2.401344931134699948e-02
2.136202450090289931e-02
2.010824175180810081e-02
2.341029950749690114e-02
2.259225404563200076e-02
2.499577332435269986e-02
2.038870253763780047e-02
2.045044836888339906e-02
2.070995888203239904e-02
3.077482531353600143e-02
2.345650126917080136e-02
2.831494451514629876e-02
2.035233184811949952e-02
2.266291161250099870e-02
2.333607204574270066e-02
2.243270589979920113e-02
2.187296218291100158e-02
2.419466714169169960e-02
2.243744946100709875e-02
2.801911037607919888e-02
2.056079649001599924e-02
2.245982313934409905e-02
2.391080397630869839e-02
2.169053543915069882e-02
2.953526138529670095e-02
1.969064276691979976e-02
2.818765175860319869e-02
2.351452048345600149e-02
2.283409129462949869e-02
2.297026788382459939e-02
1.950835583048160168e-02
2.112736432742930159e-02
2.097507658551120077e-02
2.406896079726830034e-02
2.346742425197570134e-02
2.638336027599360104e-02
2.970669533638930007e-02
2.599090614703220004e-02
2.641278043534920142e-02
3.146819096022940299e-02
2.344148965818130051e-02
2.123711080224669964e-02
2.473504453862499994e-02
2.187248611064039963e-02
2.442759525982380123e-02
2.012422671832609852e-02
2.662192847766249940e-02
2.210064072753569961e-02
2.680270495230920036e-02
2.373766962661520014e-02
2.202455383454320070e-02
2.569890136775280012e-02
2.309590936358479896e-02
2.100024871295769896e-02
2.065895601111890009e-02
2.269516778236469953e-02
2.266552454511819997e-02
3.420840774717630317e-02
2.533597655789589925e-02
2.085444317838710052e-02
3.961940993207239969e-02
2.609127890412729980e-02
1.931648504765389948e-02
2.582042245618920012e-02
2.377878296504280092e-02
2.075651103024439906e-02
2.415530105808619959e-02
2.099472895977709877e-02
2.227662963023810047e-02
2.138950679803569913e-02
2.207605251398240057e-02
2.123544995685019976e-02
1.965475081333389884e-02
2.688032050611199875e-02
2.158063992453319868e-02
2.823683394586460130e-02
2.194827120155479899e-02
2.060255971108789982e-02
2.227317473424349908e-02
1.949048467628630016e-02
1.943150358428919963e-02
2.400441692233630173e-02
2.321732501603170074e-02
1.855458104343650147e-02
2.306628170717709911e-02
1.926845704016839911e-02
2.345068393346369864e-02
2.296786280114029855e-02
2.246048693380070169e-02
2.095098943999579993e-02
2.156859347379270000e-02
2.143690988551150145e-02
1.942203798237089954e-02
2.025639688487010023e-02
2.080540839310989973e-02
2.491009572855349893e-02
2.244802416901790082e-02
2.185854681901720081e-02
2.356786886934019928e-02
2.250544408809930161e-02
1.966182788223989897e-02
2.466532538221390125e-02
2.784966179200490041e-02
2.298417363930229870e-02
2.061786381855799932e-02
2.460667825760439950e-02
2.556291054220139955e-02
2.349215723092840102e-02
2.423638507285899926e-02
2.845980893704919829e-02
1.957756036277399914e-02
2.238263616006460135e-02
2.234290861042220050e-02
2.320638301343750168e-02
2.266866353613170015e-02
2.207881192320920033e-02
2.769081316035820056e-02
2.218704003733600050e-02
2.527167515796559932e-02
2.516505918250579871e-02
2.532238198165679896e-02
2.637472523912020098e-02
4.141200962788949697e-02
2.401928527623799908e-02
4.446363011530399950e-02
3.177445623166329919e-02
3.130704042147840205e-02
2.727354388843300156e-02
1.338094103103669961e-02
1.768305605884177012e-01
1.761027092508503922e-01
2.890027839029360099e-02
3.132011977220879734e-02
1.767052287719534931e-01
1.769169534159067136e-01
1.062153852411099920e-02
1.765348707174846099e-01
1.525944812463513045e-01
1.770199050498978133e-01
2.975312512944210119e-02
2.422600356440990019e-02
1.248733025427459925e-02
2.481567705163269938e-02
2.847452001978180089e-02
1.763105200977317932e-01
2.993492582571709998e-02
3.306166384704579964e-02
1.732236515140780919e-01
2.648401813416719972e-02
1.709411355643873920e-01
2.594191519919129829e-02
2.691617465663610070e-02
2.895962291932420093e-02
3.055285270165549946e-02
2.159440017194290060e-02
2.320769538178850053e-02
2.535906924438000032e-02
2.534879877347359992e-02
2.633785731729109889e-02
2.089292862925790084e-02
2.506780357853709978e-02
2.312750327799010033e-02
2.333106241133429959e-02
2.381627275156869908e-02
2.378517545345430056e-02
2.195194449567430123e-02
2.051061568787700129e-02
1.958184814982449895e-02
2.973704617408449991e-02
1.923004370190320098e-02
2.084054453252770153e-02
1.867495814444120050e-02
2.208730009642519837e-02
2.245870724254509995e-02
2.157513884440890109e-02
2.224499542056800061e-02
2.116250582935879851e-02
1.860317239357460115e-02
2.040487813025939831e-02
2.066068729173040075e-02
2.062166431431789945e-02
2.002797010725130070e-02
2.013169456153359946e-02
2.099549085388209904e-02
2.184996441523490152e-02
1.979947279585710096e-02
2.381727185636249924e-02
1.788653277981090001e-02
1.971859027700960040e-02
2.222237120067760072e-02
1.700977601530100081e-02
1.779694655708720027e-02
1.931118320036050162e-02
1.997249009999430003e-02
2.007005751707130123e-02
2.924622552772159975e-02
1.979776840884170039e-02
2.321697063396760061e-02
1.878394763397230049e-02
2.331984927072930022e-02
1.930266689403880090e-02
1.857324889572310039e-02
2.078845994142080114e-02
1.878242645133399932e-02
1.866963841058420087e-02
1.797109462259740068e-02
1.774704627749930028e-02
1.892844618501160134e-02
2.079193934453790055e-02
1.982448145931699907e-02
1.908931117593599958e-02
1.901635143295990135e-02
1.890796717448680123e-02
2.467556434248619965e-02
1.906568676176759874e-02
2.038685054469770164e-02
1.982287671876459961e-02
1.882781083889200138e-02
1.989534907400340030e-02
1.809427383286450058e-02
2.040051676729310107e-02
2.098458241971469865e-02
1.849490353284320016e-02
1.952093929770869901e-02
1.802058974778380021e-02
1.857856535991360067e-02
2.826994129440330017e-02
1.747665453964249854e-02
1.933644925664149833e-02
1.808171166917809866e-02
1.860924532743099893e-02
1.855557284733690138e-02
2.046309228941639927e-02
1.830821413276280049e-02
1.940351667426730084e-02
2.986773116328409958e-02
1.835490246111039919e-02
1.923354664159719965e-02
2.157748565622749984e-02
2.162265628227930114e-02
1.822711699726679846e-02
2.102265804310810005e-02
1.918390769443159907e-02
2.089287768838010012e-02
1.996441755685840133e-02
2.112176874536789845e-02
2.051066990303379925e-02
1.982818265110590158e-02
1.706036166814060145e-02
1.803148763614639827e-02
1.838371682934369922e-02
1.967715256237670060e-02
1.790451755821680091e-02
2.000587329491470071e-02
2.176092660895720052e-02
2.275074424031079887e-02
2.527405298079200141e-02
2.473969737357099852e-02
2.246932106674799992e-02
1.909201851211399931e-02
1.893084622201040082e-02
1.952991498681139887e-02
2.088010179408670078e-02
2.050919802714579881e-02
2.063323418561269912e-02
2.237117793603040153e-02
1.892670161085279953e-02
2.221337680126370118e-02
2.091279921418209842e-02
2.188273164346190083e-02
2.058630591513519945e-02
2.049147319667229961e-02
2.128524204882059970e-02
2.202197778067179965e-02
2.256304048291509975e-02
2.206456038424919885e-02
2.062952935696089896e-02
2.132801074852369930e-02
2.213199092584310079e-02
1.982054568839530101e-02
2.246906020071669924e-02
2.139194017178859888e-02
1.978486226924169866e-02
2.524443019391970147e-02
2.021255387992739946e-02
2.128922871135130110e-02
2.248634014350840010e-02
2.143836235101539978e-02
2.374190581460020044e-02
2.059926723287519926e-02
2.132126212204080162e-02
2.069714791973149837e-02
2.259594019779440077e-02
2.550118115062020158e-02
2.143713065508009996e-02
1.995535979015580080e-02
2.206285232400940002e-02
1.917108387261889924e-02
2.059669806270569836e-02
1.995600708230380049e-02
2.156139396184490048e-02
2.128426503060820013e-02
2.472367882019569849e-02
2.134649176645049898e-02
1.972772826338929988e-02
2.281275263404140136e-02
2.103565798874720144e-02
2.093968165570430154e-02
2.218803813313350096e-02
2.138440552226009844e-02
2.314131926275080076e-02
2.193542251135590163e-02
2.127420027562430122e-02
2.377361852447210100e-02
2.167173771614490027e-02
2.140051832083069913e-02
2.096177464863190065e-02
2.114458594821970114e-02
2.094702713174889999e-02
2.112069902009339889e-02
2.204491771970440092e-02
2.064881166846820049e-02
2.316153872163120159e-02
2.362221541640990158e-02
2.289315427947150039e-02
1.981751947870100117e-02
2.177918238759070022e-02
2.008385057606809979e-02
1.813292028225519867e-02
2.048635121781590060e-02
2.485629822833970021e-02
2.315130177320990149e-02
2.211642072305650131e-02
2.368828147635980083e-02
2.164579067484019917e-02
2.203955169928789939e-02
2.171186812355449872e-02
2.106063888087160094e-02
2.187634575935459846e-02
1.765340831398189841e-02
2.318015196470140163e-02
2.047981297912419840e-02
2.510040146866709954e-02
2.208130898421660146e-02
3.185452901684569793e-02
2.383498958424100020e-02
2.199513633076000119e-02
2.791037399536450136e-02
2.470206585117799836e-02
2.881529062556669948e-02
2.451332750739080094e-02
2.606394899683939920e-02
2.923056978178319859e-02
2.406843613981959895e-02
2.184684901998390147e-02
3.345550231220360132e-02
3.168503937653190106e-02
2.974635829283560004e-02
2.588618090023010049e-02
1.782447532567819903e-01
1.753853706802276091e-01
1.645819370258702896e-01
1.753787557807917064e-01
3.271453234684029709e-02
3.655809830188370274e-02
3.332554679535749964e-02
3.344812204426329816e-02
3.631507092995899660e-02
3.712762812127289730e-02
5.181255232558940049e-02
4.278118577225639707e-02
6.283752050993679505e-02
8.922588987021609630e-02
7.136905702604609547e-02
9.097482790027819344e-02
7.133254352288190270e-02
5.233005715264760216e-02
8.324010688643930511e-02
1.036529160836322933e-01
8.257168788349279753e-02
6.057764177487959950e-02
6.631934862046910684e-02
7.881082004166330146e-02
8.949776074856649610e-02
9.818297385476240646e-02
7.134513621160600005e-02
7.946610551518890064e-02
6.430958630294089651e-02
6.059047102198900081e-02
6.276024824161209603e-02
8.361698431676170551e-02
8.489803630296610670e-02
7.857043536453570121e-02
8.331646684671049907e-02
5.592147394386789983e-02
7.238875963687960158e-02
6.741993622996579616e-02
8.640275210034149833e-02
5.982286318051330265e-02
6.962127334624540476e-02
7.014145380352239389e-02
7.614301965117499515e-02
5.825511105114940247e-02
7.895853151251119861e-02
6.236940976006750265e-02
7.075323510437210583e-02
6.184757469400019997e-02
5.422642844026920317e-02
5.840391450411529933e-02
5.779953038268050014e-02
5.681756720117309839e-02
4.797720833639280286e-02
4.129086920051930343e-02
4.043846345723099700e-02
4.498014808201439979e-02
4.692356831959289959e-02
5.442939207455969874e-02
5.228332611157730098e-02
5.083797076903209811e-02
4.654875523662779790e-02
4.583037724317300110e-02
5.136427497150759802e-02
3.813505874444129973e-02
3.673191077050540210e-02
3.505363671636380074e-02
4.157032355907040039e-02
4.374942726483810329e-02
3.160807428648859663e-02
3.771745994849620004e-02
4.193859936199630101e-02
4.158915199506640209e-02
3.248457812783919763e-02
3.246988697066049978e-02
3.838251375379429786e-02
3.572449559228819960e-02
3.128586251150829861e-02
2.923759021716980031e-02
2.899977016468029828e-02
4.032132989387460231e-02
2.730362365717770023e-02
3.808844577551209754e-02
3.084819863134040038e-02
3.183649178247009714e-02
2.806162351643190153e-02
3.462906982930429728e-02
3.072634304829060040e-02
2.708028188757110113e-02
2.637497167498209852e-02
2.795328666181570026e-02
3.040877692216839914e-02
2.452004279120190144e-02
2.677870559659039848e-02
2.380001358973150155e-02
2.084421188252540136e-02
2.845665196962660071e-02
2.409385915320959998e-02
2.066875483821250040e-02
2.849427334587449970e-02
2.278590751088750005e-02
2.129412192817480010e-02
1.869093224253740027e-02
2.375392905089500004e-02
2.117860821517629846e-02
2.214593412814419918e-02
2.260264466679920078e-02
2.029328016794890166e-02
2.264912626351429925e-02
2.376820519743290047e-02
2.162888955760750020e-02
2.263037768569000144e-02
2.157258867039099984e-02
2.111873323923840057e-02
2.232842289261970092e-02
1.936918069502379866e-02
2.354170538865160006e-02
2.129817359446260078e-02
2.025676420977850015e-02
2.008065205936070130e-02
2.259009185388409849e-02
2.014653901417029838e-02
2.224996770138509827e-02
2.100740238935519880e-02
2.211616340389940122e-02
2.202515185083310165e-02
1.869927690038220014e-02
2.177434973838479962e-02
2.127195505259269967e-02
1.979464134232149924e-02
1.911907889040270064e-02
2.103638941664810053e-02
2.126163288260370099e-02
2.053486488141520114e-02
2.167742120156269936e-02
2.149030820908470057e-02
2.193390729359030039e-02
1.996623475529269928e-02
2.104393526658100005e-02
1.933403853528950153e-02
1.824221981961469952e-02
2.019980853646550015e-02
2.230672880351099868e-02
2.081263894527969963e-02
2.071540849890219846e-02
1.952649137859099882e-02
2.292405783881050138e-02
2.009348089665129872e-02
2.236373273595569991e-02
1.849725756554630035e-02
2.012750354179760129e-02
2.048726545074780123e-02
2.128250707216080076e-02
1.756509491229120076e-02
1.736762658411110036e-02
2.045220531462910163e-02
1.944016712752039827e-02
2.307705184954440131e-02
1.887171248007530125e-02
1.964104100623860136e-02
1.690501473288389886e-02
1.891362137327659912e-02
1.765288183121169890e-02
1.791907038532910071e-02
2.115669187264680035e-02
1.901268746680929989e-02
1.940829722759750131e-02
1.863297219765730137e-02
2.136225077656049923e-02
2.407133913383849994e-02
1.957812970560399851e-02
2.297319535481150143e-02
1.904157102642280164e-02
2.063126457533619867e-02
2.172825972624600060e-02
1.907851247915279963e-02
2.063880905649419922e-02
2.028136752378329952e-02
2.311903939851949960e-02
1.982450407039799967e-02
2.086284546205980153e-02
1.846811035827279970e-02
1.954344813300029973e-02
2.934561854661290117e-02
2.067563855962760086e-02
2.092704275798610083e-02
1.815257764160840143e-02
2.025789555150709839e-02
2.000162314298409988e-02
2.307756198096520134e-02
1.758785777412880114e-02
2.250781959127120049e-02
1.983990622967389886e-02
2.044872671097500150e-02
1.922763849683370094e-02
2.571981792897670011e-02
2.098016410730680140e-02
2.505631239619069903e-02
2.132895065973779841e-02
2.386709573490089845e-02
2.173232748079670026e-02
2.165876549662760012e-02
1.965574316871180130e-02
2.222240121238650001e-02
2.459680133526179896e-02
2.258287444267340072e-02
1.991926783758039832e-02
1.871397005207939973e-02
1.998353482322999877e-02
1.989395528758350004e-02
1.852351899255779907e-02
2.515520606074750018e-02
2.177182537913389948e-02
1.889344525219800036e-02
2.111863846640690129e-02
2.175361363936300155e-02
2.198364555085269983e-02
2.149810640307520115e-02
2.438678884089470061e-02
2.056292861934330002e-02
1.951756404496940087e-02
2.366080175803660091e-02
2.070269598824240123e-02
2.126793937262620032e-02
1.937064901462400013e-02
2.169904997772589827e-02
2.134742673914079986e-02
2.159156346290249870e-02
2.110597832989679831e-02
2.343533089181600026e-02
2.339079517554950097e-02
2.095865998181270159e-02
2.104958697410549973e-02
1.953177645212569868e-02
2.063294009057589987e-02
2.263328213482980120e-02
2.985828415755789958e-02
2.154836461131310124e-02
2.160976799425400052e-02
2.131433911208049925e-02
1.977360264335360079e-02
2.043250065983640007e-02
2.181136625943580140e-02
2.209964308756549867e-02
2.079136715213120157e-02
1.893411042835280167e-02
2.042440997924799967e-02
2.315458893062830037e-02
1.893034800689320091e-02
2.191016687932170054e-02
2.256740142147250008e-02
2.012738015640960082e-02
2.378653029695350016e-02
2.073148928978489972e-02
2.670240218776670157e-02
2.179677112063890115e-02
2.130010099813579860e-02
1.985406038702169917e-02
2.134232962236070133e-02
3.218030162324710119e-02
2.136262249164110061e-02
1.992441035952439987e-02
2.123651307746820052e-02
2.159590467391120025e-02
2.410237490162559990e-02
2.547536510503820018e-02
2.414081281077860158e-02
2.224983943151990010e-02
2.092387843465029831e-02
2.197082703243759955e-02
2.047245553854850145e-02
2.104556797176719909e-02
2.168926165686289875e-02
2.029880085113590013e-02
2.197082703243759955e-02
2.263816000417770077e-02
2.252023429833090173e-02
2.443339345987599956e-02
3.050824116224610041e-02
2.351016698170809924e-02
2.359195824985929960e-02
2.302473898231209917e-02
1.864690174481119928e-02
2.312055717555090012e-02
2.249598274032989925e-02
2.306968212364270132e-02
2.028042168089159991e-02
2.071232811806730106e-02
2.187325499299160037e-02
2.232478564790919828e-02
2.260853360984490037e-02
1.952306308071890054e-02
2.336356476771209861e-02
2.387961328001639988e-02
2.457173528328960091e-02
2.622504597543530089e-02
2.424048722265309888e-02
2.258816441351040039e-02
1.978460891613530170e-02
2.314535085269460099e-02
2.334968884032309969e-02
2.336288237776059859e-02
2.260976092128879830e-02
2.172578914635620029e-02
1.966307854205650088e-02
2.223751675736290040e-02
2.404094600105089949e-02
2.867676692674839961e-02
2.891089252205180163e-02
2.679323272587259830e-02
1.908795760469459910e-02
2.366230610458919942e-02
2.549834219585039863e-02
2.376161412427860165e-02
2.599943630927540120e-02
2.218679142837989837e-02
1.876887166195390089e-02
2.543355631607269879e-02
2.289972617165710045e-02
2.280809608528069909e-02
2.153348707386030028e-02
2.408477758332490046e-02
2.218607768831019900e-02
2.065617744473809830e-02
2.151243652413210167e-02
2.215948714604170158e-02
2.165724606288940007e-02
2.256724857174520135e-02
2.244704941599470066e-02
2.813087873337969877e-02
2.100417699646160014e-02
2.234555614860530073e-02
2.210518526469040096e-02
2.312240760725189914e-02
2.168455325702859857e-02
1.806985365367929849e-02
2.092301106772620142e-02
2.417733497720140137e-02
2.079202694641879914e-02
2.157742522672239857e-02
2.164221985364020093e-02
2.066885316001410011e-02
2.459582683946289969e-02
1.992811280008970065e-02
2.120221935227289967e-02
2.271132146629490159e-02
2.290199054550779920e-02
2.088078684381420094e-02
2.268264310581619841e-02
2.056497949487410062e-02
2.117559525277780061e-02
2.814234149881490038e-02
2.220933536942320055e-02
2.212070446081320155e-02
2.343196874599250135e-02
2.238801951208220162e-02
2.568205545108399879e-02
2.019222013799220131e-02
2.964256553816990020e-02
1.981372151873039833e-02
2.515328841813849886e-02
2.726133399342060143e-02
2.345856797098860164e-02
2.478980080466490141e-02
2.827740294236909951e-02
2.581645833673639964e-02
2.696439945691379847e-02
2.835829297701079887e-02
2.970445959314330087e-02
3.252284372616730257e-02
3.453458491909980332e-02
3.127772579410419834e-02
1.750076702347307944e-01
1.449031774299010082e-02
6.715312621105690161e-02
1.774470918527739083e-01
4.214711651754590033e-02
4.628748460652250263e-02
2.993678714849029934e-02
3.404026270663500220e-02
4.283873738000500142e-02
3.145522534406750004e-02
2.577365512525350150e-02
3.035397659693700109e-02
4.148838070076180107e-02
3.033764562255280087e-02
3.611390867022679779e-02
3.680502538514100058e-02
3.736224298491239854e-02
4.780307349901630198e-02
4.435890067844119877e-02
4.023720256595070266e-02
6.747195890713790500e-02
5.893927377289420039e-02
6.292004191965590298e-02
7.483762258003219536e-02
6.745126763180629703e-02
8.479858942238439889e-02
7.297819867899260626e-02
6.785569717858599970e-02
7.942270497388290162e-02
7.170739437510119385e-02
6.423751136226280023e-02
7.268945768712140043e-02
4.808064819123310241e-02
8.596861441471190246e-02
8.311280539262649869e-02
5.814000301657289843e-02
8.350788996258770580e-02
9.507475257747960429e-02
8.454928919995080561e-02
9.686914369978960604e-02
5.020690991355820226e-02
5.571213035754300075e-02
6.552008196346019442e-02
7.229393568707009887e-02
5.303779939120319836e-02
6.202277844443330329e-02
5.630683753652609980e-02
7.983812126490109906e-02
7.020348038482439323e-02
5.903853418896219674e-02
5.446439106388119983e-02
6.762756128743120654e-02
7.145328036530769478e-02
6.206006141684509980e-02
6.612009710249780459e-02
6.612009710249780459e-02
6.320267791554150250e-02
6.512122302373589411e-02
6.470959928564309904e-02
6.470959928564309904e-02
7.308159359536650634e-02
6.141845527558040252e-02
6.171731783917130260e-02
6.265094389451460188e-02
6.736023337169140535e-02
5.970654652840459709e-02
7.739842358745729900e-02
6.650991863721759934e-02
5.124272144327170209e-02
4.813582172012580151e-02
5.533049534110520001e-02
5.317071751426760001e-02
6.791005616199050077e-02
5.461118117213289991e-02
5.255716165208199758e-02
5.032784558207249737e-02
6.496964016903170047e-02
6.556881653684269728e-02
6.343758952528730233e-02
4.891560071911579821e-02
5.049376491385750010e-02
4.563894738797719813e-02
4.447478139519710216e-02
5.634438338034399724e-02
7.437221728338309912e-02
4.804668765951199821e-02
4.472465422309670341e-02
5.839740837083309821e-02
5.057083684495090187e-02
5.076329818903790175e-02
4.489492002263960335e-02
4.977167532944069828e-02
4.522604272517369989e-02
3.300535652959510347e-02
4.578448414602150074e-02
4.454044427199260053e-02
5.040329460071509698e-02
5.591801231612469891e-02
4.092130342828959738e-02
4.203037109173379804e-02
4.027507682297370301e-02
4.950337744806280332e-02
4.309612693172479997e-02
4.269740864239530281e-02
4.273898403365589821e-02
3.451708676351569749e-02
4.271995204757020326e-02
3.162764658874440277e-02
2.912710790415359852e-02
2.760788919676910105e-02
3.521932647688880147e-02
3.147010600287900028e-02
3.167134634199109816e-02
3.016840320620060162e-02
2.850666892006810046e-02
2.908276879084049915e-02
2.748836580925340112e-02
2.680282055488989942e-02
2.143609736507059993e-02
2.579368998945990102e-02
2.437761132020579979e-02
2.341313514371920132e-02
2.602096338570139902e-02
2.579162504067199907e-02
2.324444959194780017e-02
2.361792843653609877e-02
2.498527470856680074e-02
2.258732786890000135e-02
2.388781640151419958e-02
2.548647566085929933e-02
2.309773199567330057e-02
2.179478205565280047e-02
2.216707427674029923e-02
2.032209189368830091e-02
2.290484483288900142e-02
2.241727514620589848e-02
1.985213669808799999e-02
1.950248767268610017e-02
2.304390587458840164e-02
1.982450677643980003e-02
2.426244385108250121e-02
2.248021132727909960e-02
2.086115297497859872e-02
1.987790859223479908e-02
2.265577380814769864e-02
1.853295222919160157e-02
2.526936769117280046e-02
2.176278061779189990e-02
1.966271053931880133e-02
1.997445643386919906e-02
2.132229706759800059e-02
2.116065018857430161e-02
2.413951086492580056e-02
2.048449627399859946e-02
1.957069972751139877e-02
1.941792543215239975e-02
1.988007276483580096e-02
2.077139428949279984e-02
1.902616292093069900e-02
2.084628521871759871e-02
1.934226345729449931e-02
2.449900452899569925e-02
2.161545721976520021e-02
2.015838579041950157e-02
2.051621684013259922e-02
1.838682111295100036e-02
2.063003072281659883e-02
1.943815943031829835e-02
2.329750480966329834e-02
2.377017925071329973e-02
2.139805687549459906e-02
2.208983601863229868e-02
2.093018624386119853e-02
1.915647566652890071e-02
2.212126219366800095e-02
2.146647835880769947e-02
1.998428384442000119e-02
1.927768730952139978e-02
1.956252493440310131e-02
1.916582715114389934e-02
1.867386119121320145e-02
1.950830592584100118e-02
1.922407161612120149e-02
1.862943022928559983e-02
2.205266331692000079e-02
2.112063241462390148e-02
2.215433936122020164e-02
2.028618128862679990e-02
2.011820131108340085e-02
2.190308674225329919e-02
2.139445741191649958e-02
2.045461095099099930e-02
2.403633256858630010e-02
1.854011600630520173e-02
2.047729203674699891e-02
1.974817873284090072e-02
1.876310180390549850e-02
2.386790409401829891e-02
2.025943720045720112e-02
2.091970331272120093e-02
2.024634288446969937e-02
2.210538677040710040e-02
2.423227665332070013e-02
2.193339499621679844e-02
2.292713009531190116e-02
2.042673560843069960e-02
1.935253565544550053e-02
2.293120942340839963e-02
2.206798715990870158e-02
2.077002480744390145e-02
2.117562464713190068e-02
2.490293803943829931e-02
1.974197370794230147e-02
2.233280330683450055e-02
2.005541115740749891e-02
1.998467017197139844e-02
2.153394067047900012e-02
1.935157896497479921e-02
2.342507635915230119e-02
2.134151385479380117e-02
2.169027984807399972e-02
2.336399930774089861e-02
2.448385290345540116e-02
2.358474269883829855e-02
2.222899471852770106e-02
2.468401341123519985e-02
2.073799636652810113e-02
2.035912705058710165e-02
1.996964524718120026e-02
2.130890535440140010e-02
2.206409905054549855e-02
1.944641986438469874e-02
2.235987562843290075e-02
2.217901266313719935e-02
2.163761415625940071e-02
2.110936048938020018e-02
2.103042148038539866e-02
1.852266399710880002e-02
2.056193641516849968e-02
2.025693907114040071e-02
1.876110365453589890e-02
2.187485653162700092e-02
2.127152374169349880e-02
1.927884853350020009e-02
2.097636624071669981e-02
2.042931372433829870e-02
2.133936678303240131e-02
2.006222370204669911e-02
2.356027317196850157e-02
2.140678017562380048e-02
2.380968278850889921e-02
2.183571747949010142e-02
2.015077976824109982e-02
2.030839691878030123e-02
2.044552182438530083e-02
2.388532391522410134e-02
2.019153086328420027e-02
2.102761452451879995e-02
2.070378845879939853e-02
2.204443182046900152e-02
2.022453776848459964e-02
2.101612098432049935e-02
2.176572367010329995e-02
1.893735527396449986e-02
2.424607743228879980e-02
2.145662862908749927e-02
2.127715054071030107e-02
2.041509498674620032e-02
2.022914702109599935e-02
1.913944300989400132e-02
1.677952622129599836e-02
1.925960403212050032e-02
1.926346563081399871e-02
2.152342051233169934e-02
2.138679882730369977e-02
2.071000720280270074e-02
2.231404059545260068e-02
2.481826007647590024e-02
2.345161236549580044e-02
2.109823446675429884e-02
2.501706402305620136e-02
1.901064434843730000e-02
2.130077884709309990e-02
2.110019427520149968e-02
2.084089910274590160e-02
2.425166736968370138e-02
2.400411892833309926e-02
2.483002231999889911e-02
2.138816530102519847e-02
1.929362830236299939e-02
2.028091812316349871e-02
2.170035173383010052e-02
2.284649256558870037e-02
2.159186343499679833e-02
2.392303894212979842e-02
2.020463591488450006e-02
2.359347742871880163e-02
2.157609494051530158e-02
2.336407967480190126e-02
2.500695768224190166e-02
2.090549071635459943e-02
2.165512359826820069e-02
2.382258150513600140e-02
2.213647862839889999e-02
1.899485920269080100e-02
2.242022571253370067e-02
2.178449590169459840e-02
2.491886854197479864e-02
1.876453848557919912e-02
1.863796906470290005e-02
2.301712103365989928e-02
2.381320362492049883e-02
1.827153175137129909e-02
2.345451262132190046e-02
2.101390412476249886e-02
2.213494915101599930e-02
2.347304430799290048e-02
2.009815925440830084e-02
2.284187127688869917e-02
2.040219755246569858e-02
2.151470079340549874e-02
1.907222616207999988e-02
2.257443752685800095e-02
2.166610402097739890e-02
2.622091427368870159e-02
2.267101065110069952e-02
2.299906895992219827e-02
2.389266568051080092e-02
2.790157083799039983e-02
2.420096771025560117e-02
1.969180456421560158e-02
2.495564823087220024e-02
2.366725395442170060e-02
2.340447761688809955e-02
2.454818688643160135e-02
2.406476223416360166e-02
2.253120805814779956e-02
2.682043225968179859e-02
3.115710663179150144e-02
2.263347842638480101e-02
2.502173324559889972e-02
2.580423126831820138e-02
2.115869390955580145e-02
2.349128139020279990e-02
2.084225409267769988e-02
4.027766664830519788e-02
2.793828140137749952e-02
2.181802419287290004e-02
2.499196182665270119e-02
3.806735618938150018e-02
2.509957343181460146e-02
2.557662725814360133e-02
2.722755326356960173e-02
3.276911266207289952e-02
2.722191603028619941e-02
2.952173473756080149e-02
2.578163407162150159e-02
2.728039029385730119e-02
2.635559332050260023e-02
2.700733892065130051e-02
2.718123525605650043e-02
2.709599380970010088e-02
2.629806059833649998e-02
2.838396651279560118e-02
2.773679585684599852e-02
3.103389836559039897e-02
2.559310545527340025e-02
3.020320597361519921e-02
2.481771734173359931e-02
2.571046812123560163e-02
2.923203889686440057e-02
2.541324036984629955e-02
2.904994271707420084e-02
2.785934357491910013e-02
3.119743769708860012e-02
3.073707764473300116e-02
2.730369413437460160e-02
2.639737837451069935e-02
3.468136318289320036e-02
3.126110777695999959e-02
2.908108706449370057e-02
3.076853786976160160e-02
2.527068527463319919e-02
2.842587008774239907e-02
3.829711546465090072e-02
2.926583112862269839e-02
2.563946681248630011e-02
2.950108521157670041e-02
3.626437152554710247e-02
2.647199185573180166e-02
2.681859839955870115e-02
2.901243128959059975e-02
3.041164729244370118e-02
2.993003804212869892e-02
2.529874836815030129e-02
2.823733147143860089e-02
2.716735410621429897e-02
3.075433125893809946e-02
2.694498343794689971e-02
2.581925544076460119e-02
3.123662855050179932e-02
2.881040220597790025e-02
2.956907797380759970e-02
2.472522675421410035e-02
2.897450041581809896e-02
2.776137149473140164e-02
2.764446795545099853e-02
3.216261314206059901e-02
2.683121418530920108e-02
2.681944887218879955e-02
2.806418178751870010e-02
3.237972238498530025e-02
2.943473757559359957e-02
3.320560764107619717e-02
3.148076213833460313e-02
2.798214066580630155e-02
2.228529647058540009e-02
2.357258480487599978e-02
2.791299912497170049e-02
2.547447519067570082e-02
3.138967395769060031e-02
2.708529587468819916e-02
2.373688200666879827e-02
2.253006052641870136e-02
2.054151264436019850e-02
2.276334462100940148e-02
2.539085586385639998e-02
2.447571807731880114e-02
2.574948635346219900e-02
2.066340376745310140e-02
2.383121629396809868e-02
2.115424721968479915e-02
2.509157130730739829e-02
2.297881822460870124e-02
2.281082069405099971e-02
2.556168650820849972e-02
2.452974950586810088e-02
2.660956826959429838e-02
2.571284147847269913e-02
2.210520917500589932e-02
2.592641109984500022e-02
2.364810346783369904e-02
2.380585643288219908e-02
2.444633618834109873e-02
2.410627223631019861e-02
2.576544038849830007e-02
2.308829520280889988e-02
2.669064271491120022e-02
2.060686728308419938e-02
2.526359903474070107e-02
2.449701426515829908e-02
3.279954868280229863e-02
2.814014408642449838e-02
2.856725141689539851e-02
2.683991459705650090e-02
3.159777407182889908e-02
2.949498335328330084e-02
2.948760195694749911e-02
3.913984817399210336e-02
3.517563188097250215e-02
3.287147048443959940e-02
2.765834872958049945e-02
2.771148809231260141e-02
2.910528207641260162e-02
3.210760180465899866e-02
3.419810499269149845e-02
3.047097508435729976e-02
3.693869583099609888e-02
3.766579595543759901e-02
3.633500820737770032e-02
4.044251035614410128e-02
5.175253744287470342e-02
3.757112986703860236e-02
4.289611222092690190e-02
5.667031289609830019e-02
5.808692862004499746e-02
4.996821592178460336e-02
4.623826584367989739e-02
5.592262637521999702e-02
5.596149747230429877e-02
6.237198068228359815e-02
6.047570050286899673e-02
5.922910029313350339e-02
7.670721476059129407e-02
6.636541116794260342e-02
7.295317325733610692e-02
8.567686214968379954e-02
7.649976491658509736e-02
8.078585889351140581e-02
8.178441467202060555e-02
9.070584403595799428e-02
9.334533697931210461e-02
8.895808349636169510e-02
9.073753101034690016e-02
7.313880732194709411e-02
8.223799954516070043e-02
8.384230507624139406e-02
5.926418060084460288e-02
8.063662830571359519e-02
6.773048120616810552e-02
8.074531504459470099e-02
8.479936400301710253e-02
7.877330623521999753e-02
9.079117735328449956e-02
8.398893316713169910e-02
8.353796304299029862e-02
9.093687258752150560e-02
6.853561045614410541e-02
7.837690807489590405e-02
7.253816297561760384e-02
8.648013578354940556e-02
7.011471043829460570e-02
8.572872950084479970e-02
6.631898212932339776e-02
7.745755686787669791e-02
9.007190702773379409e-02
6.061404984381840028e-02
7.780514588246660590e-02
7.299000956569789977e-02
6.087220632973999734e-02
5.693771264358989809e-02
7.581286332691759833e-02
6.281102397747080623e-02
7.129553924414200328e-02
6.805107428826799587e-02
8.180288947347340300e-02
6.205832235160479993e-02
6.057311779009980079e-02
4.517124534906819672e-02
5.767229618565240107e-02
5.783598473558949904e-02
5.100644355520320139e-02
5.971728280538750322e-02
4.745968621874539772e-02
5.557086726960189932e-02
7.895131184208820097e-02
5.365819860747700343e-02
6.039245178334250175e-02
4.475945979418290144e-02
5.953175067784630126e-02
5.519092678436309657e-02
5.027078884678069792e-02
5.378055992835219928e-02
6.399608876186649309e-02
6.217655123388379779e-02
4.020636125089070007e-02
6.215471426146049888e-02
5.465920386574400075e-02
6.121277003547039713e-02
5.434744147952250137e-02
4.979935059952399906e-02
5.174186371940950324e-02
6.014453708000819937e-02
4.155698220504620150e-02
4.673071154794820187e-02
4.701397496751170274e-02
6.178120394367850321e-02
4.471746609905070252e-02
4.025708128897260291e-02
5.573675512155960160e-02
4.125402289885739954e-02
4.112034220343230295e-02
3.854712657575470186e-02
3.668988428627999870e-02
3.757354358647899822e-02
3.628293151347129764e-02
4.009001873015719669e-02
3.559238970103229677e-02
3.015674257742319980e-02
3.730574544698640055e-02
3.346102934758259789e-02
3.422360892636990004e-02
3.751846341617780245e-02
3.745045405837969799e-02
3.443617404797449932e-02
2.659927028687359904e-02
3.014195564328530155e-02
2.928377318442099836e-02
2.831956222371139961e-02
2.399797058415839915e-02
2.487345930423669887e-02
2.520696341321429848e-02
2.801710826199330095e-02
2.549331624748139846e-02
2.744113697864769899e-02
2.546021770550959892e-02
2.223653238749579916e-02
2.322470837290070006e-02
3.113226284734309929e-02
2.296328306364580144e-02
2.072109737190919870e-02
2.099428904696800172e-02
2.548725062054270005e-02
2.404341530234169882e-02
2.308674704107779863e-02
2.643255831074919904e-02
2.439919773051539911e-02
2.668216895207859915e-02
2.344429583481959928e-02
2.225335779245130041e-02
2.026074264812819867e-02
2.102887757490450038e-02
2.049993769226969922e-02
2.071369433771640123e-02
1.857992328688510067e-02
2.244283701013299881e-02
2.157852330310119915e-02
1.964416833253250158e-02
2.032097170525010155e-02
2.360538335853330089e-02
2.025945878800219924e-02
2.396103979264210121e-02
2.169304320059200000e-02
2.613273833252559991e-02
2.114957481826480051e-02
2.145151673194370043e-02
1.960746572245920111e-02
1.936992162447339835e-02
2.098053916266449936e-02
2.077007309781559938e-02
1.922464886450310148e-02
2.047090927313230044e-02
1.986672994408299892e-02
2.335401120250800086e-02
2.182556343154610015e-02
1.967305848397630022e-02
2.049806933393329839e-02
2.264368157840960030e-02
2.318277770700780116e-02
2.104093397614489880e-02
2.128188659216069881e-02
2.372741342335420167e-02
2.056513338246439976e-02
2.050986165004309997e-02
1.981159690753159924e-02
2.128226035737909930e-02
2.220926401753970172e-02
2.135865628564160082e-02
2.202758950411269970e-02
1.930562464538729955e-02
2.059719257589399943e-02
2.047589707608999873e-02
2.039018621299950110e-02
2.091392677098270064e-02
2.080241699488710044e-02
2.257468277840600154e-02
2.091305371927660098e-02
1.932603188044260123e-02
2.247112619201810033e-02
2.057794745998689848e-02
2.128301583875770106e-02
2.099358323339670096e-02
2.209416200618569831e-02
2.448630866628550076e-02
1.994194661819230149e-02
2.072013607001189917e-02
2.029876102916490163e-02
1.949997262821109856e-02
2.207482570130539848e-02
2.148553566216690122e-02
2.521880692718099851e-02
2.027579886415300028e-02
2.156720468398570095e-02
2.194580166016089906e-02
2.024578875510680068e-02
2.235555887045079931e-02
2.007181853237170049e-02
2.291046945571779958e-02
2.340744138614109932e-02
2.103483826437639939e-02
2.213639235800210145e-02
2.293775696939229919e-02
2.327880522094270127e-02
2.155171092283849829e-02
2.053692016696029993e-02
2.186965315569840140e-02
2.295426331400109848e-02
2.562441139488379899e-02
2.232820186676679960e-02
2.458499504176109990e-02
2.204416777479739978e-02
2.200143963389900037e-02
2.281190953435219965e-02
2.277618077080319908e-02
2.463884591487330161e-02
2.373095002325030164e-02
2.448812791940329844e-02
2.212160263528739970e-02
2.864911301383080144e-02
2.144150026960299840e-02
2.284999637301140044e-02
2.195689137658349971e-02
2.714332779334200155e-02
2.325899321050060170e-02
2.444562416245170053e-02
2.348487657521260152e-02
2.754064635952750001e-02
2.409240320115900100e-02
2.383146244949069931e-02
2.611413770889249933e-02
2.726996630178010056e-02
2.233178432774749964e-02
2.381070823146520105e-02
2.813865141680179857e-02
2.448851919518120132e-02
2.673187941942770096e-02
2.115615794821679857e-02
2.424647017338180111e-02
2.281151184789180150e-02
2.156303653361750158e-02
2.476106058584700079e-02
2.451985543683609867e-02
2.814812958032129886e-02
2.398654374787210011e-02
2.471767873819229883e-02
2.202347026133550170e-02
2.723252528070019968e-02
2.541178554813530027e-02
2.749706112894989909e-02
2.721945312991350119e-02
2.764604089825219851e-02
2.862853878032600025e-02
2.605112558865200004e-02
2.756015212392180086e-02
2.308750197814690014e-02
2.526433668256690065e-02
2.459328363265880085e-02
2.995450801760470017e-02
2.879662349233709853e-02
2.329919255380140039e-02
2.313842000438140131e-02
2.627734971403750119e-02
3.288144638014729726e-02
2.586580964542389838e-02
2.960913948659410141e-02
2.785056733279620000e-02
2.929665317183939924e-02
2.541694265624529908e-02
2.952341270636259923e-02
2.743413784694840110e-02
3.187993408742500340e-02
3.045338053057020100e-02
2.156843454482260114e-02
2.529735725170529845e-02
2.294686484923820144e-02
2.784225562986649902e-02
2.586324243701269843e-02
2.772212653989499995e-02
2.591953198436959885e-02
3.039057238703739977e-02
2.883160089154939917e-02
2.877871503836490139e-02
2.837268911255640125e-02
2.760070464382239838e-02
2.836394351582889953e-02
2.638328394789679968e-02
2.296799998116679994e-02
2.944517616578400110e-02
2.720971815789970105e-02
2.915624850814060171e-02
2.703656355388410135e-02
3.065112920527950091e-02
3.191756812323069681e-02
3.047427784019809960e-02
2.940139677942929866e-02
2.703656355388410135e-02
2.588844236059860068e-02
2.676330611568670040e-02
3.878043621790940032e-02
2.462716565121129964e-02
2.836567132330070073e-02
2.882863321838579837e-02
2.666073580030529910e-02
2.902284287669430057e-02
3.047242318313679935e-02
2.877905978011269933e-02
2.397108420024339839e-02
2.876831039207990159e-02
2.775200504307509877e-02
2.529238253570450026e-02
2.628135733251010103e-02
3.032354026283870171e-02
2.620006871069010049e-02
2.570044473608990021e-02
2.843002070761509875e-02
2.456895944774109899e-02
2.431744782662290105e-02
2.149148114776699980e-02
2.442333956890619870e-02
2.488189224868990121e-02
2.417544142065269908e-02
2.382900496973770071e-02
1.984510380143349878e-02
2.401512694931549896e-02
2.383487127117520088e-02
2.067518575263569899e-02
2.373264353944060101e-02
2.707296249116840012e-02
2.458658873160190009e-02
2.369804498371240117e-02
2.148576098843319945e-02
2.939605935445009990e-02
2.308959136320239830e-02
2.197153365315989912e-02
2.421282826608259914e-02
2.292015436863229991e-02
2.456515904980390019e-02
2.250679107207029933e-02
2.641614432155209996e-02
2.601055461448159925e-02
2.129646869553829952e-02
2.374113062764370008e-02
2.586675609392950076e-02
2.551785062008650115e-02
2.431843721817179838e-02
2.262475981667499969e-02
2.388173539289329891e-02
2.137188976800730167e-02
2.031844808034430003e-02
2.238172227095330119e-02
2.354194912567110151e-02
2.454542172060759919e-02
2.254750138627920064e-02
2.244491930823589929e-02
2.520554513563169965e-02
2.537191543559910029e-02
2.333540178900339948e-02
2.333540178900339948e-02
2.198754593709340011e-02
2.297777377552660122e-02
2.650445764690690167e-02
2.157636602492820146e-02
2.375349269601089927e-02
2.699445818233860150e-02
2.373908991078069880e-02
2.007318708882339930e-02
2.378370762920480053e-02
2.272671623945069982e-02
2.456660750004399998e-02
2.610848653051139889e-02
2.248211326227610163e-02
2.630023015636670167e-02
2.396941403940229878e-02
2.168222334335969878e-02
2.509415762359239882e-02
2.049348108787110018e-02
2.756827173746550022e-02
2.300238359877750105e-02
2.707643522821629942e-02
2.145594776740999965e-02
2.823070303666440004e-02
2.310512239983120164e-02
2.630605364322819925e-02
2.363519403545069966e-02
2.444129811415679879e-02
2.302207232695360067e-02
2.535921223360499896e-02
2.537295168435029988e-02
2.452686621096620070e-02
2.466493093714030096e-02
2.931205903150189973e-02
2.122207723425659914e-02
2.476796059145049828e-02
2.503689988759190063e-02
2.548142030605399927e-02
3.147658149874069805e-02
2.453350393717010011e-02
2.736531997982480022e-02
2.678701692534940157e-02
2.273296791186230070e-02
2.694652438151929827e-02
2.239831218324039863e-02
2.798545406775669944e-02
2.851329561864280118e-02
2.580077815863570170e-02
2.676926568725360167e-02
2.888111669385199851e-02
2.924922536921990140e-02
2.919932326018480004e-02
2.530296168240410079e-02
2.618955815949020050e-02
2.389052653646170019e-02
2.577397360017640027e-02
2.808216279080190045e-02
2.690104496653929894e-02
2.635400185115590113e-02
2.612059824225169968e-02
2.886890415331759899e-02
3.494374551289809727e-02
2.754611196168230136e-02
2.962382214362739921e-02
3.139102646268850105e-02
2.741739233609430046e-02
2.663017868148730150e-02
2.916754651398120041e-02
3.196869472404600260e-02
3.109458276901170062e-02
3.475934819709289997e-02
3.695565751779669728e-02
4.127716718485859720e-02
3.265425150182710290e-02
3.466096092872360257e-02
3.619057694027220246e-02
3.910548073240009692e-02
3.655621902227190051e-02
3.545758882346040225e-02
3.766829838272500036e-02
5.202514995202649900e-02
3.897543637919440029e-02
4.108617512557639906e-02
3.861754045583720013e-02
3.118819082529979830e-02
4.900158727917670182e-02
3.827504875483440233e-02
4.400173216555840205e-02
3.738852369304260237e-02
4.426232537928739830e-02
5.914193585572220108e-02
6.333171748052959793e-02
5.473623935689200110e-02
5.101787958057470151e-02
5.352542772749450256e-02
5.309547523829870330e-02
3.752473036780080290e-02
6.388149454134779692e-02
5.487905546663950085e-02
5.291394702453849908e-02
7.476488188663420187e-02
6.596714158930930272e-02
8.292894603884820581e-02
7.395471848587230335e-02
7.320658745572360127e-02
6.364222412079839630e-02
7.728883107865129609e-02
7.675984731059290467e-02
6.295840299448250688e-02
5.446786069476759751e-02
7.931736213170499650e-02
8.104537634343260410e-02
5.636325426859690318e-02
6.362061614885619609e-02
6.192226039756140027e-02
5.664218950642339878e-02
6.464808630573190551e-02
7.051500600382659689e-02
6.871323798850280384e-02
7.039605484501020027e-02
8.475796068565499830e-02
7.994004020870310034e-02
5.579238333278360024e-02
6.012727211125989957e-02
7.738372112169890349e-02
5.980660444406819820e-02
6.647439620044159891e-02
7.750158820563500528e-02
6.435207998382659611e-02
6.297073522750119834e-02
6.188492689056970114e-02
5.634343631323650292e-02
6.120739748559510252e-02
8.026619957859329468e-02
7.086634653831870578e-02
5.888600738144320057e-02
6.479401786655890338e-02
8.173002041714280685e-02
5.388483628930260116e-02
7.234891046542719917e-02
7.109396837940590297e-02
4.903468666315170116e-02
7.960618335635440135e-02
8.240146474083810679e-02
7.192389354025910397e-02
5.668817630008159830e-02
6.212601860185480024e-02
7.183222210096959492e-02
5.932236094574040025e-02
8.593856423221489516e-02
7.165677570836370691e-02
5.854156238221269737e-02
5.934099131496060192e-02
5.444320032078010102e-02
7.514230303934120447e-02
5.160835600970239967e-02
7.066665959979960554e-02
5.865032726184289669e-02
9.106813183719819627e-02
5.018067968646870020e-02
5.757725783254329793e-02
5.634623771054259739e-02
5.828795314789580323e-02
6.432568596567860009e-02
5.282397372179260114e-02
5.048948808651709808e-02
6.456756435563530683e-02
5.279380420652279859e-02
4.593615950110899876e-02
6.443928318914450559e-02
5.855158852619109927e-02
4.432755167911559685e-02
4.965067962864400108e-02
5.658933461239439716e-02
4.662697231859459779e-02
4.333965791936000150e-02
5.352228094673960185e-02
3.990365131627140322e-02
4.448378589916759940e-02
5.399945157724150152e-02
4.309054491217390037e-02
4.362810834611059729e-02
4.281579386612750088e-02
3.812531061143859673e-02
3.926112412952129788e-02
4.643520383230589910e-02
3.434259349620189666e-02
4.097658574320379998e-02
3.537751609800689895e-02
4.498901400922519778e-02
3.900896639092749779e-02
3.455295370881950046e-02
3.371488226371630037e-02
3.258921126698229725e-02
3.594198390251410191e-02
3.584172690894339708e-02
4.300408004067590023e-02
2.984975280889659924e-02
3.289476016104460332e-02
3.160424178068760304e-02
3.092426244297449833e-02
2.979929461030880050e-02
3.152073639901160212e-02
2.886333757912469891e-02
3.051484458057220073e-02
3.004113490511390108e-02
2.664959698923730080e-02
2.823866584789529871e-02
2.476633221445239882e-02
2.447440359547560160e-02
2.252977399635380101e-02
2.721182179380590010e-02
2.137285424059049907e-02
2.281229561529360059e-02
2.372053212325269875e-02
2.208495558243310161e-02
2.247394804372439964e-02
2.414478341240619899e-02
1.855706673431490109e-02
2.333432545824510110e-02
2.161215100735370057e-02
2.492700506290870116e-02
2.084847185632660027e-02
2.162043433848979956e-02
2.104320094256589835e-02
2.132054433160649951e-02
2.162481784782969985e-02
2.276093759078590129e-02
2.025050976161639829e-02
2.261102244492710009e-02
2.159913109989140129e-02
2.110826666484449943e-02
1.959465359540259882e-02
2.103422899152740042e-02
1.968933588990059991e-02
2.094606633137819848e-02
2.344594730598850013e-02
2.277855494137559847e-02
2.095071416881130050e-02
1.976932555807259934e-02
2.524309938449960031e-02
1.934449284732640134e-02
2.015039056893050060e-02
2.013574450543850064e-02
2.227133121789169959e-02
2.184340118420570118e-02
2.214062348661269969e-02
2.117797644262259943e-02
2.011175514584119875e-02
2.213061168127099937e-02
2.104840649161349858e-02
2.220465024280299932e-02
2.004776005057010146e-02
2.031252194589480004e-02
1.947913646507469856e-02
2.145173347893939916e-02
2.281676646935600072e-02
2.199979318110880169e-02
2.115863721264819863e-02
1.879755613691539914e-02
2.263947977590699892e-02
2.067623099256789970e-02
2.249218604362330023e-02
2.155671356031079941e-02
2.076759163050249934e-02
nan
nan
