8.683947676935610538e-02
6.598356207743390212e-02
6.612998255846390394e-02
7.684014962142940441e-02
6.045543979516600219e-02
6.323907583396930210e-02
8.526619153004770524e-02
7.900839801130460360e-02
8.164143512056899754e-02
7.468606840866649776e-02
8.165342609497640292e-02
5.117368555874880071e-02
6.517628623815620303e-02
8.754042506751620600e-02
6.887842370400749925e-02
5.755954208622950097e-02
7.104590453010289908e-02
6.431543923135020491e-02
3.554062853183379694e-02
3.679348934086879713e-02
4.589343379416129659e-02
4.118411411992459886e-02
5.873849849391039879e-02
4.803008767151800001e-02
5.681423068498169665e-02
2.496153963770950113e-02
3.484327457905640052e-02
2.945677493209980166e-02
3.275345866905689934e-02
2.218403780266819947e-02
2.319638735688139830e-02
3.250369339974479993e-02
3.551889710673070133e-02
3.535240426699479827e-02
2.862793045994389829e-02
2.579407627307439901e-02
3.272940416329390284e-02
3.103999254406340086e-02
3.118764074679039947e-02
2.582461218906740089e-02
2.398186882462879921e-02
2.560715633538439978e-02
2.083185384329369963e-02
2.301843774067389992e-02
2.394198840248370000e-02
2.304215244791099973e-02
2.262656166912789882e-02
2.488261407746460152e-02
2.311363811425630119e-02
2.917034335901049977e-02
2.153359526372959978e-02
2.416341110402769887e-02
1.973752462523810022e-02
2.632476602460189982e-02
2.684899275697990098e-02
2.268827384649929960e-02
2.085402596852770074e-02
1.817068421570389863e-02
2.232138309932999928e-02
1.902070874723740118e-02
1.671243656099059838e-02
2.486099457836329907e-02
2.257815689958990110e-02
1.987214397967640087e-02
1.890709211761830086e-02
2.120711407147339925e-02
2.192989342384769891e-02
2.134299034669219844e-02
1.678302674053119836e-02
2.022082876546079863e-02
2.381826115491390145e-02
2.805280064387249972e-02
2.122595351442449832e-02
1.959797677137729843e-02
2.088593105102400094e-02
2.001553715343610054e-02
2.136546713539669989e-02
1.750903583579190015e-02
1.919130491749300102e-02
1.829611012463440087e-02
2.439724247145360139e-02
1.637620597080189852e-02
1.992664791094389889e-02
1.759766559852820114e-02
1.588921300692330146e-02
1.590044325078069851e-02
1.712890452287950047e-02
1.681050840457560050e-02
1.960969385848470095e-02
3.295231037821370196e-02
1.794470904744880149e-02
2.298840231442239937e-02
1.632700079449660169e-02
1.909378753110790167e-02
1.816066987589659912e-02
1.695868085716039850e-02
2.119858171271329916e-02
1.905936619883720137e-02
1.641822573023999851e-02
1.869549366924110056e-02
1.997089310713169932e-02
1.699829976657650163e-02
1.804994955167359832e-02
1.793165762509029912e-02
1.948145750809330071e-02
1.648794252235730173e-02
1.812182533959420111e-02
1.985554351542500109e-02
1.794107788344960139e-02
1.642203687328910172e-02
2.954521893434930088e-02
1.527289745674850069e-02
1.711021390720540020e-02
1.738617821731820029e-02
1.765585266986860122e-02
1.918406266527840007e-02
2.692191420607300059e-02
1.849366877863869996e-02
1.530356505346850034e-02
1.714577943255269840e-02
1.544922149979759997e-02
1.889939610189590030e-02
2.004631422974319926e-02
2.075255616166530107e-02
1.653828307183259974e-02
1.573207192163589979e-02
1.836446590189420164e-02
1.936610714106730066e-02
1.763561921044439970e-02
1.957462458588899931e-02
1.824075286692709852e-02
1.736928286536289917e-02
1.957244916546660093e-02
1.855105614201670028e-02
1.854761641014050083e-02
1.694258305672479911e-02
2.089714048579060027e-02
1.647398109463520111e-02
1.861064982491550043e-02
1.751759338631490165e-02
1.904640768509149873e-02
1.830544694875699957e-02
1.891544790373739932e-02
2.046849513093609851e-02
1.783830112963179920e-02
1.762314653630450006e-02
1.559564845873280016e-02
1.774887306445169927e-02
1.951018468660579985e-02
1.671878942181929950e-02
1.702913288289719870e-02
2.751832875756459948e-02
2.083004113471060084e-02
2.425968213361240008e-02
1.890433343054399862e-02
2.696812194118559936e-02
1.916692265124739919e-02
1.975940400980040132e-02
1.887141339062529954e-02
1.948933785863130042e-02
2.055305257146909995e-02
2.140472282962519943e-02
1.995719125318570070e-02
2.150480620500570123e-02
1.876879790761869921e-02
2.086883327517409861e-02
2.032005894963660048e-02
1.708725179940100147e-02
2.668671092741589992e-02
1.920805387228450081e-02
2.177829150767969860e-02
1.909670134215219958e-02
1.914312411472789827e-02
2.051645436143869836e-02
1.780936118559340101e-02
1.996710902400329959e-02
2.836651572637340080e-02
1.822446952410690033e-02
2.126231214266300143e-02
2.051802001802970066e-02
2.183766476699949832e-02
2.263483514740500038e-02
2.187322141359259939e-02
2.782147640498739902e-02
2.023108615459710130e-02
2.000906286471169915e-02
1.937548412018829866e-02
3.068859883519230169e-02
1.909900817008059956e-02
2.446189641279699831e-02
2.219501315141619857e-02
2.042159457501760075e-02
2.850718584305830111e-02
2.166212580213059888e-02
1.942637688066749940e-02
1.773570186562810000e-02
2.268252415701330071e-02
2.531657844027470142e-02
2.160667461376750142e-02
2.512203907280970150e-02
2.356887943107290051e-02
1.922208956869969967e-02
2.653151306820479907e-02
1.729854050488510014e-02
2.395534063301790056e-02
2.294987753441590089e-02
2.060432849235600133e-02
2.053636081556079948e-02
2.076166657539349827e-02
2.103244371085639941e-02
1.901641350186180149e-02
1.883424631181070119e-02
2.175188978526219896e-02
2.493862834509269835e-02
2.760589046214529871e-02
2.155960119722940063e-02
2.743556400119399885e-02
2.634880086917440120e-02
2.294005152566730085e-02
2.285316407867099900e-02
2.065080062007070005e-02
2.417723905129250117e-02
2.188614068362109907e-02
2.270158376548820148e-02
2.227011098217129836e-02
2.152841819691480099e-02
2.751161907760659928e-02
2.232930759527990139e-02
1.968053559696429991e-02
2.131838563440029838e-02
1.957597189491100051e-02
2.063309292364800054e-02
2.004564232402089932e-02
1.815498368573279994e-02
2.353788879248900137e-02
2.792626637354839875e-02
2.826841026072969901e-02
1.968718182164039959e-02
3.102057147358320069e-02
1.974467574339009920e-02
1.989222602818550151e-02
2.267218929075420081e-02
2.052549056632320054e-02
1.938729288855770005e-02
2.926085932290749952e-02
2.227864335542849988e-02
2.161592346818400068e-02
2.171129492177549872e-02
2.180310275413219895e-02
1.996405047176999861e-02
1.834350579720920096e-02
1.799754505404359967e-02
1.991823731760999916e-02
2.648404845600089985e-02
1.999105957205329909e-02
1.887080295119299839e-02
2.426150341563049900e-02
1.888298075016180133e-02
1.867800962240220158e-02
2.007814196666690004e-02
2.095188089174839993e-02
1.716055722699020084e-02
1.934923767980839884e-02
2.151746744912910042e-02
1.924593546040370001e-02
2.389882667557649901e-02
2.074416391960439907e-02
2.387435941304370118e-02
1.906023599598890075e-02
1.943839395760680114e-02
2.039478882092660150e-02
2.524034554644129930e-02
1.850679389137899894e-02
2.420366427960459962e-02
2.406355080807410021e-02
1.782312048026499923e-02
1.939143600252829849e-02
1.831153545357440057e-02
1.971140095856590072e-02
2.253808790400689890e-02
2.221873858022950163e-02
2.010644898274410036e-02
2.129083017496469915e-02
2.326643649756040058e-02
2.374539027049099929e-02
2.160183896191050085e-02
2.053476340449019930e-02
1.863963148567440026e-02
2.124604193406740005e-02
1.998570782397500120e-02
2.279774929773099867e-02
2.498795159030479940e-02
2.246561853834750169e-02
1.848093347418509891e-02
2.211216007418290164e-02
2.107214935339059986e-02
2.628447213649630007e-02
2.326170107160899919e-02
2.507981026619469922e-02
3.061317765403749960e-02
3.437049907562360340e-02
2.606783115829700015e-02
3.377527303665950331e-02
3.022387058324740167e-02
2.528679518132759957e-02
2.425108831396850101e-02
1.327439560995600024e-02
2.863658455872200061e-03
3.511033618826200128e-03
2.486409463205059914e-02
2.813275210845789936e-02
3.022698425085800205e-03
2.706391283765300151e-03
1.068052927578020013e-02
3.108663193873600124e-03
2.711626422002439904e-02
2.698783666406300106e-03
2.898140123178529967e-02
2.716553233350249910e-02
1.081006618202469925e-02
2.382315803313540120e-02
2.644070137416119903e-02
3.268696353180000191e-03
2.907992856423409836e-02
2.989264029969520078e-02
5.891759075457200269e-03
2.744877251233529894e-02
8.309756194738799479e-03
2.541025872930939913e-02
2.702738166632590033e-02
2.865998899489199947e-02
2.631989815634490013e-02
2.772555535034930060e-02
2.559782487883640115e-02
2.760900905916420164e-02
2.440747129546199864e-02
2.423852649259879838e-02
2.169051387721809832e-02
2.603092099580379959e-02
2.293192625360879894e-02
2.123281891661779955e-02
2.381711698113739978e-02
2.100918240784779845e-02
2.613649951455309858e-02
2.026531247564980140e-02
2.017227198846930150e-02
3.130366556405519973e-02
1.707321430631079939e-02
2.097899350179300085e-02
2.008841805962510024e-02
1.995204627302209904e-02
2.331158255266619836e-02
2.223721489061900036e-02
1.862126689745829955e-02
2.338539983131890029e-02
1.687613574867550051e-02
2.073576025209910093e-02
1.844555659124300084e-02
2.118332188929450063e-02
2.094514702501780110e-02
1.925187489440079863e-02
2.050814759287719960e-02
1.848654500488289970e-02
1.825542731868489907e-02
2.091693128713599872e-02
1.978828944468069909e-02
1.924327104144000003e-02
2.012043387864670060e-02
1.858080444299370013e-02
1.925370530293470106e-02
1.956798777067739886e-02
1.876855671130589834e-02
1.786153584830529883e-02
2.759707392190810168e-02
1.785049786668469959e-02
1.927740671059369887e-02
1.881795543817019883e-02
2.725720334136159939e-02
1.950755125590240141e-02
1.733853172527740141e-02
1.976857739233390046e-02
1.983172950376390145e-02
1.822534178751350140e-02
1.997134404429180138e-02
1.764311627527479984e-02
1.763555975803380096e-02
2.144196007911430141e-02
1.977880370517010045e-02
1.677377321256800016e-02
1.871098538739770015e-02
1.808603926937630071e-02
2.257272149690889990e-02
1.995053824862329933e-02
2.152875446478379889e-02
1.825763644173249850e-02
1.754427979910340094e-02
1.657035622452340123e-02
1.864791208887220039e-02
1.904573684214180135e-02
1.911890114368750004e-02
1.753660954588430118e-02
1.598432174666050004e-02
1.725350300277370130e-02
1.760137145467549971e-02
2.146643021944339910e-02
1.654475483623819854e-02
1.752323409734320159e-02
1.790813666522440145e-02
1.823071111407960007e-02
1.706854501950700112e-02
1.729354670215919876e-02
1.859042653955310029e-02
2.029153041614949887e-02
3.115921921055609875e-02
1.616029418858910133e-02
1.806883483650029848e-02
1.842619273141719860e-02
1.993215539181019888e-02
1.909699082958650138e-02
1.935157607670009994e-02
1.832958992422970002e-02
1.955283120949359923e-02
1.784761884287179926e-02
2.041111626890540140e-02
2.033563358481809899e-02
1.880526482647629921e-02
1.784839819898860133e-02
1.845359121164490135e-02
1.922133088545499927e-02
1.809910123365600018e-02
1.897765985864360155e-02
1.998562410198230152e-02
1.859244245267140105e-02
2.514826772582530109e-02
2.694931870438320096e-02
2.661915138542260070e-02
2.142210964707290041e-02
2.185657356622229888e-02
1.971645521374979990e-02
1.870954176955300086e-02
2.075276097781019943e-02
1.895326072742100146e-02
1.820625355953019858e-02
2.779417025566870147e-02
1.807078508729659944e-02
2.436712163749249829e-02
1.881019474193820068e-02
1.815508720493510045e-02
1.772252092546679897e-02
1.953875876206359954e-02
2.069561461721659834e-02
1.972463510284040017e-02
2.199011095524279827e-02
2.221933506328430119e-02
2.060619864635989881e-02
1.831355911800780153e-02
1.951635350079339998e-02
1.859727840602060089e-02
1.916204024885450122e-02
2.416103648716669966e-02
2.126372660283759944e-02
2.232278641809829975e-02
2.174794841880189900e-02
2.085744816697570128e-02
2.368445098544310137e-02
2.219977813832759925e-02
2.241502115446180124e-02
2.271817933424509842e-02
1.925784286720850016e-02
1.944774590883690049e-02
1.935373395420569853e-02
2.251635767069500027e-02
2.162395302490310173e-02
1.958032946515530018e-02
2.400905749638719902e-02
1.949414450327190129e-02
1.935125335421269965e-02
1.982009694639760150e-02
2.144490088364749830e-02
2.321277254747200133e-02
2.092699709978700084e-02
2.237067863748070165e-02
1.800092867138789951e-02
1.985916890933810131e-02
2.169306916418790171e-02
2.056120389125970158e-02
1.738807560450160092e-02
2.181472018346369834e-02
2.055437472350429839e-02
2.040084918075589851e-02
1.926269820515679951e-02
2.242565609523580056e-02
2.037106307838899844e-02
1.760362016259690160e-02
2.176056586332900111e-02
1.818792144046599973e-02
1.969859316286930173e-02
2.296439853708720155e-02
2.263717320834739838e-02
2.141584300229500137e-02
2.234064472550899988e-02
2.269629657840300033e-02
1.841049017864910056e-02
2.122826379153959844e-02
2.053290944005639954e-02
2.043444432645770067e-02
1.847249985377909937e-02
1.877888292508430104e-02
2.243099072988139972e-02
1.992636445724469893e-02
1.803293543547340033e-02
2.048357963233940135e-02
2.136717776935670096e-02
2.223165561771089926e-02
2.169522275801349931e-02
2.117115788805829998e-02
2.137050286199599844e-02
1.862487290468710019e-02
1.985940543499459948e-02
1.978281399787280154e-02
2.160735438783289997e-02
2.591476193144449935e-02
2.425860616738019851e-02
2.380409515938020082e-02
2.458904403072400061e-02
2.803518560942220086e-02
2.106563645391880055e-02
2.362796353068150057e-02
2.364861999233330153e-02
2.537818953051269866e-02
2.349349766011279983e-02
3.137868683322109914e-02
2.069242935359619923e-02
2.828288000364259994e-02
2.878908584231699985e-02
3.268753115050190144e-02
2.589701501205320111e-02
1.593569822617800025e-03
4.257615478116900422e-03
1.339639622420669973e-02
4.198927573324399976e-03
2.813482841522309957e-02
3.604857042421950181e-02
2.538912430347919913e-02
2.208972792175389888e-02
3.445498656378870317e-02
4.006837610211790024e-02
3.777453250663900114e-02
4.544325372088320325e-02
5.109744711990919785e-02
8.081396574733509808e-02
7.467288680200870332e-02
8.288664889333889618e-02
5.557857237353899804e-02
6.588280261900809898e-02
7.675601109980829950e-02
7.975153422195800645e-02
8.219501244081539593e-02
7.798333841490609486e-02
6.421934475279070242e-02
8.159249414004959844e-02
8.507678765391739339e-02
6.474660011016529493e-02
7.039041785249780525e-02
7.740359522173910489e-02
6.095362437640559905e-02
8.038084182339680361e-02
7.030616803514899704e-02
6.733099709408220390e-02
7.119770051994479820e-02
7.882371304907050125e-02
6.547910498947230595e-02
8.056489415295979561e-02
6.173392960003880325e-02
8.297350209712180125e-02
5.625913275280430142e-02
5.789071889710539764e-02
7.376459419135170115e-02
6.378562156981930353e-02
5.239085243309939827e-02
6.773604396297809582e-02
4.706304248410100172e-02
4.900039760261230143e-02
5.066649108682499958e-02
7.437079304965860116e-02
4.448009129189760269e-02
4.657952389641110275e-02
6.152381196576359873e-02
4.328570048115799873e-02
5.797531585251999853e-02
4.275156050086190151e-02
4.185495374437069732e-02
5.334317701416200347e-02
4.104315343847059899e-02
3.797979270811509961e-02
4.670000030138540120e-02
4.284700015659279743e-02
4.063242923932339906e-02
4.794872179854370309e-02
5.060208658025389800e-02
4.414116695128100093e-02
3.369149118415269706e-02
3.985463507351499901e-02
4.324893242149709799e-02
3.747824554168770195e-02
4.056949551955640193e-02
4.232205466313940234e-02
3.721808353037950323e-02
2.925737841534569936e-02
3.093224942704550159e-02
4.454041907080719814e-02
2.974633150712039861e-02
3.123744536962319920e-02
3.536927236457899915e-02
3.175791356497550261e-02
3.659815635459529731e-02
2.967057891729900018e-02
3.004863846519570045e-02
2.968848524799999958e-02
2.656803731881919942e-02
3.438089609937960284e-02
2.421151290504499828e-02
3.314332819122250279e-02
2.536432162319239916e-02
2.325207225279700071e-02
2.492552852334670166e-02
2.394766456794850118e-02
2.659464151631779974e-02
2.591195070750810028e-02
2.298373461267779957e-02
2.336248241089289995e-02
2.286221583519930031e-02
2.213344759505080084e-02
2.093743637852120074e-02
2.428229856408799930e-02
2.040139223185890097e-02
1.967935515839170160e-02
2.410451757255820115e-02
2.522439973520739995e-02
2.267923916883880092e-02
2.198196934669329958e-02
2.073760185888570001e-02
2.110923036142069859e-02
1.947260794127499833e-02
2.145656415663459854e-02
2.123764355827980135e-02
1.836324429659449975e-02
2.220113957632319918e-02
1.938963590816220051e-02
1.927906046458860087e-02
1.827936683823649933e-02
2.123218691705090061e-02
1.975179098579219958e-02
2.136117269211710093e-02
1.990123890350030053e-02
1.853850337467069856e-02
1.584897770773470091e-02
1.972691817737250164e-02
2.187968676669780135e-02
1.993141224033260009e-02
1.809460089867540034e-02
1.819876819967690060e-02
1.786522661802380021e-02
1.845225403238959921e-02
1.861945573599589968e-02
1.834405379757689941e-02
1.728734820051440121e-02
1.938083992753369955e-02
1.742599443928309969e-02
2.022610217506999944e-02
1.798018666733470008e-02
2.306684587279030085e-02
2.110650170290789829e-02
1.715959809761739840e-02
2.078669285112549892e-02
2.189053372436969985e-02
1.698644306516899904e-02
1.912472869109160117e-02
1.988053678316750034e-02
1.959543609337429868e-02
1.964184765074159997e-02
2.032388520452029987e-02
1.933598409288580025e-02
2.005933864413339887e-02
1.885704954559929911e-02
1.718654681420619945e-02
2.171299508841669987e-02
2.052214508073110094e-02
1.979400291276689830e-02
1.849190133522339921e-02
1.771023145146150002e-02
1.879564286295730066e-02
1.929086206901490033e-02
1.979616555877219963e-02
1.855045910701429851e-02
1.795882059515300014e-02
1.779114495475370150e-02
1.763483273339369953e-02
1.856042679863089892e-02
1.888894647085629860e-02
2.171422789143169843e-02
1.838755489131759999e-02
1.879100021986350108e-02
2.072692249998379921e-02
2.219172354402130024e-02
1.979765211904760056e-02
1.979571992213910100e-02
2.054618330548950086e-02
1.869182653280219986e-02
1.751403589240990016e-02
2.145431179173519845e-02
1.921678485752389975e-02
2.009794681894740143e-02
2.230846036018179976e-02
1.909686027255920113e-02
2.053367933294720019e-02
1.954184955905620066e-02
1.823010786044030121e-02
1.984474565539599833e-02
2.633628241207650045e-02
2.015468216477829880e-02
2.051509789375620049e-02
1.826277258988449892e-02
1.841942896558980067e-02
1.800489150553969894e-02
2.012284029481990061e-02
1.879445879744020068e-02
2.066108880133329939e-02
1.908432189889009908e-02
2.008320507646680145e-02
1.939032458510439941e-02
2.860896918485479959e-02
2.004436546522389909e-02
1.884282469703050036e-02
1.785135702527240048e-02
2.171347473479449952e-02
1.794685914525729828e-02
2.006608396470239974e-02
1.873688713245099877e-02
1.972633930691470097e-02
1.855800991047409920e-02
2.052732558037259972e-02
1.954460469348810042e-02
1.833416230525510005e-02
1.885757087084859868e-02
1.743858679395909883e-02
1.905419761781739982e-02
1.863317242597969936e-02
2.148457467219089950e-02
1.910639337680420172e-02
1.829504265657110051e-02
1.951839682978390167e-02
2.037160300498570137e-02
2.174950159953959947e-02
1.841953196509450025e-02
1.767310509760959894e-02
2.192173860843850061e-02
1.959120670784650006e-02
2.069889101131289905e-02
2.085749680976919929e-02
2.112375641845970139e-02
2.322748289332440125e-02
1.882695242760560120e-02
1.774986273197510026e-02
2.134335713325220124e-02
2.043456703305599961e-02
1.954350781609049889e-02
1.908158473081639911e-02
1.951604305230450129e-02
2.181676617192139858e-02
2.011048338937590149e-02
1.879136789097389862e-02
2.562332261547090040e-02
2.023229035073089918e-02
2.114062627162159938e-02
2.120369845996730035e-02
2.284043412150529861e-02
2.008006840608760057e-02
2.215102013939460046e-02
2.075612673187040083e-02
1.998034628956470160e-02
2.032464505673830038e-02
2.258828525084450103e-02
2.207175592226030131e-02
2.067075062617920039e-02
2.167101118837479884e-02
1.862810030995730101e-02
2.149616458180799924e-02
2.002128847599569939e-02
1.955201416463839964e-02
2.523942879340679984e-02
2.189463830909369954e-02
2.280526974424289949e-02
1.939742280144119910e-02
1.961133006697119915e-02
2.456930798267379853e-02
2.100034725625619936e-02
1.878898819028099881e-02
2.383232553716749941e-02
1.763687097879880136e-02
2.028163450750980132e-02
1.942882040688869924e-02
2.112067078845699872e-02
1.968316588436000089e-02
1.975364009590470024e-02
1.877582847491780088e-02
1.754120232230119841e-02
2.080132957190120035e-02
2.069654245870480164e-02
2.164185267394309886e-02
1.877582847491780088e-02
2.127096712131310019e-02
1.921222734812149877e-02
1.995730359594510145e-02
2.740400431852239860e-02
1.981039217571119865e-02
2.363200729359999849e-02
2.754641983357309851e-02
1.896687288151300069e-02
1.915053595876479997e-02
2.158983647397549888e-02
2.235461037817559893e-02
2.277748666626600027e-02
1.877520606930140057e-02
1.890580763235009953e-02
1.951257077047070104e-02
1.933757903985629939e-02
2.320492580374130046e-02
2.002735164029410125e-02
1.984431386576280057e-02
1.907105202800099888e-02
2.052003987427929860e-02
2.163945682653399885e-02
2.434586868024870079e-02
2.318216520900219860e-02
1.900410540968380108e-02
1.985155991178209900e-02
2.219243350372580165e-02
2.130068902097409858e-02
1.919874241759270128e-02
2.120631091789739950e-02
2.256281283226279841e-02
2.367728736444029911e-02
2.284446390996349927e-02
2.327330749976699864e-02
2.200895338856840092e-02
2.154518012773809846e-02
2.095379399188180072e-02
2.127994237419960147e-02
2.547832701827919960e-02
2.343988499255699950e-02
2.325065524621049845e-02
1.911560236681529926e-02
2.117298899254359962e-02
2.272873847029700106e-02
2.111638965234960072e-02
2.027247306326079856e-02
1.847170983818209947e-02
2.294613851992610004e-02
2.091023024505770170e-02
2.155029259669459865e-02
2.314216027660900149e-02
2.113846148388250079e-02
2.287194281094349912e-02
1.935464988213049867e-02
2.034951031104520122e-02
1.971251572468290039e-02
2.480973304762299977e-02
2.082104944779199912e-02
1.967033637844129920e-02
2.004071238982469902e-02
2.069710771282790018e-02
2.035213802164429972e-02
1.954050247738469900e-02
2.189757473599479934e-02
1.809260695675329877e-02
1.813628438951810085e-02
1.978333463733050052e-02
2.331320879368270135e-02
2.076420647162379937e-02
1.691417774559809961e-02
2.494140194070940120e-02
1.911789093375820120e-02
2.042910591503580009e-02
2.167531883549329852e-02
2.011021322458859950e-02
1.938862705861089941e-02
2.020172153310929863e-02
2.340545561274350039e-02
1.979051678288560115e-02
2.031004116156349959e-02
2.176185990765809944e-02
2.536556432308290088e-02
2.241147372562889845e-02
3.007808772758739993e-02
2.191948287681489901e-02
2.450721211742790118e-02
2.053480502972529834e-02
2.410682837618309884e-02
2.234229023947800069e-02
3.111835589344719849e-02
2.312470148434030148e-02
2.965663707934399970e-02
3.128197583252730063e-02
3.785570005706209717e-02
3.629605025540229984e-02
3.141712693841779841e-02
3.587132867183440155e-02
4.631745045545500143e-03
1.406838396196019927e-02
5.851910778094270016e-02
2.293146519579999931e-03
4.461868216786209901e-02
3.850494061687800146e-02
2.246093127207050150e-02
4.899419524813680010e-02
6.022843278365280079e-02
3.080671568391329940e-02
2.384809741225379920e-02
2.559820130811960026e-02
3.148477335444829772e-02
2.996911646111919889e-02
2.768141978376829904e-02
3.744093694055750099e-02
3.256878048191590158e-02
3.541023511491350056e-02
3.658176442915279936e-02
4.258412886993870328e-02
5.817320504084089877e-02
5.292050072069569983e-02
7.349256112759749993e-02
6.973094668731870394e-02
6.001579747387199987e-02
6.668074913377999846e-02
5.897154289033400276e-02
5.968417360075529976e-02
7.747902556671890095e-02
7.122013335635890563e-02
7.010174949283659585e-02
6.314298741562210382e-02
6.148018232523540239e-02
6.941440525120269600e-02
7.735050895456579978e-02
6.527044428059600167e-02
8.727114295523820398e-02
8.415154914447549317e-02
6.543619655915559885e-02
8.201039712338839549e-02
7.618033606017229897e-02
7.904051811534949790e-02
5.355895055544020178e-02
6.737453157834820405e-02
6.559061972063880142e-02
8.113992868393130053e-02
7.142858982886840513e-02
7.337108567841439666e-02
6.784035462203570621e-02
8.047489477017949477e-02
6.766985340844429431e-02
6.533711797963580314e-02
5.456445944925560065e-02
6.342365862175780578e-02
5.559419708896599921e-02
5.559419708896599921e-02
6.085937850676750166e-02
6.004295347754699808e-02
6.128528516673149851e-02
6.128528516673149851e-02
6.042037733122820192e-02
6.739317612382199341e-02
6.156895753915159891e-02
8.946299914331129477e-02
6.926365749879720424e-02
5.823524280799070169e-02
5.295075851434039721e-02
4.796729151142700015e-02
5.469592388808069972e-02
4.857570140021120336e-02
6.326928937946879605e-02
6.288519789289880035e-02
4.556073452270559959e-02
5.694047621500659961e-02
4.544968248014909923e-02
4.583376872984319672e-02
4.865705641247700108e-02
4.925177706921189669e-02
4.998328647412079995e-02
5.226965935006649966e-02
5.961779338796960315e-02
6.061898623847589845e-02
6.447631532675650312e-02
4.838928166208090326e-02
5.708790466649130146e-02
4.811341942283599987e-02
4.492855077810960218e-02
4.867610596191759842e-02
4.586367859378610162e-02
4.851847834615059807e-02
4.550156926265810226e-02
5.046456198005119798e-02
6.511896133949099386e-02
5.459124710032520200e-02
3.287640252238629990e-02
3.417690935766230093e-02
4.943101929919579973e-02
4.292001449610299835e-02
4.465726880813229716e-02
4.490541036241370298e-02
4.375300464253230326e-02
3.428070896552699864e-02
3.358248789272250123e-02
3.676616413958280066e-02
4.851746673983559771e-02
4.367672533501659737e-02
3.285754390779670187e-02
3.206110230908230246e-02
3.639045894176320267e-02
3.535757495858640048e-02
3.116527382662359971e-02
2.630830952911469844e-02
2.868116999551939897e-02
2.785869119037409983e-02
2.333628036643469947e-02
2.584442974986370101e-02
2.673523415015340021e-02
2.247100596990269858e-02
2.295116253093679864e-02
2.765968632978210023e-02
2.212110960362319995e-02
2.590145564751560048e-02
2.582867514119030136e-02
2.543926857784320136e-02
2.338238767905799834e-02
2.354634622276609995e-02
2.264449364521239905e-02
2.272060634971519860e-02
2.343461757644280108e-02
2.035567851935990089e-02
1.980741048275439994e-02
2.231027089012169867e-02
2.124901008359710020e-02
2.297025353677130052e-02
2.149068425878850053e-02
1.883708877759630168e-02
2.422173997065719953e-02
1.911399839408510146e-02
1.866634728691969961e-02
1.959517966913030054e-02
1.762715324893579863e-02
2.140628890573829934e-02
1.891419890468060139e-02
1.931332590564420124e-02
1.789584146230710146e-02
1.912079699557740070e-02
2.048692663982359941e-02
2.176774771572280096e-02
2.243968829708389845e-02
2.200052700476020154e-02
2.400840845310649868e-02
2.285785883751680070e-02
1.966313956500910162e-02
2.091136744882760024e-02
2.229213304651839894e-02
1.848374192252200121e-02
2.015708342260799993e-02
1.953953298724930149e-02
1.940349680483779982e-02
1.830115197986659920e-02
1.840742830486979953e-02
2.145806146576230075e-02
2.143037707257210156e-02
1.808269871649939922e-02
1.783096565063370040e-02
1.972986893361150171e-02
2.168460866019120137e-02
2.204733797545530005e-02
1.743990937721090137e-02
1.920246892487829926e-02
2.033673282108749980e-02
2.278810169022719989e-02
2.098729869628099959e-02
2.004349495290180111e-02
1.938712621131799888e-02
1.906071879874359984e-02
2.128346442552980083e-02
1.942306351147389878e-02
2.295602648791950084e-02
2.020004615192219979e-02
2.273236436552110093e-02
1.707570445702639994e-02
1.820017598478269882e-02
2.108437375540600164e-02
1.801257014759900105e-02
2.003670725598160132e-02
1.809921770086349996e-02
1.733342178061840141e-02
2.246931552902369997e-02
2.059092098452090097e-02
2.042756765002309849e-02
1.939810138865030037e-02
1.770137045827640046e-02
1.879245362549330015e-02
2.004990480088579899e-02
2.016465101247980063e-02
1.970125231615369940e-02
1.991842502921859978e-02
1.890167582611590111e-02
1.854047922211870050e-02
1.754687982189550091e-02
1.892067657089200119e-02
2.147983498179360101e-02
2.106660716865309951e-02
2.173660665785969934e-02
1.992475748983620065e-02
1.810883245151749879e-02
1.864161704721190027e-02
1.809339735111250083e-02
1.769468237301179830e-02
1.807992282358579852e-02
2.074910477003700029e-02
2.057906933473669861e-02
1.856468232744749869e-02
1.978845682323209995e-02
1.994606750929709890e-02
1.768437381518669915e-02
1.968602667372469986e-02
2.411188834695199984e-02
2.138597114935539972e-02
2.278001913338369849e-02
2.032488238251009896e-02
2.041653435514989914e-02
1.955200611860710008e-02
1.922738899158559986e-02
2.341387142497839899e-02
1.821254239469199954e-02
2.010966612712960025e-02
2.158812411596210123e-02
1.959229461098830130e-02
1.809764485847870086e-02
1.980037598405109955e-02
2.286266613383099860e-02
1.784351515055709880e-02
1.959164721692849970e-02
2.280640284588440064e-02
2.259195519354659926e-02
2.024193793274079931e-02
2.096208148978809943e-02
2.048454878981269961e-02
2.032862249765409954e-02
2.002920967898949925e-02
1.825018394162640153e-02
1.960832546889559880e-02
2.088380218697830082e-02
1.995278274690969952e-02
2.291748352167409866e-02
2.286962722912189855e-02
1.938155808281979975e-02
2.262950004158219980e-02
1.920157252817579832e-02
2.048435050989360143e-02
2.258676254560990082e-02
1.982832844955979834e-02
1.993550266185119962e-02
1.813936690599650056e-02
2.049776376173869860e-02
1.890179069697199912e-02
1.937840311396049967e-02
2.031540727812240071e-02
2.350819855320379972e-02
2.054196193567359857e-02
1.799058206632880158e-02
2.054781356312089871e-02
2.144810524133350035e-02
2.109496054006659849e-02
1.995913490217679845e-02
1.994147181047490128e-02
1.846738098306240083e-02
2.051514523202329840e-02
1.985379110417519882e-02
2.126217536582020173e-02
1.958352841281110063e-02
1.982720460512680041e-02
1.823637082767889939e-02
2.153909486922120017e-02
2.229064527224710116e-02
1.825107820275150006e-02
2.019902532476959903e-02
2.232280788160689866e-02
1.865315572279789905e-02
1.996036265740380039e-02
2.305204162618339908e-02
2.066805833316870053e-02
1.965126451588389972e-02
1.912501646798989846e-02
1.928865072187629925e-02
2.357289415508150021e-02
2.066854818185519943e-02
2.100492469425459946e-02
2.149707197652429846e-02
2.051797142136409929e-02
2.318849420588550009e-02
2.059101817824160116e-02
2.178429440950169910e-02
2.111021271543779901e-02
2.019902850922769902e-02
2.352996401949800087e-02
1.923181040881200010e-02
2.084654859294519935e-02
1.899601683933119928e-02
2.046696255950539861e-02
2.455126757619029848e-02
2.071082719457939883e-02
2.108451514663560108e-02
1.968525696721040025e-02
2.062070941458379880e-02
2.122454881676190050e-02
1.989071024183310110e-02
2.060050056371760113e-02
2.047163071775980059e-02
1.989072557501140107e-02
1.928854036032320168e-02
1.992436295878139904e-02
1.980374935897760008e-02
2.189347975568139981e-02
2.159662208788830015e-02
2.084602199169329970e-02
2.228580231370620029e-02
1.705760181712469986e-02
1.911563244253009983e-02
2.027890658095159865e-02
2.105681928127500074e-02
2.002010146912119870e-02
2.138563279400619924e-02
2.274744794862480074e-02
2.170352278547599961e-02
2.359475480782910126e-02
2.415790519229920122e-02
2.068376426285579994e-02
1.968751653507479910e-02
2.148252115951230015e-02
2.149768806159110118e-02
2.010519530462909904e-02
2.230525922041740050e-02
2.394390224187499874e-02
2.205377534307379969e-02
2.566967718344309937e-02
2.711830521686529882e-02
2.198185721912539886e-02
2.199264914015679889e-02
2.226785973699019899e-02
2.319605933711429979e-02
2.364740625987630032e-02
2.131880936221619907e-02
3.391489738097060169e-02
2.568875469740480172e-02
2.085899904040899866e-02
2.245211065866689962e-02
3.109545806784790034e-02
2.078637900305339847e-02
2.205539584101530101e-02
2.648488646342870081e-02
2.695388546494690077e-02
2.565929126116860137e-02
3.029746222451370000e-02
2.459079373019509851e-02
2.985186629609180159e-02
2.557394120041889957e-02
3.463259617895610154e-02
2.530938819179839872e-02
2.229237650883079958e-02
2.171472390988980067e-02
2.642414223674860105e-02
2.221172774467609912e-02
2.676248277233650094e-02
2.489481409904999859e-02
2.765685052958989990e-02
2.306641016498680100e-02
2.673342756612689941e-02
2.568579555111540069e-02
3.124230398731939889e-02
2.809925303665620003e-02
2.779628805406169842e-02
2.979272434131869859e-02
2.496296312223830055e-02
2.844192349358560037e-02
2.695156283607849992e-02
3.001214072397919916e-02
2.682979530424189907e-02
3.056867574177130065e-02
2.941021642860330160e-02
2.538360180798489990e-02
2.894383873737660026e-02
3.220208367644499664e-02
2.822193861083489852e-02
3.070406394147959933e-02
2.847923420021949981e-02
3.166520942043200143e-02
2.394444654365950054e-02
2.616295293994510066e-02
3.148812646643180113e-02
2.908956122319950044e-02
2.772891610403040163e-02
2.496807590184349848e-02
3.057576052567579847e-02
2.608451148596669864e-02
2.584686056522739889e-02
2.890605226956019860e-02
2.318344840101840137e-02
2.144234335085029933e-02
2.612854197369110162e-02
2.677330089091339849e-02
2.488964593166950040e-02
2.834836127501329933e-02
2.728476252057879942e-02
2.797528931677690026e-02
2.269360357363840036e-02
2.871694362088990024e-02
2.657763850598110142e-02
2.877953384144659940e-02
2.467589974207460082e-02
2.208655663602960076e-02
3.365220814222519979e-02
3.823962047957790017e-02
2.860253208680649945e-02
2.219127953262160086e-02
2.712402927687449991e-02
2.394440719926469938e-02
2.386879672601980099e-02
2.470440895131719924e-02
2.484410484070040046e-02
2.216974802628059876e-02
2.306753621158300072e-02
2.249119262180259912e-02
2.376848861583080036e-02
2.813934951440909965e-02
2.251535158651159912e-02
2.445117312628329945e-02
2.192919199514990064e-02
2.176864257085869836e-02
2.879825316973829916e-02
2.269885445445080085e-02
2.539771936123839946e-02
2.507118914842729890e-02
2.372664315355019898e-02
2.458080659906810087e-02
2.510508748373670163e-02
2.730215382974969865e-02
2.456724106216520015e-02
2.340657199929339904e-02
2.447513331171369960e-02
2.578455489809010001e-02
2.741574824813909975e-02
2.514879995605219867e-02
2.757213514707609892e-02
2.513496828397500035e-02
2.476907223492509982e-02
2.229727009528760170e-02
2.583536521874170086e-02
2.549817900519230074e-02
2.655370590857330029e-02
2.954116826070829829e-02
2.622600108735769972e-02
2.385176680048649994e-02
2.885265172127660094e-02
2.777278713159399975e-02
3.258731820340950158e-02
2.993705376378260133e-02
3.421470056491929951e-02
2.599260350458810001e-02
3.087299406005340058e-02
3.397518423439609830e-02
3.313152436687930025e-02
2.756452284623530161e-02
3.327964128076810191e-02
3.257903988728080152e-02
3.057555563684000166e-02
3.982823981800309721e-02
3.627595694860800274e-02
4.384748833496549675e-02
4.038607881261319782e-02
4.420302063379710072e-02
4.053099192604960044e-02
4.866088882039389801e-02
4.736714596715840137e-02
4.466351810862070199e-02
4.542886201208889974e-02
5.763621262451860267e-02
5.309303666941030120e-02
5.386847888865539669e-02
4.719741824661970175e-02
6.135139470388650124e-02
7.957394548873039652e-02
6.847175902187230268e-02
8.729222914756509799e-02
6.849496901435900287e-02
6.650248180627330030e-02
8.351271638850139845e-02
8.727926706871069751e-02
6.310230422235159342e-02
8.136825652525229990e-02
8.209762316385919856e-02
6.318052342496960350e-02
5.945042125510739683e-02
7.912102933304990260e-02
6.959126912746310678e-02
7.475749345754459374e-02
7.929464980056910584e-02
6.911048164398389537e-02
7.795518693746120165e-02
8.033964182810310328e-02
6.819161956173409866e-02
7.240061287859710093e-02
6.654812439944750302e-02
7.248006544361490500e-02
8.251392424084780242e-02
6.862097571971829957e-02
7.220422399719070294e-02
8.445340177994019315e-02
5.997310651094610312e-02
6.441855334332829974e-02
7.191470747316300316e-02
5.417209323430319939e-02
7.376373761341879776e-02
6.018588402510210295e-02
8.842423374369839939e-02
6.800271705313959414e-02
6.898753700051059312e-02
8.979356761600970627e-02
6.842083529233719541e-02
7.691403597017600069e-02
7.875349400345600659e-02
6.837247603422430542e-02
5.545498233818529910e-02
6.597629469868220020e-02
4.670475338834900042e-02
7.440098376267340052e-02
7.786551840913119582e-02
6.028045018827969670e-02
7.537653804257479773e-02
6.621041798149189528e-02
5.112635908493980141e-02
4.903571320203740230e-02
5.063935340512219774e-02
6.059612790067420152e-02
5.939082507093210173e-02
4.657602339032120009e-02
6.065916189399220282e-02
4.016173113603650063e-02
4.121222527960560073e-02
5.710895876760740258e-02
6.013551628688010298e-02
7.645879588726410547e-02
6.033389213592930261e-02
5.983343974308080043e-02
5.090161321668670164e-02
5.487345153430089884e-02
6.592863543713139984e-02
4.192174180864569749e-02
4.365732723416210215e-02
4.709270488709969837e-02
5.680639761922109954e-02
6.637879649815660310e-02
5.620136860772680099e-02
4.605185058584700120e-02
4.645418170049570028e-02
6.137073268337180088e-02
4.680935320206919964e-02
3.960863936030410010e-02
3.980502914389359714e-02
3.883151575999620186e-02
4.555169940809670331e-02
4.161502468987290232e-02
3.665536113439459703e-02
4.858746751879199771e-02
3.828400835902630306e-02
3.871829707310019825e-02
3.206591661245029867e-02
3.832239368115269995e-02
3.414214049735499884e-02
3.059500354552410067e-02
2.885038421493439989e-02
3.608760532914589980e-02
3.561736346126249952e-02
2.684801664358809833e-02
2.532821394091859871e-02
2.645379983646179919e-02
3.137794467242770169e-02
2.514304586473009931e-02
3.028640773669129954e-02
2.693922600864399886e-02
2.497477979613239862e-02
2.189911386223889964e-02
2.525784603440160009e-02
2.639620425232560089e-02
2.340119142638219865e-02
2.358211838945279901e-02
2.333667443503400010e-02
2.689374945041949835e-02
2.139702046128489840e-02
1.968780331923319915e-02
2.027423153006379861e-02
2.112036927155969829e-02
2.299573303037040148e-02
1.904789248831860113e-02
2.333644118776759951e-02
2.251883794723519988e-02
1.924914292917069905e-02
2.080594679020289842e-02
2.205897075001949856e-02
1.980483764900119875e-02
2.167620474590669852e-02
2.017177223604270028e-02
1.951591421795549966e-02
1.830541836339749998e-02
2.188864817522849851e-02
1.716290237195930088e-02
2.328244469193880076e-02
1.956095671675829942e-02
1.910519998411819992e-02
2.044431903029799921e-02
2.062151887735209910e-02
1.853212998200089862e-02
1.977254434466809915e-02
2.088126630243319903e-02
2.221718402972179887e-02
1.853666331326619954e-02
2.088260957673290091e-02
1.965899471855650157e-02
1.796450883783980157e-02
2.186901894227090068e-02
2.047935310197510073e-02
2.014233228100199835e-02
2.227835291118649905e-02
1.940779255004460024e-02
2.104828878669329911e-02
2.157320019218069915e-02
1.899063910055669852e-02
2.051090047965530017e-02
1.966945008029430050e-02
1.778569044121890153e-02
2.196344009095079972e-02
1.945675608555259839e-02
2.082619707587229918e-02
2.322718112412289898e-02
2.138220590206970154e-02
2.027509312112659931e-02
2.061674363082640141e-02
2.171653189841350057e-02
1.813198443230739851e-02
2.183090669326859939e-02
2.186401472487840142e-02
1.836743914739870018e-02
2.097036498027409976e-02
1.884801624438249903e-02
1.777906534374079986e-02
2.157143480040839972e-02
2.468599395528529861e-02
1.890267909869779855e-02
1.933728791623820151e-02
1.906662596925779926e-02
2.057027277630249854e-02
2.075744313255310086e-02
1.990725528431969843e-02
2.153071820436299952e-02
2.105756651615479924e-02
2.184018955304820042e-02
1.926403802393210005e-02
1.851940603239200095e-02
2.170031019575329942e-02
2.149427606592009890e-02
2.218666984720740060e-02
2.340317328739379907e-02
2.303662562300970093e-02
2.092357605075390037e-02
2.119812037482619871e-02
2.255959002311259953e-02
1.994980246906490062e-02
1.983905531707449987e-02
2.151522927825350040e-02
2.162501050531059898e-02
2.049626170258279922e-02
1.948751281662660165e-02
2.165493133945799870e-02
2.072684838420039977e-02
1.971732468979429942e-02
2.090330099692079904e-02
2.351404963499070105e-02
2.234000694621110158e-02
1.995628893774969992e-02
1.997757402720120104e-02
2.108451238835759925e-02
2.307203499506570166e-02
1.884749816179179943e-02
2.153404338736500043e-02
2.171196045229849964e-02
1.945138964104469945e-02
2.108431434168410099e-02
2.109021733827929831e-02
2.198671427078340013e-02
2.424701805605769880e-02
2.470802049421429863e-02
2.105576580135390050e-02
2.222837143300060089e-02
2.139841424945810103e-02
2.136438236345560016e-02
2.545929161855620126e-02
2.097513992007140129e-02
2.307561537895309878e-02
2.538744196087260041e-02
2.318562957529360022e-02
2.269093482849309992e-02
2.726513150366910096e-02
2.642349558354420078e-02
2.162897602552199885e-02
2.377824990051259982e-02
2.529617144966499892e-02
2.570677199590380019e-02
2.534693101494070108e-02
2.319868148985180026e-02
2.409392582898069873e-02
2.824842058482009838e-02
2.638101721049190135e-02
2.223981468088490066e-02
2.570965544576379880e-02
2.094359310627279952e-02
2.369210327607190053e-02
2.295328601737970167e-02
3.380397746817830062e-02
2.200024840859720124e-02
2.505593971113830032e-02
2.796077503815719983e-02
2.237616768305699874e-02
2.455085185446500076e-02
2.334560636622309837e-02
2.656224209474549944e-02
2.477502823939950125e-02
2.416887473968560088e-02
2.722337027324719938e-02
2.771664350125229923e-02
2.488341598170320038e-02
2.956169568434070111e-02
2.997513487383419994e-02
2.711369804352080012e-02
2.517650292060519962e-02
2.717866424046240167e-02
2.349806505201349968e-02
2.937605973777070167e-02
2.904820201680309924e-02
2.462057502985329910e-02
2.581547896698550143e-02
2.353139807389989860e-02
2.470874365896569974e-02
2.886432521997410114e-02
2.526244581091510039e-02
2.851721661217159962e-02
2.730051801839180128e-02
2.872120530398079852e-02
2.470813576716850146e-02
2.840466418026259959e-02
3.000999954501560110e-02
3.277476298183400194e-02
2.414283436004959968e-02
2.678681147459889902e-02
3.365579215913769989e-02
2.538655722249480093e-02
2.331311916867540024e-02
3.312720811965050305e-02
2.416329831410600135e-02
2.458165069795709839e-02
2.858861394327789907e-02
2.841362231273210012e-02
2.721448437937809897e-02
2.674303214850960037e-02
2.458165069795709839e-02
2.901931246371659834e-02
2.431921597414650124e-02
2.581616158490730034e-02
2.665702629294310066e-02
2.853966535727039955e-02
2.632714232657479975e-02
2.765027092336249867e-02
2.828627287474530169e-02
3.094488695622190158e-02
2.465640254998360120e-02
2.447070202470719852e-02
2.391184465526029895e-02
2.875920807973139995e-02
2.640449759740760155e-02
2.433061789890809956e-02
2.914818327199720019e-02
2.784786929204369904e-02
2.200507740853219901e-02
2.173057055140130076e-02
2.528139737773029902e-02
2.142502189932540130e-02
2.176538242973589943e-02
2.222995146249749990e-02
2.791637003115780141e-02
2.191286279025789901e-02
2.103676306051679989e-02
2.634228465779659897e-02
2.229071007738400029e-02
2.105554999915770081e-02
1.991300023417789944e-02
2.313641272822379927e-02
2.070064199888140000e-02
3.006096993087179967e-02
2.092408209194719995e-02
2.077961501858140159e-02
2.152755697057059936e-02
2.159418803979660031e-02
2.222660452755920168e-02
2.549424511456320139e-02
2.179651472582950014e-02
2.082325377527809857e-02
2.028807937947319992e-02
2.452697688567479981e-02
2.133123028637319910e-02
2.000300713389049911e-02
2.016759175956839983e-02
2.031201287297269842e-02
2.399656856922769907e-02
1.841891474057839873e-02
2.090204652546780173e-02
2.048765090398969868e-02
2.347200867678540109e-02
1.925556279193550019e-02
2.027632577994389895e-02
1.943649689608289988e-02
2.300546173628029850e-02
1.987201482959830012e-02
2.112579442921889983e-02
2.374769391309020095e-02
2.271692638194849900e-02
2.315217758780760068e-02
2.315217758780760068e-02
2.292302687273859926e-02
2.424023234262469989e-02
1.982179939920510059e-02
2.082399305306259843e-02
2.154864041395790006e-02
2.201900118724149993e-02
2.092169559804709852e-02
2.713112618114999972e-02
2.314945653378479989e-02
2.148514863782139891e-02
2.780843894822249834e-02
2.211941149167610116e-02
2.336514193890349908e-02
1.940227558166330094e-02
2.110378252351690145e-02
1.936121658953699962e-02
2.415058895559379915e-02
2.542309357678430165e-02
1.842752804513499848e-02
2.054894575599500173e-02
2.365728008216209932e-02
2.355789304722780142e-02
2.572770664898550025e-02
2.380293650649449935e-02
2.479722414491159974e-02
2.313532345880369920e-02
2.250538781083619849e-02
2.283773894588119954e-02
2.805287751833879933e-02
2.432973129457649888e-02
2.266956808035490087e-02
2.304063057593040004e-02
2.350738905901339840e-02
2.273112486225229920e-02
2.070630050904289851e-02
2.599696045244139983e-02
2.089837332667770012e-02
2.272685267965370015e-02
2.292139904141130002e-02
2.443740352215860098e-02
2.389213472955540110e-02
2.541210320514549967e-02
2.421797794204269896e-02
2.370028319172420156e-02
2.853921990859300054e-02
2.042806454615329892e-02
2.917192145649480026e-02
2.878980772837669982e-02
2.203622487993999943e-02
2.341830722425920080e-02
2.345829121043020021e-02
2.842177707355309987e-02
2.254091454967070002e-02
2.748773035510599858e-02
2.902798007390190033e-02
2.949057323468439948e-02
2.698209371063529927e-02
2.607943715384499969e-02
2.727991281079419905e-02
2.644809101501049975e-02
3.158455550852169724e-02
2.918800178230970127e-02
2.798551909484570110e-02
2.592967570485410142e-02
2.683390968813259905e-02
3.251510839113609663e-02
3.371708213102900253e-02
2.714768026942139881e-02
3.069230187503079951e-02
3.102621108122999988e-02
2.811304501434479935e-02
3.909777003633080339e-02
3.807475007904920217e-02
3.800742868060080076e-02
4.008185521248539690e-02
3.419909329770139811e-02
3.655551898140640271e-02
4.472339400350520272e-02
3.566830659370359702e-02
3.934109857031489743e-02
3.495744931553410040e-02
4.107083668335689830e-02
3.975083336110740023e-02
3.932275388181299958e-02
3.268320689017430170e-02
3.991550430579930003e-02
4.029537069835729957e-02
4.721076972595039667e-02
4.918893114823930102e-02
6.139747640318959920e-02
5.569506950403949747e-02
4.880465360173959904e-02
5.429459256144190255e-02
6.196404926858339879e-02
4.665818667581789897e-02
4.823891982523689781e-02
8.923860831859320442e-02
4.438367015241449776e-02
6.925305302920309325e-02
5.901063359211779907e-02
5.761008605028279661e-02
7.165236596612879760e-02
4.977887472510630212e-02
6.516029574080720033e-02
6.725033969275330537e-02
6.290409275938389777e-02
8.304493921385920630e-02
7.368348138463490238e-02
5.266348337011229896e-02
5.854894339511960283e-02
6.862538574364410171e-02
7.932900131900380569e-02
8.290158324351169783e-02
7.448619504706359418e-02
5.848026047237279978e-02
6.923358576912129470e-02
6.594019346660340286e-02
8.102935299497940336e-02
8.270311157172330341e-02
8.890667971843579931e-02
5.631740754106639990e-02
6.642981214553740632e-02
7.035469553483550409e-02
7.484093091568549960e-02
7.712666072501850323e-02
5.753590147565790236e-02
8.274180723886839783e-02
8.312909346479820105e-02
7.634467152459190054e-02
7.758758031183289605e-02
5.466385256666590059e-02
5.983562873567709745e-02
6.618695456376999520e-02
7.685163760796480392e-02
7.236853091263140136e-02
5.558680065835570200e-02
5.975280898426819920e-02
8.642746422302949316e-02
7.929835666874829325e-02
6.893261820981290422e-02
5.502153370499660023e-02
7.674970878415079967e-02
8.811382310195560452e-02
6.087658652654970304e-02
8.229207893290399478e-02
5.427766684419180199e-02
5.910120647598059856e-02
5.068452768247500018e-02
8.433188136459200679e-02
4.920831505902890229e-02
6.273865043152179743e-02
5.918947770342009723e-02
5.755834440187639761e-02
6.784152217035950561e-02
5.511521555143639867e-02
6.728318169702339480e-02
5.432818019695259681e-02
6.344077739688000483e-02
6.864157752017689684e-02
5.793557364524740128e-02
5.148632171330810164e-02
5.878852329295829876e-02
5.371978086896209842e-02
5.492988551441400219e-02
5.004587945563999940e-02
6.413973271003510501e-02
4.952406053558010279e-02
4.406969297741469838e-02
5.790307111980379923e-02
4.385075744070759951e-02
6.675718030864520591e-02
4.508460964697000306e-02
5.278019502862570100e-02
5.305604045626480247e-02
5.663637123888060065e-02
6.589463574748999353e-02
3.640215848301740081e-02
4.472609058139630223e-02
6.582164286157170252e-02
5.221355639974410018e-02
4.554046501512999667e-02
5.446719584695580013e-02
3.875936266061089791e-02
4.161651493755170322e-02
4.689730845309769691e-02
3.546584582050649886e-02
3.476707063367739936e-02
4.311255561082830146e-02
3.618883180367130081e-02
3.263202737232739903e-02
4.499314045425430175e-02
5.339777830512110190e-02
3.132919950286489758e-02
2.952299178579680106e-02
3.736659089762250224e-02
3.160336478019840079e-02
3.548014752075979994e-02
3.871345291629980229e-02
3.973555248902539694e-02
2.872199888252219974e-02
3.204760127437009803e-02
2.917660936571059987e-02
2.759800542951200072e-02
2.334548527195240072e-02
2.351834728959429840e-02
2.829774709836530011e-02
2.647309999163049987e-02
2.226210755231080099e-02
2.254117452697399979e-02
2.308979190522830044e-02
2.589731805064469927e-02
2.245626095214230122e-02
2.074580320930380015e-02
2.173379575348070164e-02
2.363335478744719997e-02
2.233895799748199934e-02
2.635218751186090003e-02
1.897272278313200111e-02
1.889767488231739942e-02
2.028271362395669963e-02
2.285950476797509942e-02
1.792843698677330094e-02
2.293599314828589919e-02
2.147808475813969831e-02
1.978750363019449870e-02
2.020592431037060085e-02
2.031841297124300019e-02
2.268864735479009936e-02
1.845113623710030112e-02
2.132381377771780037e-02
1.817091242599769979e-02
2.031577583201230053e-02
2.022762184159099946e-02
2.007108433340450138e-02
2.062281251472470114e-02
2.415635889909439893e-02
2.112858744527049831e-02
2.376668367204489915e-02
1.858026437088619934e-02
1.872309750126959979e-02
1.952795290308809856e-02
2.026373231638720074e-02
2.077027266326110164e-02
2.060264984252150114e-02
2.042919839045910166e-02
2.099460136647909869e-02
2.131554431761909993e-02
1.868377301775999907e-02
2.260117168477570118e-02
1.872880069879380091e-02
1.869708703000939887e-02
2.024560045728869898e-02
1.971623357139390062e-02
1.972060970841900060e-02
2.168785311714980027e-02
2.160823285541869920e-02
1.944498136726659915e-02
2.068197264721850087e-02
1.944451454610459859e-02
2.023434175753250144e-02
1.996295441810330001e-02
1.990036655628319925e-02
1.864108893197100048e-02
2.161154237053619989e-02
nan
nan
