6.880515747371939161e-01
6.888474308749896746e-01
6.885862971128647869e-01
6.886482086155554239e-01
6.888991603252407891e-01
6.890237952157701740e-01
6.895342516337078509e-01
6.886121915625406098e-01
6.891789369239235130e-01
6.890014806863635766e-01
6.889636797996284701e-01
6.892474112552975374e-01
6.892704839427378216e-01
6.891589642411664052e-01
6.892470435009295793e-01
6.890667000022492328e-01
6.891987065162604731e-01
6.893418244808648954e-01
6.892448996147035878e-01
6.892077935681429901e-01
6.896579948119611059e-01
6.891434762041347417e-01
6.887035101232474865e-01
6.885398691549529104e-01
6.884844498884062913e-01
6.886229500995351138e-01
6.879396434683434647e-01
6.872238111349715517e-01
6.860385632419695456e-01
6.844867874971753974e-01
6.841040902411695823e-01
6.806599143668821128e-01
6.792072126671666599e-01
6.777554735008126663e-01
6.760784718053584053e-01
6.741620075936370915e-01
6.733363875420336209e-01
6.717814424836754394e-01
6.700859690325993157e-01
6.682127604744758642e-01
6.665959455109785603e-01
6.634792688122209681e-01
6.621711555084995871e-01
6.605801915768423349e-01
6.582276907400856913e-01
6.561303297781878596e-01
6.532175719286836824e-01
6.510223289926272416e-01
6.487748123272064626e-01
6.458205180023941505e-01
6.447862313333991846e-01
6.423410293798290649e-01
6.395736992165729218e-01
6.363338157891580416e-01
6.341747770858936484e-01
6.313169713876186639e-01
6.289914868072871146e-01
6.270089669680710687e-01
6.237434979896973042e-01
6.220819477146336540e-01
6.202676898239027903e-01
6.158547166710559573e-01
6.128657271776516424e-01
6.117244327578098551e-01
6.079921296999217795e-01
6.057880241331060622e-01
6.014354364874693326e-01
5.979381070114631047e-01
5.953725561900877761e-01
5.916966785239514692e-01
5.877837350762380453e-01
5.815903926626616594e-01
5.833366899643021020e-01
5.780933808247705752e-01
5.756817847073274486e-01
5.718974367913399748e-01
5.688268360718590211e-01
5.666990236774301914e-01
5.627504082992748069e-01
5.592619014311009940e-01
5.561590475200463013e-01
5.534338719215928792e-01
5.501627456858860787e-01
5.470777131792535775e-01
5.449351199452259209e-01
5.415733676503596827e-01
5.364875558003145972e-01
5.339893989297082033e-01
5.303968883550904678e-01
5.209768659515151557e-01
5.238651397641176377e-01
5.182291136615316818e-01
5.179583332635925297e-01
5.129103271664638974e-01
5.099191174267410087e-01
5.074444091105405619e-01
5.032518009797410929e-01
5.002963011571370799e-01
4.983263325231753749e-01
4.934474215857390655e-01
4.909173078974648496e-01
4.876195265638932352e-01
4.848720872782195657e-01
4.829339662736155669e-01
4.788113124675273391e-01
4.765348137415060803e-01
4.728547089653594715e-01
4.699948038610218815e-01
4.673982936315428938e-01
4.649035233457878835e-01
4.575204824200803100e-01
4.590255982556654679e-01
4.559208263046429233e-01
4.535125480176089852e-01
4.503878492052347249e-01
4.476972919955999886e-01
4.423084532036566374e-01
4.426341532330742568e-01
4.407455175089957100e-01
4.370030584862683587e-01
4.365797138299603586e-01
4.326518395344606804e-01
4.301604537914935356e-01
4.270959534848846051e-01
4.265730407340322383e-01
4.247393868695139574e-01
4.218340980324025713e-01
4.187647244894888710e-01
4.169481620961983936e-01
4.150170498103492034e-01
4.130107461043660555e-01
4.113262121921369974e-01
4.087302612089757647e-01
4.069493398741946821e-01
4.049792530856344830e-01
4.039442589795594341e-01
4.019573863619224641e-01
4.006404777315867305e-01
3.988928730984281357e-01
3.976311621974520372e-01
3.954618435469916538e-01
3.940236373333887432e-01
3.927797359791501686e-01
3.916404278213269641e-01
3.899484570425817420e-01
3.894504888529278785e-01
3.887541296621290221e-01
3.868542274094916023e-01
3.853081277488362710e-01
3.860254595780153730e-01
3.836959550852931389e-01
3.785169877898451607e-01
3.795617018247984253e-01
3.787275277140656482e-01
3.799639379426147379e-01
3.764486698389939989e-01
3.787181546909598184e-01
3.779833003416639414e-01
3.772447368816672642e-01
3.763393895791031785e-01
3.756766275131572241e-01
3.759257107921344376e-01
3.747402184369191258e-01
3.743470634434863942e-01
3.744367922719025743e-01
3.744735588373840907e-01
3.740368651443988224e-01
3.742423469264338776e-01
3.699980052770798222e-01
3.738509465802311027e-01
3.721113277347647963e-01
3.738062453614254266e-01
3.735560002922385103e-01
3.734841003838751394e-01
3.736752086683456375e-01
3.738486809355169305e-01
3.713448470405678603e-01
3.751026440093628844e-01
3.739671917885268315e-01
3.747144080227554075e-01
3.748485739124021165e-01
3.752222216658663290e-01
3.758549761825064617e-01
3.743567022630759356e-01
3.771172303994856367e-01
3.783956326975485007e-01
3.788189875603871215e-01
3.759069313717817717e-01
3.799197910958299063e-01
3.792041088448704911e-01
3.814880635660893859e-01
3.825474424285724151e-01
3.807254039790423650e-01
3.841736038742503689e-01
3.854408263052062633e-01
3.865600753254185840e-01
3.872046034437220952e-01
3.868450939573242486e-01
3.899478846198641269e-01
3.911344246565917615e-01
3.920878287316980071e-01
3.941157438634582677e-01
3.927876386357740390e-01
3.965665403885993423e-01
3.958758233955111394e-01
3.987863870654190790e-01
4.001041079756335606e-01
4.017305226665322526e-01
4.028671858356840385e-01
4.041403019594445589e-01
4.058239031348559456e-01
4.069156728858130401e-01
4.086040519168409046e-01
4.085829228056440665e-01
4.091530698506097852e-01
4.127858660674798008e-01
4.121307622228996825e-01
4.136523989268577894e-01
4.171948070307565648e-01
4.198606417727653306e-01
4.205265037965777442e-01
4.227093895119587996e-01
4.239904644332271877e-01
4.258980488020234212e-01
4.274547112101646507e-01
4.288436209082681083e-01
4.283717877244392902e-01
4.318172559906351404e-01
4.335240338393243631e-01
4.353528761876238051e-01
4.371510794579815395e-01
4.386066192936506902e-01
4.404405917907042167e-01
4.423624835893704699e-01
4.433687012006289341e-01
4.426637916603982648e-01
4.443290914104990330e-01
4.485318556632535980e-01
4.469601434683411201e-01
4.510888714568516145e-01
4.531068510279570583e-01
4.544669662592213943e-01
4.560234838180191597e-01
4.584738620612596738e-01
4.567110240361744178e-01
4.612799944016269249e-01
4.626132310171575668e-01
4.647497550014168533e-01
4.654567582634797640e-01
4.675477509788772412e-01
4.696157463184519321e-01
4.705887418542192835e-01
4.727301404853729294e-01
4.707564568467473842e-01
4.752732533919302171e-01
4.772226688808752781e-01
4.779399099068435963e-01
4.800270315773335073e-01
4.821669968821455377e-01
4.818413520814049944e-01
4.833007568534061216e-01
4.853266188871130371e-01
4.868910838504346139e-01
4.873529727463889460e-01
4.882485849904061315e-01
4.900126894530287269e-01
4.915283925639086782e-01
4.928423701122722211e-01
4.948429192431562096e-01
4.960107381584896169e-01
4.969022620471746921e-01
4.974752191133984813e-01
4.989933133547100885e-01
4.999652736712401069e-01
5.013017983485473783e-01
5.032089163864570391e-01
5.032797447755882336e-01
5.058844437153996454e-01
5.064144902957894434e-01
5.059255466819441160e-01
5.070083868990866716e-01
5.081036148232848104e-01
5.098020456314138471e-01
5.104175154389613001e-01
5.112371210241817288e-01
5.131679393472360351e-01
5.135031827986173969e-01
5.148726705505706214e-01
5.153367717874253184e-01
5.169881549288510847e-01
5.173456321327766227e-01
5.177902249321462147e-01
5.190442773653792807e-01
5.204945436703009021e-01
5.196816373506953912e-01
5.213088741044994423e-01
5.214222073432565052e-01
5.211497960308271171e-01
5.221274690807745644e-01
5.230831984866544104e-01
5.213507239587564790e-01
5.239563274927385716e-01
5.227221007244807760e-01
5.247155874307121159e-01
5.256372449114654621e-01
5.261993269985150157e-01
5.361136627703592117e-01
4.388545423126695155e-01
4.630880670222953244e-01
5.283249461586729812e-01
5.285272749426334071e-01
4.418363556710748208e-01
4.423554884849355551e-01
5.430726495348530136e-01
4.523178873776347308e-01
5.137884589996205564e-01
4.408374536919238973e-01
5.301828735025849726e-01
5.305362681597768360e-01
5.418390551426552904e-01
5.294167539047189841e-01
5.295557916198950776e-01
4.589695504327420683e-01
5.275835788687973649e-01
5.274771839042339261e-01
4.870922647077246537e-01
5.274631132409647316e-01
4.974540779630712284e-01
5.269469418739708422e-01
5.266643752230983910e-01
5.258414961040144275e-01
5.254375633762876641e-01
5.242078027987153721e-01
5.244839852756609799e-01
5.241739119264118285e-01
5.232419528953770049e-01
5.225292904526839255e-01
5.224000968561517411e-01
5.215448061649925471e-01
5.212493251249296078e-01
5.203696822208135897e-01
5.198255095825840000e-01
5.183679790994375480e-01
5.174975544413489281e-01
5.173449607317681664e-01
5.163662754668834065e-01
5.123586700359795687e-01
5.146868942068674180e-01
5.135789988348075097e-01
5.127260637460775428e-01
5.107411770985668120e-01
5.086276604826884817e-01
5.077590750396828723e-01
5.079045221285203304e-01
5.052859522849235674e-01
5.065527937626090882e-01
5.028613051763710651e-01
5.023621187127977894e-01
5.009312767231648422e-01
4.985659105379888212e-01
4.975469509804394397e-01
4.965904010415235770e-01
4.947335748049286885e-01
4.942652271559564991e-01
4.922412889479573783e-01
4.919214086584814960e-01
4.894309090456750444e-01
4.877719042621598833e-01
4.871862125958432155e-01
4.853213993591793951e-01
4.837038094897518348e-01
4.821068363705525162e-01
4.811025292141367649e-01
4.753512871198614653e-01
4.773816645869545239e-01
4.763705403887462109e-01
4.750657861710193552e-01
4.713106962651663068e-01
4.727354292985417872e-01
4.709911354568668274e-01
4.694946404136094431e-01
4.675723116147574299e-01
4.666130740462841042e-01
4.653888422493256960e-01
4.646816631605280579e-01
4.629435190196095617e-01
4.598138539729769714e-01
4.602963334324580158e-01
4.591322046016911851e-01
4.569686883647965936e-01
4.565867562722546458e-01
4.522729251176978993e-01
4.538346363331392519e-01
4.519147348290912247e-01
4.506059765217571567e-01
4.497639412376218671e-01
4.490250718405732200e-01
4.480927744349251229e-01
4.456585934923890102e-01
4.450066557746822360e-01
4.447926331048519533e-01
4.438191666151674042e-01
4.422560912765538532e-01
4.412640006366024825e-01
4.372352989510968069e-01
4.399543669340616470e-01
4.383840788805457023e-01
4.376010347083634788e-01
4.363658058553337993e-01
4.356214434336090902e-01
4.348200856796708424e-01
4.335635919374122849e-01
4.322977108873419794e-01
4.288978089219462886e-01
4.311224337543601015e-01
4.302041168111739311e-01
4.288903004592896084e-01
4.285505097657705265e-01
4.273058831246844269e-01
4.267552798134553460e-01
4.268397109124127398e-01
4.257309543650645844e-01
4.254497062784013961e-01
4.240597140561062628e-01
4.237582379666484100e-01
4.231862691138138510e-01
4.233456602038648819e-01
4.227606823839971661e-01
4.224408314622465355e-01
4.221397400671402234e-01
4.224277470160971437e-01
4.204889058866955742e-01
4.204117584801922991e-01
4.179946843013852553e-01
4.177292780371360537e-01
4.172322357409449234e-01
4.189801293933572146e-01
4.190963016059801594e-01
4.190574144863046246e-01
4.193772894968548215e-01
4.191224208974336785e-01
4.187242010935391945e-01
4.195761614619463176e-01
4.169812451096009398e-01
4.194491578353445882e-01
4.172600578239242797e-01
4.194666234830658480e-01
4.190744328984262745e-01
4.198854021866472164e-01
4.199023322866446417e-01
4.200065290600968337e-01
4.207982406219291649e-01
4.209682470524528930e-01
4.202118595302255510e-01
4.215227474393657969e-01
4.217724003082617967e-01
4.227203454796503723e-01
4.232380627552647656e-01
4.230070243948123032e-01
4.236062449434546129e-01
4.238115444488662620e-01
4.241841741107786334e-01
4.251241045839753152e-01
4.259015058363314621e-01
4.258489958324963021e-01
4.266390453729686505e-01
4.275484560977744763e-01
4.284745081725652160e-01
4.293444442155066043e-01
4.299800946901963794e-01
4.303402031414706452e-01
4.308731773108645524e-01
4.324205509594259977e-01
4.327628229893547007e-01
4.336059796470026484e-01
4.345212794912171050e-01
4.356060365182878868e-01
4.366651937387544535e-01
4.372846564653708468e-01
4.377620235006128291e-01
4.390740036579365291e-01
4.400737686541462690e-01
4.409433074215944881e-01
4.416320650623983268e-01
4.425606382801048344e-01
4.439500540109934668e-01
4.453552257586603225e-01
4.457697147224299883e-01
4.464676824494715479e-01
4.476142381862019404e-01
4.487514458354953661e-01
4.494769670838433817e-01
4.507839743298797663e-01
4.527808044640809770e-01
4.527029716130410164e-01
4.540587698879811063e-01
4.551936274803770610e-01
4.560596437982486484e-01
4.571927854013336234e-01
4.584130710508347861e-01
4.591994572847843958e-01
4.602610449704361839e-01
4.621177314877975562e-01
4.634538287988403393e-01
4.645073467331260475e-01
4.654282878750513053e-01
4.667826859714060972e-01
4.683439267637962700e-01
4.690006029834322132e-01
4.701403664119125914e-01
4.713114010324612191e-01
4.723379760099679081e-01
4.737467995426581369e-01
4.751029381662362772e-01
4.756812804534743533e-01
4.773780299496455659e-01
4.783912373813554719e-01
4.803090803537459763e-01
4.802153822775284686e-01
4.821111311041512693e-01
4.826371542558235417e-01
4.836039603505563056e-01
4.826434863659215257e-01
4.856297111503306008e-01
4.860923511845258171e-01
4.876774254633976513e-01
4.886841704876808690e-01
4.894619627752929691e-01
4.908275682565746423e-01
4.915576132156344591e-01
4.925879476016265524e-01
4.925985596703320590e-01
4.958701774807851570e-01
4.936671720007492770e-01
4.942132367537536708e-01
4.954516558954880079e-01
4.985741247970444379e-01
3.219244965628004218e-01
4.249632420248061204e-01
4.427661758922274982e-01
4.177775667300812068e-01
5.034762893087173508e-01
5.028206695726387121e-01
5.033446064988947866e-01
5.046136838250879775e-01
5.026732929664662342e-01
5.026396690223630115e-01
5.030882388970056018e-01
5.032350495963875403e-01
5.030938368144997064e-01
5.028678683392118209e-01
5.042835503384834883e-01
5.048146508298180235e-01
5.057041937479976879e-01
5.067030190935665201e-01
5.074091475559204811e-01
5.080315034791914597e-01
5.089049331819138766e-01
5.097997626824697370e-01
5.104113845693634133e-01
5.111519555194312669e-01
5.117631859558410268e-01
5.122737639039665059e-01
5.128757768614129464e-01
5.133148711884896187e-01
5.137354549654831182e-01
5.140561894063258030e-01
5.142225649717743208e-01
5.142180094606795260e-01
5.146025614997575826e-01
5.145587710525174607e-01
5.149277339420638144e-01
5.148964247167386876e-01
5.149878854946255968e-01
5.150181369264578146e-01
5.149294046667665103e-01
5.152661654555595883e-01
5.150791768067572995e-01
5.151150725171943501e-01
5.150313846687454289e-01
5.153057327522424513e-01
5.153741082478398017e-01
5.153046430826253577e-01
5.152965987547596383e-01
5.151416457144670780e-01
5.151431849060841284e-01
5.151936048651687416e-01
5.153070156726805573e-01
5.152404407317798807e-01
5.152496936659641813e-01
5.153911647611054692e-01
5.153615914706174417e-01
5.154216244408824643e-01
5.152025407824577519e-01
5.151179594986479149e-01
5.152785920491744776e-01
5.150497058756740021e-01
5.153076032384726890e-01
5.150362778083414916e-01
5.149743062532514681e-01
5.151482119615703459e-01
5.151270837259402935e-01
5.152926855530587380e-01
5.153306942801314516e-01
5.154188534186994186e-01
5.153025782596796223e-01
5.145633123197715930e-01
5.146650800981563689e-01
5.149231217642378233e-01
5.151322258855621783e-01
5.149919611502581374e-01
5.149329755220275473e-01
5.150651562847952114e-01
5.149444936828675434e-01
5.151420988720071259e-01
5.150710239005720226e-01
5.150159859017955366e-01
5.151458174522951516e-01
5.148493796623049290e-01
5.149947516611882437e-01
5.145944394024257740e-01
5.148681423821532821e-01
5.143137458011877161e-01
5.143565359102580947e-01
5.146756965337138112e-01
5.143370550587598178e-01
5.135752714022914223e-01
5.135523130059332919e-01
5.137329313986298551e-01
5.130143376468975225e-01
5.132952027066898237e-01
5.122215350464643935e-01
5.119162647058054239e-01
5.113593126378114251e-01
5.111258603012645008e-01
5.106242993618526071e-01
5.101455452806089585e-01
5.098223437271028891e-01
5.094359301402116014e-01
5.080582175655773414e-01
5.078488872420471312e-01
5.068384949072783918e-01
5.064653532490673848e-01
5.051664510880941039e-01
5.048604736967875484e-01
5.043093394223584491e-01
5.034161272611121785e-01
5.025148822184121178e-01
5.020494287040903059e-01
5.014221992416038054e-01
5.004861719763311623e-01
4.995103990480571632e-01
4.986104111848863041e-01
4.978599561339954738e-01
4.978242569115461924e-01
4.967055416913548904e-01
4.955864028759516815e-01
4.951311485580056071e-01
4.935756303434982173e-01
4.937416713311377769e-01
4.922187304394388674e-01
4.908910384300383400e-01
4.905305774399154051e-01
4.901980030149358791e-01
4.892360917519953389e-01
4.887981755397886041e-01
4.873787806580512916e-01
4.864555861987993612e-01
4.857037429452700228e-01
4.845178486149340769e-01
4.838891383309257277e-01
4.824145280988173523e-01
4.817355054782872514e-01
4.817855327023144452e-01
4.800965015970009020e-01
4.793718056447097142e-01
4.796837255810862399e-01
4.779632197888873391e-01
4.771782232191790762e-01
4.757813174304044157e-01
4.751950492318006147e-01
4.746998951025437896e-01
4.737300275129241456e-01
4.731791781484225856e-01
4.721578829420810530e-01
4.720124072652399638e-01
4.704927241369538105e-01
4.701883877667850653e-01
4.688842142701930560e-01
4.683674778597075039e-01
4.677956101930321742e-01
4.665403353534917641e-01
4.657579914326665516e-01
4.652939817272667145e-01
4.647658246342870614e-01
4.644177371023365253e-01
4.639179992127001606e-01
4.633303732465532954e-01
4.620275907049237185e-01
4.612944322149343801e-01
4.604087841634046940e-01
4.600327647369215067e-01
4.594302429934477572e-01
4.590688240164872980e-01
4.582168868255879768e-01
4.572922000534105358e-01
4.572432506991861434e-01
4.565982902585132841e-01
4.566001224942088377e-01
4.557437640634237619e-01
4.547203632265842677e-01
4.550270490554301772e-01
4.543157444533096334e-01
4.541947370694667807e-01
4.534015925267461111e-01
4.531779235928778404e-01
4.523191602203861517e-01
4.525666072363020986e-01
4.518204743068111040e-01
4.482213213178977140e-01
4.509058670945025882e-01
4.507519337421738159e-01
4.507863511780992871e-01
4.505000670295053466e-01
4.498867509214498073e-01
4.496679692420909591e-01
4.496100007432732304e-01
4.484489589855741865e-01
4.484485923407923180e-01
4.483172533728903564e-01
4.488188514614929181e-01
4.453892695987782813e-01
4.475338110257457425e-01
4.470455503612577597e-01
4.470545008575130264e-01
4.466545652431830882e-01
4.466106147757714084e-01
4.462903127015688254e-01
4.468547996486134100e-01
4.459357919180860774e-01
4.459700972148826770e-01
4.455446506091514935e-01
4.457957237730117983e-01
4.461201385309893075e-01
4.454542750739352019e-01
4.454959000766811617e-01
4.452901155070918549e-01
4.444748011712060798e-01
4.448407102458945550e-01
4.447461221432248424e-01
4.443935274870093322e-01
4.444452428898978402e-01
4.441738538475226150e-01
4.437914972602807206e-01
4.439751210281637217e-01
4.442042863937194497e-01
4.433810392495957653e-01
4.433290496664104574e-01
4.433594099651598786e-01
4.433182594678392041e-01
4.433746665983598900e-01
4.425117523331602021e-01
4.427544772166215337e-01
4.430404415718319222e-01
4.432366257474912308e-01
4.423000030980398511e-01
4.421900672826161727e-01
4.421733818385136239e-01
4.422036426106826235e-01
4.422796123643187305e-01
4.418895089823632327e-01
4.416530590072029749e-01
4.390540889913523981e-01
4.416179855631195417e-01
4.410380662689006859e-01
4.409361316905964223e-01
4.408646392760421362e-01
4.411384817083824350e-01
4.411121758219554989e-01
4.402036661703062070e-01
4.404551840478562741e-01
4.399517904178251171e-01
4.404608277119663740e-01
4.397704465932199547e-01
4.403668567294121150e-01
4.398914927983073042e-01
4.394264593722796430e-01
4.391147396955661919e-01
4.393402870060731935e-01
4.391439404041186378e-01
4.367170768228523792e-01
4.388895647006754719e-01
4.386208256019157314e-01
4.386278966690349557e-01
4.386135136796800449e-01
4.363832942982118213e-01
4.386083295912571178e-01
4.385797295298173304e-01
4.380607136783157274e-01
4.382986340701507388e-01
4.379643639161380220e-01
4.375096207477523480e-01
4.376420622691303830e-01
4.376545856581556815e-01
4.379235715025122655e-01
4.373143920717146860e-01
4.380748122093128250e-01
4.370675830948755336e-01
4.373076530873793444e-01
4.377712462153526829e-01
4.373143920717146860e-01
4.371475610876631723e-01
4.378728123467817701e-01
4.371895732671367552e-01
4.351622141152853285e-01
4.370472263704530125e-01
4.371635320973984995e-01
4.361315106600483493e-01
4.377264221893114593e-01
4.385295505599323684e-01
4.379034979782865378e-01
4.375392847503862259e-01
4.384227226132248467e-01
4.386915506842103407e-01
4.383930381393840170e-01
4.382376947645416632e-01
4.389116610055043277e-01
4.392543279548249968e-01
4.390885648379663220e-01
4.392018918054517163e-01
4.389536774233375183e-01
4.397936861707584799e-01
4.399034743081729482e-01
4.407284128159829062e-01
4.399392845493574344e-01
4.409070517064867523e-01
4.408151097461767143e-01
4.407368876132050639e-01
4.410695735124804950e-01
4.416648725223492611e-01
4.417559866055041362e-01
4.419444659840658929e-01
4.426967062244541729e-01
4.425009466410519399e-01
4.415756964243560123e-01
4.432140684531020169e-01
4.437751854425295295e-01
4.438400346621267922e-01
4.442112606670072794e-01
4.446006345346619759e-01
4.444925959335555010e-01
4.456256178134274104e-01
4.459717975227650011e-01
4.461266617761510678e-01
4.463226086902443157e-01
4.468029114770967758e-01
4.474337454776745049e-01
4.477130547110227954e-01
4.480824082780724416e-01
4.486401385668914443e-01
4.492407829441863454e-01
4.492887258736940059e-01
4.501450584714002945e-01
4.504264586362268785e-01
4.507706947853470369e-01
4.510472487733646063e-01
4.523657111064568470e-01
4.525330633896346155e-01
4.531193019686514112e-01
4.532858837420286613e-01
4.542784157173050397e-01
4.551769598798809380e-01
4.554559587220062267e-01
4.560059284169701299e-01
4.567205842320896658e-01
4.576884181344464952e-01
4.582210289090384303e-01
4.584400936208121724e-01
4.587772316011725082e-01
4.594949200253775623e-01
4.608069258616719899e-01
4.606580295349628762e-01
4.613962582334221185e-01
4.621209257042012131e-01
4.627802439030863635e-01
4.636276618764672564e-01
4.636042543513012593e-01
4.640467418824875678e-01
4.644298208982691190e-01
4.659375212266431143e-01
4.664625311229971816e-01
4.672984198777046516e-01
4.676180829720432142e-01
4.686133741652629969e-01
4.667521899276026454e-01
4.700875462158080609e-01
4.704199261743539084e-01
4.709574615571595624e-01
4.718834706581819249e-01
4.726664770620428446e-01
4.720147731332878793e-01
4.729685879103735502e-01
4.735252516083756635e-01
4.736943945730350269e-01
4.735643434162976617e-01
4.740677293912983759e-01
4.749086097082398927e-01
4.753640272360467600e-01
4.234874235457551372e-01
4.865631053224197533e-01
4.728337256844191705e-01
3.751608646129159785e-01
4.769198232727426823e-01
4.766604835769723825e-01
4.819396343076901568e-01
4.806927231536998191e-01
4.761762304774482812e-01
4.839497212240322366e-01
4.841097225372989477e-01
4.846645433175815199e-01
4.840075959654673299e-01
4.852583440885394617e-01
4.852736365013923248e-01
4.849559337929605918e-01
4.860450183030092242e-01
4.865320517416037438e-01
4.863745140947673407e-01
4.866328740216959714e-01
4.849979698527911443e-01
4.862791543355789448e-01
4.872917908580610691e-01
4.883313549930110020e-01
4.893625181109971245e-01
4.906410483175053794e-01
4.915257584593573648e-01
4.924806087565705148e-01
4.931877708529618931e-01
4.938662759569624749e-01
4.945601517933435054e-01
4.949154388413784522e-01
4.950455094643774756e-01
4.954605725242833270e-01
4.955921293548308237e-01
4.958874112103129339e-01
4.960651782215829142e-01
4.963298440681515045e-01
4.964672113268706610e-01
4.964031839685192349e-01
4.968842571083234572e-01
4.968597025647982779e-01
4.968263199314589262e-01
4.971764855049318199e-01
4.971931326941701479e-01
4.970600742337357714e-01
4.971266730083374608e-01
4.970437530810948301e-01
4.973592725130893122e-01
4.974692598462343573e-01
4.977757397229091718e-01
4.977308765408999247e-01
4.976934517801123170e-01
4.976477362478414768e-01
4.976185216348060769e-01
4.976185216348060769e-01
4.975555065730014048e-01
4.975449787455223372e-01
4.976040628453874959e-01
4.976040628453874959e-01
4.976439582312704446e-01
4.977474160165285544e-01
4.976707161655679612e-01
4.976510045461731147e-01
4.975967505172623206e-01
4.976553235946872822e-01
4.977026741204716997e-01
4.977314481241265076e-01
4.977926576537640146e-01
4.978601026962961029e-01
4.978154772270612649e-01
4.978186211818999007e-01
4.978458529650819364e-01
4.977825022479546169e-01
4.978133555327929893e-01
4.978725510113662933e-01
4.979888075079148546e-01
4.979017207219110785e-01
4.978633678539170493e-01
4.978604737595577201e-01
4.978231475338287249e-01
4.977591300480107561e-01
4.977690141824115400e-01
4.979305429100034375e-01
4.976653429685334307e-01
4.979339516497979790e-01
4.977437750961634100e-01
4.976316735567026250e-01
4.978181374261734238e-01
4.977671434495611891e-01
4.978176845004665951e-01
4.976764429195330575e-01
4.975960609639801802e-01
4.977953325839907239e-01
4.979453843054218454e-01
4.978848295944267588e-01
4.976799322111297164e-01
4.977284674236734929e-01
4.978207513260041184e-01
4.980067544302078653e-01
4.981318755567275547e-01
4.974260619346896339e-01
4.975775607145732082e-01
4.974112638330555614e-01
4.975413844876066527e-01
4.978156230971988450e-01
4.976337520604877107e-01
4.977990239131380723e-01
4.977166437983460145e-01
4.976474944985315174e-01
4.976454998373418537e-01
4.977716965742166599e-01
4.974635827721363146e-01
4.975936305110021940e-01
4.976780945827217750e-01
4.973583112997030375e-01
4.972738279158538388e-01
4.973318010983992510e-01
4.970931065399944448e-01
4.971409802250372767e-01
4.972392713806450537e-01
4.969870458512622990e-01
4.966169564410554682e-01
4.960008276933840499e-01
4.962267872607801777e-01
4.963542312794927414e-01
4.955616986813731750e-01
4.954095282848723913e-01
4.947198127419522029e-01
4.946584322669178579e-01
4.943538542540574232e-01
4.936849104490372286e-01
4.935880273245517036e-01
4.931665503631601499e-01
4.930837497841349393e-01
4.923338722732684691e-01
4.920838213618967116e-01
4.921374327304686158e-01
4.915748687696808172e-01
4.913528232343323809e-01
4.910703578680730153e-01
4.902612765051619914e-01
4.896854102578269141e-01
4.892699394515141464e-01
4.891034751647792000e-01
4.887293903406500495e-01
4.876284960870239105e-01
4.874381662720550512e-01
4.869740939814450886e-01
4.867558108068082978e-01
4.862862063865309725e-01
4.850866430447458577e-01
4.849938061784126453e-01
4.842959930666791424e-01
4.840579315636552304e-01
4.841804493512882890e-01
4.829179694821992275e-01
4.825435478558852687e-01
4.819632301240281413e-01
4.823235797468739539e-01
4.817895633291376933e-01
4.808623642038104551e-01
4.800280358295260230e-01
4.800891728123178326e-01
4.796585723441367799e-01
4.787927896314736476e-01
4.782562806971635272e-01
4.780539493078053148e-01
4.780467161144500987e-01
4.769391556676723654e-01
4.768241555573760060e-01
4.763943698616280864e-01
4.757812923977310926e-01
4.757272357347998026e-01
4.753065578390953672e-01
4.748653193100120240e-01
4.743460748056504972e-01
4.737831499891625997e-01
4.738597568715537944e-01
4.736534040201977325e-01
4.726564044383014807e-01
4.723069179099966264e-01
4.724902708877158353e-01
4.724285667834502433e-01
4.714509857858592001e-01
4.712020964661765010e-01
4.708526938130776496e-01
4.702254450235942573e-01
4.704705713086148045e-01
4.699036947349263249e-01
4.693470896976567053e-01
4.691845655077180877e-01
4.690081839146847398e-01
4.690905137647089496e-01
4.685988664867465903e-01
4.685844590785822050e-01
4.680199422799542486e-01
4.676463258506298737e-01
4.680433293965248209e-01
4.678021208649620899e-01
4.671876561982142850e-01
4.672145979091417156e-01
4.665913503683961072e-01
4.665803731099112950e-01
4.664488803807400052e-01
4.666067892718286370e-01
4.665274393306670375e-01
4.662834610636415467e-01
4.662077739519909780e-01
4.660349367144742683e-01
4.659706932076908004e-01
4.654279059874338320e-01
4.652210232617638441e-01
4.657970030337200695e-01
4.654509823721803552e-01
4.657495392671383572e-01
4.657576951714523794e-01
4.652185431368984214e-01
4.649913029048453605e-01
4.653446096693017453e-01
4.650414736124900417e-01
4.651103367150766221e-01
4.648961081471314483e-01
4.648958778087748933e-01
4.649851723636279077e-01
4.644834205371073943e-01
4.650750789418991449e-01
4.645718268124802708e-01
4.650186875041886214e-01
4.646686690167637912e-01
4.649787539754127175e-01
4.646449690145472156e-01
4.648359083813903836e-01
4.646897153238065958e-01
4.643951716669522112e-01
4.641870258525179760e-01
4.644987097692794276e-01
4.645173434521654432e-01
4.641969139107102738e-01
4.644685410702404926e-01
4.643698842062377596e-01
4.642176711380751608e-01
4.642916664488558331e-01
4.641331814617215556e-01
4.641387639993530545e-01
4.640375249259963142e-01
4.636419099834920288e-01
4.641621187038433849e-01
4.636803056175360926e-01
4.635844510222172365e-01
4.637192900202503076e-01
4.634488034289487302e-01
4.639134324211614535e-01
4.635297376566156480e-01
4.634723802447049401e-01
4.633518325507016145e-01
4.632707434761393905e-01
4.632374602957036736e-01
4.634822099950832164e-01
4.624889781792488330e-01
4.628845915511190512e-01
4.625671978433313902e-01
4.628384919796018626e-01
4.624417478414377669e-01
4.620731767140587865e-01
4.623441816920099146e-01
4.622623404081433462e-01
4.622554127057704187e-01
4.619895422854058964e-01
4.618825830986786896e-01
4.620375282433636377e-01
4.615722185348223316e-01
4.617194499909356709e-01
4.615602630683611762e-01
4.615962743955166481e-01
4.613455695877766161e-01
4.611051939790976051e-01
4.612183631468733669e-01
4.612108686702613980e-01
4.613556424778886278e-01
4.609410750759159181e-01
4.610127161216892033e-01
4.608053868925830465e-01
4.606665811770883634e-01
4.607536788607858869e-01
4.607486348166556223e-01
4.603883589749899752e-01
4.601811231025255133e-01
4.603038270828326284e-01
4.604282019281101257e-01
4.606059305598924070e-01
4.602772290092066454e-01
4.600903360346214055e-01
4.604051680220030973e-01
4.602747437230884642e-01
4.607031981664769793e-01
4.601099057820030036e-01
4.603903700274531996e-01
4.603014899468981236e-01
4.603132278058193472e-01
4.605698111756886814e-01
4.604435624727266640e-01
4.604488966418873175e-01
4.607114605510972405e-01
4.612363608854544439e-01
4.605752066729718597e-01
4.608591456592476820e-01
4.608686167561554803e-01
4.610529957701735571e-01
4.619145367003569258e-01
4.611587819207378369e-01
4.611880995369587732e-01
4.620327640053121243e-01
4.620263707486519933e-01
4.620139200634565957e-01
4.620276475907010294e-01
4.618831408212217826e-01
4.626789997557723133e-01
4.626773133265151827e-01
4.639524189679654076e-01
4.630288263752610489e-01
4.632058375483966151e-01
4.637078859666270980e-01
4.641291701972848349e-01
4.640869026808572828e-01
4.639948153845352974e-01
4.644207538482249542e-01
4.635955721586704770e-01
4.629715741955504615e-01
4.645563645565044530e-01
4.655871735900528607e-01
4.653718716565245495e-01
4.656516067296715966e-01
4.659738046714823057e-01
4.663490617123751125e-01
4.662539032900778202e-01
4.667561017873370077e-01
4.658781738947800344e-01
4.650571404324709834e-01
4.669796709305610860e-01
4.668857219840828465e-01
4.670507439257627347e-01
4.674256406957101873e-01
4.672855891945676965e-01
4.679536704602067498e-01
4.656148506979188029e-01
4.681152803671252971e-01
4.684352921130684466e-01
4.680407233699548919e-01
4.659656735582979326e-01
4.689428662961244720e-01
4.683866130163340524e-01
4.686754648962211389e-01
4.672588045725292183e-01
4.688880229108042808e-01
4.682558356155177570e-01
4.688553994157044214e-01
4.689244087768659197e-01
4.690860579985063894e-01
4.687488743475987096e-01
4.690416972487651548e-01
4.695515532837919448e-01
4.700171135492353658e-01
4.692653948827715249e-01
4.700310609883834312e-01
4.693975658283385810e-01
4.697404817520323683e-01
4.696175543695885191e-01
4.694527865646312415e-01
4.697561867878800035e-01
4.692632245352865161e-01
4.697368599401898770e-01
4.696256444047137713e-01
4.687919630750029265e-01
4.691801434076068311e-01
4.693341014443766501e-01
4.696327102684518251e-01
4.692776836569972909e-01
4.691779614946016697e-01
4.697031832290277653e-01
4.693664425635925563e-01
4.694248167670985183e-01
4.703098212287122326e-01
4.691581627410862931e-01
4.691018180474942345e-01
4.698182978033347279e-01
4.699270071636652002e-01
4.698161009476549133e-01
4.692531622990657736e-01
4.700099296523620462e-01
4.694408513149089801e-01
4.694580776979997983e-01
4.696093429065478220e-01
4.694326541483195281e-01
4.697926030010463605e-01
4.695493384153511807e-01
4.694297692456889104e-01
4.690311348347206977e-01
4.690760871730268455e-01
4.694748038542534418e-01
4.692076236452296656e-01
4.692879574441409241e-01
4.686208554073467702e-01
4.686143127525235763e-01
4.682835254031978423e-01
4.686575119590919991e-01
4.682031358223356921e-01
4.684743606303520269e-01
4.675904389020221208e-01
4.679705960364428652e-01
4.679005951580506029e-01
4.679776733400588529e-01
4.678919779482632602e-01
4.661716051391220916e-01
4.658382011916138987e-01
4.677147568974278635e-01
4.679730468966898926e-01
4.673749828972690867e-01
4.675598279540582047e-01
4.675496119391409633e-01
4.669581840132994155e-01
4.669906192154588132e-01
4.674019013430102953e-01
4.670619187131793693e-01
4.672519274269966716e-01
4.666828369645162899e-01
4.663002081436470325e-01
4.665997370594764937e-01
4.665203533534793001e-01
4.668902656596319312e-01
4.668018514366965022e-01
4.660296776917157158e-01
4.664810199810932589e-01
4.662770768418774137e-01
4.664034683725062358e-01
4.665984307754580396e-01
4.663221655019308964e-01
4.662320646664209201e-01
4.661886848615175993e-01
4.663205744635051109e-01
4.664191048714381171e-01
4.669212819211530641e-01
4.662547191534517355e-01
4.665440018074689665e-01
4.673843627504503107e-01
4.668594770250883985e-01
4.676748619831158638e-01
4.669214826284787123e-01
4.676086144121033294e-01
4.673487780079282894e-01
4.672541016016693027e-01
4.672722545549982676e-01
4.677846929346732852e-01
4.679350589080807921e-01
4.681439769629315850e-01
4.678748965245914104e-01
4.684027533253199982e-01
4.681937293076927631e-01
4.683332685738236800e-01
4.686089861521243183e-01
4.691124930203746102e-01
4.687979938877451236e-01
4.692289282244861415e-01
4.694646244262391521e-01
4.691543954870891486e-01
4.694150481860081547e-01
4.693676785286993169e-01
4.692005252857921471e-01
4.699413889683390910e-01
4.699343548733663778e-01
4.696697892259274476e-01
4.696098025729235070e-01
4.699677725134473460e-01
4.698431112943722843e-01
4.698131763728765620e-01
4.697963010916900162e-01
4.700074936369592060e-01
4.698910593941438285e-01
4.698342812416127501e-01
4.698682963782737643e-01
4.698352318855799625e-01
4.701806914743149601e-01
4.697452503965325876e-01
4.697197051307671622e-01
4.697704812124237073e-01
4.699221771410502790e-01
4.698560545848125547e-01
4.704255958565425333e-01
4.706618672984896889e-01
4.712955886297513497e-01
4.715877053308256128e-01
4.722272452806909326e-01
4.729195082558519947e-01
4.738373373269725852e-01
4.746125970056992993e-01
4.751756986558723916e-01
4.758817990297666278e-01
4.764604398814702435e-01
4.771080061421876239e-01
4.780139387342474677e-01
4.784118886142048610e-01
4.789829704115633469e-01
4.793424855775332838e-01
4.796630835256507908e-01
4.798815577433959145e-01
4.803875667120938719e-01
4.805765235822073711e-01
4.811226925010945177e-01
4.812711474336914819e-01
4.816360977182373992e-01
4.820702132141150842e-01
4.824059086984583966e-01
4.826644952843610059e-01
4.832586843207594129e-01
4.834025229501074938e-01
4.836147114170211148e-01
4.837112462897250609e-01
4.839523801437740080e-01
4.840261280194316784e-01
4.842858364655192038e-01
4.845731478781957757e-01
4.846340650700682318e-01
4.845468530348969738e-01
4.847415520454641524e-01
4.848403284448239425e-01
4.849585962538249251e-01
4.848673443566516861e-01
4.849040095770675296e-01
4.848794926096670621e-01
4.850206673447955419e-01
4.848845368531586875e-01
4.849540818449772361e-01
4.849595234976908364e-01
4.850314993170326550e-01
4.850306032819900470e-01
4.851195619287534400e-01
4.852855682824007699e-01
4.851652365920344212e-01
4.851955435814487294e-01
4.850979812625961229e-01
4.851781316883294060e-01
4.851693721199621945e-01
4.852358730304363044e-01
4.852156880771365532e-01
4.850360347951100382e-01
4.851069336404610355e-01
4.849964548787397134e-01
4.850433361921155928e-01
4.852510749842089965e-01
4.851996033384234353e-01
4.852175750566197210e-01
4.853773435165100181e-01
4.850761614137938937e-01
4.852846891224261161e-01
4.852251166309405339e-01
4.852884677930449642e-01
4.852380083283857615e-01
4.853230798142819102e-01
4.852612542960345610e-01
4.854709290694937396e-01
4.852104138537988165e-01
4.850548754913343585e-01
4.849510739398900649e-01
4.850080815775616450e-01
4.850793434195723730e-01
4.851935512490270774e-01
4.852818380768110784e-01
4.852049136433395082e-01
4.850281803333174047e-01
4.849471790798964288e-01
4.851608156904971825e-01
4.847933964309277810e-01
4.846958970991242510e-01
4.850095805903178459e-01
4.849038395508071253e-01
4.848597336098230959e-01
4.849346981239608945e-01
4.849097772581202337e-01
4.847902703251560919e-01
4.848730975384257236e-01
4.844763943689380237e-01
4.845660713186638602e-01
4.845953465746668520e-01
4.848131911886224832e-01
4.844183520062863013e-01
4.839296596111844484e-01
4.841536606019642419e-01
4.835942346456823526e-01
4.835802073367486686e-01
4.834106088485927155e-01
4.831234379821794378e-01
4.833793186363697925e-01
4.820656271552457017e-01
4.822028485863993907e-01
4.817989593802348147e-01
4.817261947824761914e-01
4.813471213544183169e-01
4.803898548517720468e-01
4.805748868380942951e-01
4.803132080495368661e-01
4.800554498470530618e-01
4.792661271075464580e-01
4.789431600739529338e-01
4.791742705453110318e-01
4.784016724316358382e-01
4.777042495651702136e-01
4.769148549504163559e-01
4.767144962120786200e-01
4.761915820659717857e-01
4.758756720015407948e-01
4.749920565917213899e-01
4.751111072175019934e-01
4.747064259182986468e-01
4.741404767522673924e-01
4.735641836705345442e-01
4.730264453331348151e-01
4.728307161189376773e-01
4.728234898932590080e-01
4.721673656605413494e-01
4.722192204164969986e-01
4.714267998407674076e-01
4.709220954949404070e-01
4.705205814964329991e-01
4.702407337323376013e-01
4.701608553483917485e-01
4.698357860430730781e-01
4.684889974789115397e-01
4.686183607089650649e-01
4.686843421364794704e-01
4.685892072374270301e-01
4.682044826938480675e-01
4.684672100717485743e-01
4.677541354217368275e-01
4.673012607345582992e-01
4.672627573332447937e-01
4.668775573186751404e-01
4.668107165585912433e-01
4.673176947312167040e-01
4.664774978049804344e-01
4.668295960315598792e-01
4.666580228588153578e-01
4.664623332787648513e-01
4.662729343278727012e-01
4.662854480857756001e-01
4.661091854145575364e-01
4.660053659205765642e-01
4.661073254011834366e-01
4.659071208027742994e-01
4.658549817479403776e-01
4.663082492541353319e-01
4.654542616622216467e-01
4.655463629834809547e-01
4.658668242948204585e-01
4.657700757670463765e-01
4.658066618385000579e-01
4.658443130444868130e-01
4.663834865583959544e-01
4.662695069504739775e-01
4.665263805637951955e-01
4.662997665225558919e-01
4.664192795563115723e-01
4.661486209025774707e-01
4.668300275105787822e-01
4.664074126812055021e-01
4.668146559267784546e-01
4.667849296440919615e-01
4.671110389202877133e-01
4.670487458518939872e-01
4.676082356431550124e-01
4.672834406755789760e-01
4.673704147056056968e-01
4.672217060722403947e-01
4.679827394471114399e-01
4.677786163547017484e-01
4.686033040831599772e-01
4.678572963189020495e-01
4.679082917471741321e-01
4.686200913313042782e-01
4.688601580176846584e-01
4.684415721054088766e-01
4.690100717225458293e-01
4.693456176676317759e-01
4.689265684435613424e-01
4.691491946898071475e-01
4.694304241818872958e-01
4.692141571900347308e-01
4.697379066299305905e-01
4.699219661566131911e-01
4.698258077381377573e-01
4.700022854856516497e-01
4.700873058277293404e-01
4.702530258402246588e-01
4.702788750116346228e-01
4.705925078914977022e-01
4.703780363477732540e-01
4.702449837313183445e-01
4.708120787498999982e-01
4.703555484753176308e-01
4.705682006217488667e-01
4.705723571822604812e-01
4.708610534612595599e-01
4.710679949046991943e-01
4.712919435245432886e-01
4.710952139801768968e-01
4.712295256996351656e-01
4.707496420744545218e-01
4.707210114316091598e-01
4.714182718767619407e-01
4.710766754911857035e-01
4.712961598313728517e-01
4.709570610105976995e-01
4.710154807758902828e-01
4.709404656057456506e-01
4.711697897065934004e-01
4.714424957356249668e-01
4.709886361040335201e-01
4.713283665033098369e-01
4.710793657687246672e-01
4.711266026071760926e-01
4.709763367793687316e-01
4.712702055510996635e-01
4.712853190686435156e-01
4.710381818357587402e-01
4.711092360964987957e-01
4.711600458297381944e-01
4.712360842507030689e-01
4.711344054520978930e-01
4.710516120080262548e-01
4.711957261799486485e-01
4.710064364220639122e-01
4.712040726070878538e-01
4.709930059137369951e-01
4.709053268541795734e-01
4.710650145654309839e-01
4.709944611909351320e-01
4.709768471479067742e-01
4.710315815349989110e-01
4.714209371819422789e-01
4.708048162792541902e-01
4.710430796131231390e-01
4.708820901584365171e-01
4.710988930027643073e-01
4.710086172084620437e-01
4.710607991782572168e-01
4.711798630433865487e-01
4.713985208995249421e-01
4.712158435292166381e-01
4.712863608078109445e-01
4.712474886816141462e-01
4.710094048617652351e-01
4.706886343133014350e-01
4.713065687585122898e-01
4.714941806675533309e-01
4.711935606315085789e-01
4.714813453282302724e-01
4.709653288706260321e-01
4.711971373120859563e-01
4.710805977591944194e-01
4.714006665305372490e-01
4.714061075807827739e-01
4.713400791414364410e-01
4.712674935164705703e-01
4.710155438487478308e-01
4.712726853185599807e-01
4.709541249438722876e-01
4.713400791414364410e-01
4.712968897446271344e-01
4.713653628652180738e-01
4.710202994799755349e-01
4.712809182571789379e-01
4.713331934016571911e-01
4.714860541038256581e-01
4.713032864728157190e-01
4.715084182991842732e-01
4.710940755371440525e-01
4.710325661846598844e-01
4.712788851961280390e-01
4.715320777967738630e-01
4.709812156718885534e-01
4.712547773126612993e-01
4.711303344765903622e-01
4.709022458610435113e-01
4.711129134673909813e-01
4.710231271227099947e-01
4.707760094503356529e-01
4.707707364545763995e-01
4.705442032502626382e-01
4.705732087280327658e-01
4.703303097843176128e-01
4.705746794538809841e-01
4.704739463871501770e-01
4.705532005083777891e-01
4.702117361075082713e-01
4.700345573754173834e-01
4.700432435128933384e-01
4.700221472846443094e-01
4.700884235314838899e-01
4.695863300820397601e-01
4.693383353760468557e-01
4.695270484360901109e-01
4.694780021721661756e-01
4.693801233822061381e-01
4.689889597084209716e-01
4.691026045477400541e-01
4.688353135895585444e-01
4.689988925363206551e-01
4.686490088806087306e-01
4.685136694600302021e-01
4.683727018483557214e-01
4.683953917521077037e-01
4.686097747481626774e-01
4.684909164813907956e-01
4.685669180734842731e-01
4.679553513631682926e-01
4.682542208417876939e-01
4.683750983776218679e-01
4.678142391959245194e-01
4.682696799224205786e-01
4.680784479131516740e-01
4.681157916006667974e-01
4.681032652206473244e-01
4.680470459520483795e-01
4.681104126813811495e-01
4.681123060133794977e-01
4.674767545755386666e-01
4.677570182245675556e-01
4.678320107156385688e-01
4.678320107156385688e-01
4.672704995104547399e-01
4.671663028703156861e-01
4.673423627564203264e-01
4.675885948757326771e-01
4.672616567080246641e-01
4.672665391350188102e-01
4.675289829526080854e-01
4.673633856697129163e-01
4.668872824807414057e-01
4.673657002163822960e-01
4.669415238582542149e-01
4.672423023918548246e-01
4.673479868668671822e-01
4.676788826860717729e-01
4.674117425285740923e-01
4.676590385361741875e-01
4.672727410912301815e-01
4.674845534265438807e-01
4.675528608090947502e-01
4.676284277000907763e-01
4.672729511055730978e-01
4.675723936471073428e-01
4.674749433118445818e-01
4.674108724736137366e-01
4.675304799382286602e-01
4.674052709605241995e-01
4.675835083182409146e-01
4.677756477374162558e-01
4.675610428219292292e-01
4.678257141758682125e-01
4.677337536759849090e-01
4.678790223407577331e-01
4.677563966096786596e-01
4.681059711231858045e-01
4.681124277911360987e-01
4.681400020017812968e-01
4.681785334413958721e-01
4.679364483905631977e-01
4.679834050457853944e-01
4.682295188099026562e-01
4.678885170370343793e-01
4.685899904457632159e-01
4.681708065887013048e-01
4.683094566686307192e-01
4.685891161729012766e-01
4.686229497966998281e-01
4.684447162314557267e-01
4.684931565302216105e-01
4.686679322241459333e-01
4.686920032236359668e-01
4.687923497536948259e-01
4.688843664286522772e-01
4.690601712192450923e-01
4.686143043025382537e-01
4.692969685361882970e-01
4.688383737148388297e-01
4.692030817260378073e-01
4.690243577451108647e-01
4.691960322889053847e-01
4.691942149106524407e-01
4.693175945554822759e-01
4.695273683884850224e-01
4.694270017448349264e-01
4.696914486719805937e-01
4.695538406411652321e-01
4.695153708926197988e-01
4.696121910790745368e-01
4.697560777038909952e-01
4.697437050003697157e-01
4.697339695755772260e-01
4.695496388728641612e-01
4.695988742443837904e-01
4.698014084236389332e-01
4.697939818990057859e-01
4.696722045476121599e-01
4.700505006466279001e-01
4.699560861965551561e-01
4.699105615976059691e-01
4.698323245801451220e-01
4.696080726268813121e-01
4.700053937748566169e-01
4.698727181649318685e-01
4.702317788245259367e-01
4.701309017824630287e-01
4.700641848522441046e-01
4.700237390314619956e-01
4.701722795872269600e-01
4.702705334491980027e-01
4.699362865598765149e-01
4.698884494021883240e-01
4.700674706787950075e-01
4.700064478979514848e-01
4.699229582014567974e-01
4.699032144861079452e-01
4.698439174862201750e-01
4.700936152556350334e-01
4.699710502751306973e-01
4.701063346024608181e-01
4.700681782033473421e-01
4.700035927998226781e-01
4.701666740307622883e-01
4.702797875761994262e-01
4.702974493581037474e-01
4.704749864365160850e-01
4.707472353075772831e-01
4.706113639269400850e-01
4.707225727480005562e-01
4.708562144687705731e-01
4.713253278031655502e-01
4.711746785604656318e-01
4.716354659112930170e-01
4.717306604062935227e-01
4.718916391983751790e-01
4.721863001387555658e-01
4.723438916777616958e-01
4.727755586487742412e-01
4.729877456303156480e-01
4.729710549116791229e-01
4.733908853604218425e-01
4.735509625451298499e-01
4.740170826081405719e-01
4.742928745206625440e-01
4.745249074075755247e-01
4.747006805319436973e-01
4.751779732301560366e-01
4.754156630095386915e-01
4.757585495521337027e-01
4.760289794520485840e-01
4.762110277592021546e-01
4.763659043095385681e-01
4.766895060948286855e-01
4.766922835016015880e-01
4.770628450992467906e-01
4.772134588353266205e-01
4.773957249878089115e-01
4.777404112943151038e-01
4.779834182572597623e-01
4.780559935600778854e-01
4.781318652778968614e-01
4.785070561759302010e-01
4.786960452253103959e-01
4.786273729034269397e-01
4.787321115370863911e-01
4.791514220578618755e-01
4.790903214679994027e-01
4.790331653343971596e-01
4.791414347713541244e-01
4.791217201883885557e-01
4.793785483393409041e-01
4.793764134684768696e-01
4.795354460145813125e-01
4.794023995888068712e-01
4.794217474106117205e-01
4.794173994108924530e-01
4.794920988642598081e-01
4.794741611128823799e-01
4.795353406518162442e-01
4.794068652656214846e-01
4.796614446486072159e-01
4.796517467651540412e-01
4.795798912424411031e-01
4.797010469930180765e-01
4.796102417302189336e-01
4.795144455365573100e-01
4.796615016303904522e-01
4.795151575113995590e-01
4.795333615850513320e-01
4.797269362771593992e-01
4.794879667707762638e-01
4.796422430379203017e-01
4.796468290965934522e-01
4.795396665876635045e-01
4.796480419566948594e-01
4.796654568197629143e-01
4.797521641103284495e-01
4.795233732765716850e-01
4.797975434701082786e-01
4.796556842876300575e-01
4.798172787849846466e-01
4.794556732460956705e-01
4.795263543130365846e-01
4.797018506937269500e-01
4.795862435244753197e-01
4.794381489328835566e-01
4.793458399623814481e-01
4.794345474458901468e-01
4.793780662232239864e-01
4.795740991983538093e-01
4.795688765112520735e-01
4.797065267145053102e-01
4.796280328395640669e-01
4.795399620158764531e-01
4.794206953417122219e-01
4.792913443708373133e-01
4.793512010941715085e-01
4.793571590031903140e-01
4.793776952988074713e-01
4.795131809932952627e-01
4.794761256036673136e-01
4.792307098772565777e-01
4.790435521295220433e-01
4.791928404178418810e-01
4.791984064839076018e-01
4.790341893894338177e-01
4.789145282525743563e-01
4.787538003791704799e-01
4.786134153336822350e-01
4.791518683587319138e-01
4.786649368904102309e-01
4.782058914900773061e-01
4.782796799513360786e-01
4.781304308818665749e-01
4.779333401779175539e-01
4.776483457802089827e-01
4.770277248025543981e-01
4.769357866443477145e-01
4.763642232120029463e-01
4.766056302409890089e-01
4.763204780026205065e-01
4.759249997904536067e-01
4.754114676902486125e-01
4.755754641810153727e-01
4.744075507860486818e-01
4.743441247398962335e-01
4.742075240661999813e-01
4.739308010127104565e-01
4.730052143774505224e-01
4.730121722358226477e-01
4.725725717417434968e-01
4.719940514529125108e-01
4.719595357891489540e-01
4.719991641719923359e-01
4.709118819368366404e-01
4.710331042145954328e-01
4.705343911312290794e-01
4.699073341728178810e-01
4.701630971337592557e-01
4.696585541707273270e-01
4.697416289358376518e-01
4.689396059132586725e-01
4.686119683267186420e-01
4.686525282681323068e-01
4.682778373220002344e-01
4.679452098110430391e-01
4.677319451713582987e-01
4.674665007694011609e-01
4.672081374115067409e-01
4.672483632065236314e-01
4.673469804144863016e-01
4.667418668038195717e-01
4.671912800070434080e-01
4.669115852679403544e-01
4.670255466086191687e-01
4.667915892035713887e-01
4.662484096261194089e-01
4.663390821513765938e-01
4.663807165855360926e-01
4.660355534327810245e-01
4.663411941890031054e-01
4.659893410027887151e-01
4.660765263295740812e-01
4.655173991666585742e-01
4.659733583899632325e-01
4.660766502175265891e-01
nan
nan
