9.610992022995002344e+02
9.584253014339470838e+02
9.581512318136136628e+02
7.951236421556378673e+02
8.243973251445351025e+02
8.863038704064317699e+02
9.730964799067238573e+02
9.706970661323653076e+02
1.032123728639390265e+03
9.725481319306263686e+02
9.647326599393663855e+02
9.671320737137249353e+02
9.687088611562221558e+02
8.440729355651369588e+02
8.137710218452704112e+02
9.025518363217057640e+02
9.697373006226217740e+02
1.052690848083940182e+03
9.768670767244718718e+02
9.885902847113620737e+02
9.735078974403697885e+02
9.759073112147283382e+02
9.751531501040926742e+02
8.480493455174232622e+02
9.083791033368225953e+02
8.573729309945241539e+02
9.726852711085084593e+02
1.004015624294774511e+03
1.053856217992791471e+03
9.791295600563790913e+02
9.774156334359998937e+02
9.787866077439588253e+02
9.789237469218406886e+02
8.581957660618162436e+02
8.505858984696637890e+02
9.098872168226635040e+02
9.776897030563334283e+02
9.940748081494892858e+02
9.789237469218406886e+02
9.811175562970915962e+02
9.774156334359998937e+02
9.772098203014614910e+02
9.776212378351075358e+02
8.065725717867641151e+02
8.313214968472775581e+02
8.794481639249150930e+02
9.751531501040926742e+02
9.962001523035145283e+02
1.038636691543917095e+03
1.021428960118899681e+03
9.761129156138360941e+02
9.772784942581179166e+02
9.771413550802359396e+02
8.059555498540103144e+02
8.300874529817700704e+02
8.948048295516713324e+02
9.858481273600137911e+02
9.802949299652301534e+02
1.031301102307528708e+03
9.874933800237365631e+02
9.748790804837593669e+02
9.772784942581179166e+02
9.776897030563334283e+02
8.423592176801882943e+02
8.217920982356382638e+02
9.184568499245593785e+02
9.779639814120973824e+02
1.061328946407061721e+03
9.837227832059885486e+02
9.809119518979839540e+02
9.823516001625991976e+02
9.836543179847628835e+02
9.840655267829783952e+02
8.645029158318048985e+02
9.384754126575812734e+02
8.732094793761521032e+02
9.827630176962452424e+02
1.002850045650492802e+03
9.908527680432691795e+02
1.010597052420527234e+03
9.884531455334799830e+02
9.899614677547514248e+02
9.911955116202589124e+02
8.315271012463853140e+02
8.579214877060522895e+02
8.838357826754169082e+02
9.999020751646062308e+02
1.040145013765188423e+03
1.131531055150520615e+03
9.965428958805041475e+02
9.960630131256324375e+02
9.962686175247401934e+02
9.966113611017299263e+02
8.519570815130533674e+02
8.837673174541911294e+02
9.742620585510055662e+02
9.989423096548626972e+02
1.024719674181776099e+03
1.013133605372767875e+03
1.017041341368397866e+03
9.996280055442726962e+02
9.999707491212625428e+02
1.002233023717739115e+03
8.252886254330528573e+02
8.860982660073240140e+02
9.029630451199211620e+02
9.855738490042496096e+02
1.007374803578876708e+03
1.043435727828064955e+03
1.030546941196893158e+03
1.000381957919477941e+03
9.999020751646062308e+02
9.993537271885087421e+02
8.560019566865653360e+02
8.512029204024174760e+02
9.048141109181823367e+02
1.003809811160236222e+03
1.000107888299144406e+03
1.041653127251029446e+03
1.022388725628643101e+03
9.971599178132578345e+02
9.972970569911399252e+02
9.975026613902476811e+02
8.514771987581814301e+02
8.603895754370671511e+02
9.473193241152411019e+02
9.920181379521204690e+02
1.080182139231232441e+03
9.938692037503815300e+02
1.001684675741641740e+03
9.937320645724994392e+02
9.921552771300023323e+02
9.915382551972485317e+02
8.669023296061635619e+02
9.469079065815952845e+02
8.846584090072782374e+02
9.842026659608602586e+02
1.008471708266502105e+03
1.009842891309891570e+03
9.880419367352646987e+02
9.872191016679726090e+02
9.851624314706037921e+02
9.864651492927673644e+02
8.453756533873006447e+02
8.760889846408130097e+02
8.826017388099094205e+02
9.853682446051419674e+02
9.902357461105156062e+02
1.043846936626280240e+03
9.826258785183631517e+02
9.811862302537479081e+02
9.823516001625991976e+02
9.788552817006151372e+02
8.196669628170437818e+02
8.924738809985384478e+02
9.770728898590102744e+02
9.803636039218865790e+02
1.032535146173036310e+03
1.010871122040860541e+03
1.010939795997516967e+03
9.783067249890870016e+02
9.785810033448510694e+02
9.793351644554867335e+02
8.009509091707548123e+02
8.830816215647811305e+02
9.087903121350379934e+02
9.691887439110937521e+02
9.835856440281064579e+02
1.027324901090672938e+03
1.019989311854284438e+03
9.775527726138818707e+02
9.759759851713847638e+02
9.770042159023538488e+02
8.209010066825511558e+02
8.761574498620387885e+02
9.508156425772251623e+02
9.853682446051419674e+02
9.828314829174707938e+02
1.023965513071140208e+03
9.776897030563334283e+02
9.765243331474821389e+02
9.745361281713389872e+02
9.763871939696002755e+02
8.707416003805677747e+02
8.578528137493959775e+02
9.497872031108255442e+02
9.725481319306263686e+02
1.031095497908421066e+03
9.886589586680182720e+02
9.805692083209943348e+02
9.746732673492210779e+02
9.754274284598566283e+02
9.743989889934570101e+02
8.352976980641333284e+02
8.753348235301773457e+02
9.251754172281940782e+02
9.798150472103584434e+02
1.034180398836758968e+03
9.761129156138360941e+02
9.844082703599680144e+02
9.733020843058316132e+02
9.712454141084625689e+02
9.722051796182062162e+02
8.350236284438000212e+02
9.277119701804346050e+02
9.049512500960643138e+02
9.691887439110937521e+02
1.002850045650492802e+03
1.006963594780661197e+03
9.744676629501133220e+02
9.735078974403697885e+02
9.724794579739701703e+02
9.724794579739701703e+02
8.354348372420154192e+02
8.706729264239115764e+02
8.366688811075227932e+02
9.755645676377387190e+02
1.038293947966927362e+03
1.091493929684476825e+03
9.711769488872370175e+02
9.722738535748624145e+02
9.721367143969803237e+02
9.698057658438475528e+02
8.215864938365306216e+02
8.867152879400778147e+02
1.033632050860661593e+03
9.711082749305807056e+02
1.009363008555019860e+03
9.943490865052532399e+02
9.751531501040926742e+02
9.696686266659654621e+02
9.683661175792323093e+02
9.702856485987192627e+02
8.022536269929186119e+02
8.661481684955276705e+02
9.277806441370910306e+02
9.676119564685966452e+02
1.023211351960504658e+03
1.032740750572143952e+03
1.055021796637073066e+03
9.672692128916069123e+02
9.671320737137249353e+02
9.674748172907145545e+02
7.976601951078786215e+02
9.009063749225522315e+02
9.512268513754406740e+02
9.680918392234683552e+02
9.829001568741271058e+02
9.883846803122543179e+02
9.673376781128324637e+02
9.672692128916069123e+02
9.671320737137249353e+02
9.667893301367352024e+02
8.710843439575576213e+02
8.597038795476571522e+02
9.406692220328321810e+02
9.733707582624878114e+02
9.780326553687535807e+02
1.039527991832434964e+03
9.767299375465898947e+02
9.666521909588531116e+02
9.672005389349506004e+02
9.674063520694888894e+02
8.874692403152828319e+02
8.628574544326513660e+02
9.245583952954402776e+02
9.678862348243605993e+02
9.794723036333688242e+02
9.725481319306263686e+02
9.935264601733916834e+02
9.685032567571144000e+02
9.685717219783400651e+02
9.682289784013502185e+02
8.153478092877676318e+02
8.549735172201654905e+02
9.555460049047167104e+02
9.694630222668577062e+02
1.085940732289693187e+03
9.719311099978725679e+02
9.733020843058316132e+02
9.709713444881292617e+02
9.700800441996115069e+02
9.710398097093549268e+02
8.432503092332754022e+02
8.926796941330767368e+02
9.113955390439349458e+02
9.757017068156206960e+02
1.002301697674395314e+03
9.839970615617525027e+02
9.724794579739701703e+02
9.709026705314729497e+02
9.711769488872370175e+02
9.723423187960880796e+02
8.379029249730302809e+02
9.407376872540580734e+02
9.074193378270791754e+02
9.706283921757088820e+02
9.884531455334799830e+02
9.798835124315843359e+02
9.798835124315843359e+02
9.760444503926104289e+02
9.762500547917181848e+02
9.763187287483743830e+02
8.175416186630185393e+02
8.820533908338120455e+02
8.850698265409242822e+02
9.800206516094661993e+02
1.019098011565766797e+03
1.077439773144453738e+03
9.797465819891327783e+02
9.774156334359998937e+02
9.787181425227330465e+02
9.801577907873482900e+02
8.468837668731415533e+02
8.790369551266996950e+02
8.448957706324289347e+02
9.829686220953528846e+02
1.017726828522377332e+03
1.069829905552301398e+03
9.813233694316299989e+02
9.809119518979839540e+02
9.823516001625991976e+02
9.819403913643836859e+02
8.483920890944128814e+02
9.227073294971792166e+02
1.140717710185170290e+03
9.824887393404810609e+02
1.008128964689512372e+03
1.020194916253392307e+03
9.847512226723883941e+02
9.837227832059885486e+02
9.833113656723425038e+02
9.824202741192553958e+02
8.131539999125167242e+02
8.798595814585611379e+02
9.641156380066125848e+02
9.840655267829783952e+02
1.050908247506904672e+03
1.020674799008263903e+03
1.038842295943024965e+03
9.846825487157319685e+02
9.848881531148396107e+02
9.861908709370034103e+02
8.158276920426393417e+02
9.159887621935445168e+02
9.476620676922309485e+02
9.701485094208371720e+02
9.914011160193666683e+02
1.005112528982399908e+03
1.011556817930270540e+03
9.884531455334799830e+02
9.860537317591215469e+02
9.855738490042496096e+02
8.263168561640220560e+02
8.738265013089057902e+02
9.458110018939697738e+02
9.896187241777618055e+02
9.883846803122543179e+02
1.028833014576513733e+03
1.028764549355288182e+03
9.869450320476393017e+02
9.872877756246288072e+02
9.872877756246288072e+02
8.295391050056726954e+02
8.720441094673010411e+02
9.628815941411050972e+02
9.898243285768695614e+02
1.055295866257406487e+03
9.936635993512737741e+02
1.023554304272924924e+03
9.885218194901364086e+02
9.875620539803928750e+02
9.886589586680182720e+02
8.320756579579132222e+02
9.232558862087071248e+02
9.131781396209704553e+02
9.872191016679726090e+02
1.015121810348911026e+03
1.037265508500527631e+03
9.883160063555981196e+02
9.886589586680182720e+02
9.886589586680182720e+02
9.885902847113620737e+02
8.617605497450259691e+02
9.055682720288181144e+02
1.076617146812592182e+03
9.889330282883518066e+02
9.980512181017755893e+02
1.039116574298788919e+03
9.894815849998797148e+02
9.886589586680182720e+02
9.884531455334799830e+02
9.877676583795005172e+02
8.137710218452704112e+02
8.801338598143250920e+02
9.628129201844488989e+02
9.900986069326335155e+02
1.031506706706636351e+03
1.008266103867394349e+03
1.090191420597743672e+03
9.885902847113620737e+02
9.885902847113620737e+02
9.900299329759773173e+02
8.079437548301535799e+02
9.148918575059190061e+02
9.483475548462103006e+02
9.736450366182518792e+02
1.003535741539902801e+03
1.016492784656869958e+03
1.004495507049646221e+03
9.889330282883518066e+02
9.886589586680182720e+02
9.881788671777160289e+02
8.725924574433985299e+02
8.678620951159069818e+02
9.475933937355746366e+02
9.922237423512281111e+02
9.898243285768695614e+02
1.051731082574196762e+03
9.895500502211053799e+02
9.874249148025108980e+02
9.885902847113620737e+02
9.888645630671260278e+02
8.583326965042676875e+02
8.725924574433985299e+02
9.657608906703353568e+02
9.824887393404810609e+02
1.021497425340125460e+03
9.861908709370034103e+02
1.019166476786992348e+03
9.853682446051419674e+02
9.856423142254755021e+02
9.845454095378499915e+02
8.175416186630185393e+02
8.647085202309126544e+02
9.617160154968233883e+02
9.857109881821317003e+02
1.065785030378789315e+03
9.873562408458546997e+02
9.826258785183631517e+02
9.824202741192553958e+02
9.809806258546401523e+02
9.801577907873482900e+02
8.558648175086832453e+02
9.723423187960880796e+02
9.186626630590976674e+02
9.773469594793435817e+02
9.992850532318525438e+02
9.798835124315843359e+02
9.923608815291100882e+02
9.759073112147283382e+02
9.772098203014614910e+02
9.759073112147283382e+02
8.152793440665419666e+02
8.873323098728316154e+02
8.741694536213262836e+02
9.743989889934570101e+02
1.015327414748018668e+03
1.087723332866728697e+03
9.735078974403697885e+02
9.722051796182062162e+02
9.722738535748624145e+02
9.711769488872370175e+02
8.454441186085263098e+02
8.832187607426632212e+02
9.573283967463215731e+02
9.704914617332575517e+02
9.964057567026221705e+02
1.000930514631005849e+03
9.676119564685966452e+02
9.697373006226217740e+02
9.683661175792323093e+02
9.658295646269917825e+02
8.085607767629072669e+02
8.819847168771556198e+02
1.004906715847861619e+03
9.665837257376274465e+02
1.014778858036490760e+03
9.930465774185200871e+02
9.849568270714960363e+02
9.665837257376274465e+02
9.674748172907145545e+02
9.666521909588531116e+02
7.975230559299965307e+02
8.850698265409242822e+02
9.227073294971792166e+02
9.576713490587418391e+02
9.817345782298453969e+02
1.009088730199255679e+03
1.000998979852231741e+03
9.660351690260995383e+02
9.658295646269917825e+02
9.657608906703353568e+02
8.006081655937650794e+02
8.665595860291737154e+02
9.572599315250960217e+02
9.753589632386310768e+02
9.681605131801245534e+02
9.815974390519633062e+02
9.754958936810825207e+02
9.669264693146172931e+02
9.671320737137249353e+02
9.672005389349506004e+02
8.954218514844249057e+02
8.585385096388059765e+02
9.216790987662100179e+02
9.693258830889757292e+02
9.718624360412163696e+02
9.719311099978725679e+02
1.018480989633013110e+03
9.683661175792323093e+02
9.670636084924991565e+02
9.686403959349962633e+02
8.273452956304219015e+02
8.551791216192732463e+02
9.656924254491096917e+02
9.658295646269917825e+02
1.039185039520014470e+03
9.715196924642265230e+02
9.697373006226217740e+02
9.696001614447397969e+02
9.699429050217294161e+02
9.698057658438475528e+02
8.400282691270552959e+02
9.375841123690636323e+02
9.039914845863207802e+02
9.700800441996115069e+02
9.948289692601249499e+02
9.732336190846058344e+02
9.840655267829783952e+02
9.698057658438475528e+02
9.706970661323653076e+02
9.697373006226217740e+02
8.097948206284147545e+02
8.829446911223298002e+02
8.656682857406560743e+02
9.747419413058772761e+02
9.984624268999909873e+02
1.080387743630340310e+03
9.709026705314729497e+02
9.696686266659654621e+02
9.711082749305807056e+02
9.710398097093549268e+02
8.450329098103109118e+02
8.984382871915373698e+02
1.152098174595070532e+03
9.711082749305807056e+02
9.776897030563334283e+02
9.944175517264790187e+02
9.718624360412163696e+02
9.709713444881292617e+02
9.707655313535909727e+02
9.697373006226217740e+02
8.011567223052931013e+02
8.620348281007900368e+02
9.450568407833339961e+02
9.696001614447397969e+02
1.014024905661285516e+03
9.996964707654985887e+02
1.051456804218432808e+03
9.708342053102471709e+02
9.722738535748624145e+02
9.726165971518520337e+02
7.971803123530067978e+02
8.970673128835785519e+02
9.419032658983397823e+02
9.619218286313616773e+02
9.798835124315843359e+02
9.772784942581179166e+02
9.936635993512737741e+02
9.737821757961338562e+02
9.748790804837593669e+02
9.733020843058316132e+02
7.980716126415245526e+02
8.634060111441795016e+02
9.519125472648506729e+02
9.834485048502245945e+02
9.896871893989874707e+02
1.034934559947394746e+03
9.855738490042496096e+02
9.756330328589643841e+02
9.772784942581179166e+02
9.761815895704925197e+02
9.012491184995419644e+02
8.533967297776683836e+02
9.316197061760647102e+02
9.758388459935026731e+02
9.969543134141501923e+02
1.003672671982354359e+03
1.008883125800148036e+03
9.789924208784970006e+02
9.787181425227330465e+02
9.783067249890870016e+02
8.167189923311570965e+02
8.544936344652938942e+02
9.526667083754864507e+02
9.807063474988761982e+02
1.060232041719436438e+03
9.970227786353757438e+02
9.941434821061454841e+02
9.798150472103584434e+02
9.791980252776047564e+02
9.800893255661223975e+02
8.492147154262743243e+02
9.671320737137249353e+02
9.171543408378261120e+02
9.774840986572256725e+02
1.009020264978030013e+03
9.852311054272599904e+02
9.999707491212625428e+02
9.797465819891327783e+02
9.793351644554867335e+02
9.796779080324765800e+02
8.248772078994070398e+02
9.010435141004342086e+02
9.013177924561982763e+02
9.795407688545944893e+02
1.004084089516000290e+03
1.038362413188153141e+03
9.809806258546401523e+02
9.797465819891327783e+02
9.800893255661223975e+02
9.815289738307376410e+02
8.415363826128962046e+02
8.780769808815257420e+02
8.524369642679250774e+02
9.829001568741271058e+02
1.014641927594039203e+03
1.054404774704319379e+03
9.863280101148855010e+02
9.801577907873482900e+02
9.809119518979839540e+02
9.791295600563790913e+02
8.165818531532751194e+02
8.973413825039118592e+02
1.070104183908065352e+03
9.814605086095119759e+02
9.920181379521204690e+02
9.815289738307376410e+02
9.890017022450081186e+02
9.809119518979839540e+02
9.797465819891327783e+02
9.813233694316299989e+02
7.944381550016585152e+02
8.639543591202768766e+02
9.432057749850729351e+02
9.810490910758659311e+02
1.027256227134016626e+03
9.898927937980952265e+02
1.018755267988777064e+03
9.808434866767582889e+02
9.810490910758659311e+02
9.812546954749736869e+02
8.082180331859175340e+02
8.871951706949495247e+02
9.251754172281940782e+02
9.741249193731234755e+02
9.952403867937709947e+02
1.035894325457138166e+03
1.053102056882155466e+03
9.824887393404810609e+02
9.823516001625991976e+02
9.835171788068807928e+02
8.074638720752818699e+02
8.941193423976917529e+02
9.658295646269917825e+02
9.871506364467469439e+02
9.878361236007264097e+02
1.002850045650492802e+03
9.842713399175164568e+02
9.838599223838706394e+02
9.837227832059885486e+02
9.833800396289988157e+02
9.148918575059190061e+02
8.568930482396524440e+02
9.257239739397219864e+02
9.883160063555981196e+02
9.940748081494892858e+02
1.047274789867038635e+03
1.007923360290404617e+03
9.833113656723425038e+02
9.836543179847628835e+02
9.835171788068807928e+02
8.277565044286372995e+02
8.633373371875233033e+02
9.717252968633342789e+02
9.840655267829783952e+02
1.068801674821332199e+03
1.007443477535532907e+03
9.907840940866128676e+02
9.861221969803472120e+02
9.848881531148396107e+02
9.852311054272599904e+02
8.541508908883042750e+02
9.610305283428440362e+02
9.153032750395650510e+02
9.863964753361111661e+02
1.022045982051653368e+03
9.996280055442726962e+02
1.031918124240282395e+03
9.833800396289988157e+02
9.822831349413733051e+02
9.835171788068807928e+02
8.233688856781354843e+02
9.001522138119165675e+02
9.051568544951720696e+02
9.840655267829783952e+02
1.026502066023381076e+03
1.102942859315602846e+03
9.834485048502245945e+02
9.834485048502245945e+02
9.822831349413733051e+02
9.839283876050963045e+02
8.614178061680363498e+02
8.871264967382932127e+02
1.060849063652190125e+03
9.823516001625991976e+02
9.932521818176277293e+02
1.009500147732901723e+03
9.846140834945063034e+02
9.823516001625991976e+02
9.823516001625991976e+02
9.824202741192553958e+02
8.095890074938763519e+02
8.601837623025287485e+02
9.289460140459420927e+02
9.808434866767582889e+02
1.010528378463870922e+03
9.948974344813507287e+02
1.062220246695579590e+03
9.824202741192553958e+02
9.821459957634914417e+02
9.836543179847628835e+02
8.110973297151479073e+02
8.904172108011696309e+02
9.616475502755977232e+02
9.874249148025108980e+02
9.865336145139932569e+02
9.996964707654985887e+02
1.022320260407417322e+03
9.836543179847628835e+02
9.835171788068807928e+02
9.835856440281064579e+02
9.061166200049154895e+02
8.617605497450259691e+02
9.308655450654290462e+02
9.855051750475934114e+02
9.881104019564903638e+02
1.030341336797785289e+03
9.977082657893554369e+02
9.850939662493780133e+02
9.837227832059885486e+02
9.847512226723883941e+02
8.241230467887711484e+02
8.597725535043133505e+02
9.639098248720742959e+02
9.855738490042496096e+02
1.067773235354932467e+03
9.850939662493780133e+02
9.983252877221090102e+02
9.849568270714960363e+02
9.847512226723883941e+02
9.864651492927673644e+02
8.484605543156386602e+02
9.649382643384741414e+02
9.222961206989638185e+02
9.815289738307376410e+02
9.968171742362681016e+02
9.927036251060998211e+02
9.886589586680182720e+02
9.858481273600137911e+02
9.863280101148855010e+02
9.861908709370034103e+02
8.305673357366417804e+02
8.717013658903111946e+02
8.437301919881471122e+02
9.887274238892440508e+02
1.021908842873771505e+03
1.051182525862668854e+03
9.868763580909828761e+02
9.845454095378499915e+02
9.846825487157319685e+02
9.836543179847628835e+02
8.202153107931411569e+02
8.946676903737893554e+02
1.014230510060393385e+03
9.864651492927673644e+02
1.010254308843537615e+03
1.006415038069133175e+03
9.946918300822429728e+02
9.848196878936140592e+02
9.835856440281064579e+02
9.851624314706037921e+02
8.059555498540103144e+02
8.686849301831989578e+02
9.304543362672135345e+02
9.814605086095119759e+02
1.001890280140749496e+03
1.028284666600416585e+03
1.071612506129336907e+03
9.836543179847628835e+02
9.835856440281064579e+02
9.824887393404810609e+02
8.097948206284147545e+02
8.882920753825749216e+02
9.595908800782287926e+02
9.861221969803472120e+02
9.861221969803472120e+02
9.918125335530127131e+02
9.906469549087308906e+02
9.823516001625991976e+02
9.824202741192553958e+02
9.823516001625991976e+02
8.956961298401890872e+02
8.468153016519157745e+02
9.192110110351951562e+02
9.842713399175164568e+02
9.839970615617525027e+02
1.024651208960550321e+03
1.024582535003894236e+03
9.822144609847171068e+02
9.835171788068807928e+02
9.824887393404810609e+02
8.261112517649143001e+02
8.562075610856730918e+02
9.716568316421086138e+02
9.782382597678613365e+02
1.065648099936337758e+03
9.824887393404810609e+02
9.823516001625991976e+02
9.814605086095119759e+02
9.826258785183631517e+02
9.811862302537479081e+02
8.382456685500199001e+02
8.946676903737893554e+02
9.134522092413037626e+02
9.854367098263677462e+02
1.013750627305521562e+03
9.818032521865015951e+02
1.051662408617540450e+03
9.809806258546401523e+02
9.809806258546401523e+02
9.821459957634914417e+02
8.175416186630185393e+02
8.910342327339232043e+02
9.083104293801663971e+02
9.822144609847171068e+02
1.013064931416111335e+03
1.080936091606437685e+03
9.821459957634914417e+02
9.824887393404810609e+02
9.836543179847628835e+02
9.837227832059885486e+02
8.612806669901542591e+02
8.755404279292851015e+02
1.044875376092680199e+03
9.837227832059885486e+02
1.002781580429267137e+03
1.011968026728486052e+03
9.862593361582293028e+02
9.835171788068807928e+02
9.822144609847171068e+02
9.815974390519633062e+02
8.017737442380469020e+02
8.747178015974235450e+02
9.588367189675931286e+02
9.826943437395887031e+02
1.019577894320638393e+03
1.024102652249022412e+03
1.025336696114529786e+03
9.809806258546401523e+02
9.823516001625991976e+02
9.815974390519633062e+02
7.959462684874994238e+02
8.913085110896872720e+02
9.218162379440918812e+02
9.678175608677044011e+02
9.892757718653414258e+02
9.847512226723883941e+02
9.977769397460116352e+02
9.800206516094661993e+02
9.799521863882405341e+02
9.784438641669690924e+02
8.055443410557949164e+02
8.574416049511805795e+02
9.501299466878151634e+02
9.881788671777160289e+02
9.847512226723883941e+02
9.818717174077274876e+02
1.000998979852231741e+03
9.763187287483743830e+02
9.771413550802359396e+02
9.774840986572256725e+02
8.723868530442907741e+02
8.403023387473889443e+02
9.381326690805916542e+02
9.736450366182518792e+02
1.018275385233905240e+03
9.748104065271029413e+02
9.844082703599680144e+02
9.746732673492210779e+02
9.750160109262105834e+02
9.733707582624878114e+02
8.217920982356382638e+02
8.423592176801882943e+02
9.121497001545706098e+02
9.766614723253642296e+02
1.011831096286034722e+03
9.730964799067238573e+02
9.834485048502245945e+02
9.719995752190984604e+02
9.710398097093549268e+02
9.691202786898682007e+02
7.922443456264076076e+02
8.743063840637775002e+02
8.869208923391855706e+02
9.734392234837134765e+02
9.977082657893554369e+02
1.095264526502224726e+03
9.699429050217294161e+02
9.696686266659654621e+02
9.697373006226217740e+02
9.709026705314729497e+02
8.331038886888824209e+02
8.791054203479253601e+02
1.057969558387529105e+03
9.702171833774933702e+02
9.938005297937253317e+02
9.704227877766011261e+02
9.800206516094661993e+02
9.696686266659654621e+02
9.711082749305807056e+02
9.713825532863446597e+02
7.916957889148795857e+02
8.419478001465422494e+02
9.142750443085958523e+02
9.698744398005037510e+02
1.004221228693882267e+03
9.800893255661223975e+02
1.076205729278946137e+03
9.711769488872370175e+02
9.708342053102471709e+02
9.722051796182062162e+02
7.879251920971315712e+02
8.565503046626628247e+02
9.510212469763329182e+02
9.798835124315843359e+02
9.840655267829783952e+02
1.018275385233905240e+03
9.885218194901364086e+02
9.730964799067238573e+02
9.734392234837134765e+02
9.735763626615955673e+02
8.901429324454054495e+02
8.386570860836659449e+02
9.166057841262982038e+02
9.740562454164672772e+02
9.888645630671260278e+02
9.938005297937253317e+02
9.979825441451193910e+02
9.762500547917181848e+02
9.762500547917181848e+02
9.759073112147283382e+02
8.220663765914022179e+02
8.363261375305331740e+02
9.174286191935900661e+02
9.829001568741271058e+02
1.026913483557026893e+03
9.797465819891327783e+02
9.986682400345293900e+02
9.795407688545944893e+02
9.787866077439588253e+02
9.785125381236252906e+02
8.368746942420610822e+02
9.266150654928090944e+02
9.055682720288181144e+02
9.740562454164672772e+02
9.918809987742383782e+02
1.011351213531163012e+03
9.798150472103584434e+02
9.781697945466356714e+02
9.802949299652301534e+02
9.818717174077274876e+02
8.375601813960404343e+02
8.630632675671896550e+02
8.714270875345472405e+02
9.832429004511168387e+02
9.948974344813507287e+02
1.028010388244652404e+03
9.831057612732347479e+02
9.823516001625991976e+02
9.809806258546401523e+02
9.804320691431122441e+02
8.065725717867641151e+02
8.584013704609239994e+02
9.433429141629547985e+02
9.839970615617525027e+02
1.024445395826012145e+03
1.029244432110159778e+03
1.062151572738923278e+03
9.822831349413733051e+02
9.831057612732347479e+02
9.837227832059885486e+02
7.967691035547913998e+02
8.877435186710467860e+02
9.320311237097107551e+02
9.674063520694888894e+02
9.868763580909828761e+02
9.852311054272599904e+02
1.000245027477026497e+03
9.826258785183631517e+02
9.835856440281064579e+02
9.833800396289988157e+02
9.059796895624639319e+02
8.323499363136771763e+02
9.070079202934331306e+02
9.861908709370034103e+02
9.896871893989874707e+02
1.011556817930270540e+03
1.002438836852277404e+03
9.837227832059885486e+02
9.835856440281064579e+02
9.833800396289988157e+02
8.252199514763966590e+02
8.429760308775114481e+02
9.168115972608364928e+02
9.877676583795005172e+02
1.022045982051653368e+03
9.846140834945063034e+02
1.017246945767505508e+03
9.834485048502245945e+02
9.818717174077274876e+02
9.835171788068807928e+02
8.169932706869210506e+02
8.815735080789402218e+02
9.004951661243367198e+02
9.855738490042496096e+02
1.020949077364027858e+03
1.121933191317655655e+03
9.844082703599680144e+02
9.834485048502245945e+02
9.823516001625991976e+02
9.822144609847171068e+02
8.360518591747689925e+02
8.889775625365543874e+02
1.050154295131699655e+03
9.838599223838706394e+02
1.004221228693882267e+03
1.001204792986769917e+03
9.873562408458546997e+02
9.837912484272142137e+02
9.822831349413733051e+02
9.827630176962452424e+02
7.905304190060285237e+02
8.537394733546582302e+02
9.216790987662100179e+02
9.798835124315843359e+02
9.972970569911399252e+02
1.023691234715376254e+03
1.067636096177050376e+03
9.823516001625991976e+02
9.811175562970915962e+02
9.811175562970915962e+02
7.932725763573768063e+02
8.532595905997865202e+02
9.464280238267233472e+02
9.898927937980952265e+02
9.857109881821317003e+02
1.052005152194530183e+03
9.824202741192553958e+02
9.805692083209943348e+02
9.809806258546401523e+02
9.798150472103584434e+02
8.876750534498212346e+02
8.294019658277907183e+02
9.219533771219739720e+02
9.778955161908714899e+02
1.008334569088620015e+03
1.010185634886881189e+03
1.015258949526792890e+03
9.812546954749736869e+02
9.826258785183631517e+02
9.807748127201019770e+02
8.102747033832863508e+02
8.217920982356382638e+02
9.107100518899555937e+02
9.852995706484856555e+02
1.046040746001531261e+03
1.005318133381507664e+03
1.016561458613526042e+03
9.809806258546401523e+02
9.800893255661223975e+02
9.810490910758659311e+02
8.298818485826623146e+02
8.858239876515600599e+02
8.953533862631993543e+02
9.770042159023538488e+02
1.016287180257762088e+03
1.037471112899635273e+03
9.809806258546401523e+02
9.798835124315843359e+02
9.797465819891327783e+02
9.800893255661223975e+02
8.480493455174232622e+02
8.517512683785150784e+02
9.044026933845362919e+02
9.823516001625991976e+02
1.004358367871764358e+03
1.010528378463870922e+03
9.837227832059885486e+02
9.810490910758659311e+02
9.809806258546401523e+02
9.779639814120973824e+02
8.028019749690159870e+02
8.624462456344359680e+02
9.558887484817063296e+02
9.784438641669690924e+02
1.023417165095042833e+03
1.020674799008263903e+03
1.045972280780305482e+03
9.796094428112506876e+02
9.797465819891327783e+02
9.799521863882405341e+02
7.947808985786481344e+02
8.830131563435554654e+02
9.346363506186075938e+02
9.667893301367352024e+02
9.812546954749736869e+02
9.854367098263677462e+02
9.980512181017755893e+02
9.812546954749736869e+02
9.799521863882405341e+02
9.809119518979839540e+02
8.882920753825749216e+02
8.335153062225284657e+02
9.166744580829545157e+02
9.848881531148396107e+02
9.841342007396345934e+02
1.034934559947394746e+03
1.007580407977984351e+03
9.820775305422655492e+02
9.809806258546401523e+02
9.810490910758659311e+02
8.396853168146351436e+02
8.306360096932982060e+02
9.486902984232001472e+02
9.783753989457434272e+02
1.027736109888888450e+03
9.857109881821317003e+02
9.886589586680182720e+02
9.818717174077274876e+02
9.827630176962452424e+02
9.836543179847628835e+02
8.354348372420154192e+02
8.817791124780479777e+02
9.115326782218170365e+02
9.852311054272599904e+02
1.008471708266502105e+03
9.833800396289988157e+02
9.970912438566016363e+02
9.835856440281064579e+02
9.821459957634914417e+02
9.833113656723425038e+02
8.325555407127849321e+02
8.727295966212803933e+02
8.939822032198098896e+02
9.796094428112506876e+02
9.966800350583862382e+02
1.003946950338118313e+03
9.889330282883518066e+02
9.834485048502245945e+02
9.838599223838706394e+02
9.837912484272142137e+02
8.166503183745007846e+02
8.504487592917818120e+02
8.766373326169104985e+02
9.887274238892440508e+02
1.018001106878141286e+03
1.093962017415491573e+03
9.835856440281064579e+02
9.835171788068807928e+02
9.835856440281064579e+02
9.833800396289988157e+02
8.499688765369102157e+02
8.707416003805677747e+02
1.048371694554664145e+03
9.837227832059885486e+02
9.909896984857206235e+02
9.905784896875052254e+02
9.863280101148855010e+02
9.837227832059885486e+02
9.834485048502245945e+02
9.837912484272142137e+02
7.966319643769094228e+02
8.455127925651825080e+02
9.218162379440918812e+02
9.815289738307376410e+02
9.952403867937709947e+02
1.029792780086257153e+03
1.067087748200953001e+03
9.837912484272142137e+02
9.834485048502245945e+02
9.837227832059885486e+02
8.058870846327846493e+02
8.647085202309126544e+02
9.464964890479492396e+02
9.891388414228900956e+02
9.861908709370034103e+02
9.850252922927217014e+02
9.881788671777160289e+02
9.820775305422655492e+02
9.835856440281064579e+02
9.836543179847628835e+02
9.011119793216598737e+02
8.283735263613908728e+02
9.219533771219739720e+02
9.807748127201019770e+02
1.002918719607149114e+03
9.852311054272599904e+02
9.876305192016186538e+02
9.836543179847628835e+02
9.838599223838706394e+02
9.822144609847171068e+02
8.296075702268983605e+02
8.708100656017934398e+02
9.040599498075466727e+02
9.852995706484856555e+02
9.939376689716071951e+02
9.835171788068807928e+02
1.037128369322645767e+03
9.833113656723425038e+02
9.835171788068807928e+02
9.837227832059885486e+02
8.182273145524285383e+02
8.442787486996752477e+02
8.769800761939003451e+02
9.873562408458546997e+02
1.008883125800148036e+03
1.060849063652190125e+03
9.825574132971374866e+02
9.837227832059885486e+02
9.822144609847171068e+02
9.824202741192553958e+02
8.166503183745007846e+02
8.555905391529192912e+02
9.721367143969803237e+02
9.839970615617525027e+02
1.016424319435644179e+03
1.024102652249022412e+03
1.034043468394307638e+03
9.830372960520091965e+02
9.836543179847628835e+02
9.823516001625991976e+02
7.909418365396744548e+02
8.673822123610352719e+02
9.344992114407256167e+02
9.842026659608602586e+02
9.936635993512737741e+02
9.989423096548626972e+02
9.826943437395887031e+02
9.833800396289988157e+02
9.835171788068807928e+02
9.823516001625991976e+02
9.073506638704229772e+02
8.264539953419041467e+02
9.072135246925408865e+02
9.847512226723883941e+02
9.940748081494892858e+02
1.024719674181776099e+03
1.000107888299144406e+03
9.837912484272142137e+02
9.837227832059885486e+02
9.832429004511168387e+02
8.175416186630185393e+02
8.283050611401652077e+02
9.252440911848502765e+02
9.876305192016186538e+02
1.046863581068823351e+03
1.010322774064763280e+03
1.016972667411741554e+03
9.835856440281064579e+02
9.826258785183631517e+02
9.834485048502245945e+02
8.485976934935206373e+02
8.911713719118052950e+02
8.991924483021731476e+02
9.809119518979839540e+02
1.009705752132009479e+03
1.064551195248712247e+03
9.878361236007264097e+02
9.837227832059885486e+02
9.837912484272142137e+02
9.837227832059885486e+02
8.732094793761521032e+02
8.650512638079022736e+02
1.081827391894955554e+03
9.835171788068807928e+02
1.001821814919523604e+03
1.004769576669979756e+03
9.861908709370034103e+02
9.839970615617525027e+02
9.847512226723883941e+02
9.837912484272142137e+02
8.154849484656497225e+02
8.396168515934094785e+02
9.225017250980714607e+02
9.824202741192553958e+02
1.002370162895621093e+03
9.911955116202589124e+02
1.046794907112167039e+03
9.836543179847628835e+02
9.833800396289988157e+02
9.835171788068807928e+02
8.099319598062967316e+02
8.307731488711800694e+02
9.309342190220852444e+02
9.940748081494892858e+02
9.855051750475934114e+02
1.032877889750025815e+03
9.914697899760228665e+02
9.813233694316299989e+02
9.835171788068807928e+02
9.835856440281064579e+02
8.544251692440682291e+02
8.148679265328959218e+02
9.396407825664325628e+02
9.793351644554867335e+02
1.049331460064407565e+03
9.897558633556436689e+02
9.829001568741271058e+02
9.824202741192553958e+02
9.824202741192553958e+02
9.825574132971374866e+02
8.607323190140568840e+02
9.130410004430883646e+02
8.923367418206563570e+02
9.798150472103584434e+02
9.968856394574938804e+02
1.002438836852277404e+03
9.924980207069921789e+02
9.810490910758659311e+02
9.801577907873482900e+02
9.798835124315843359e+02
8.244657903657609950e+02
8.420849393244243402e+02
8.634060111441795016e+02
9.839283876050963045e+02
1.005592411737271618e+03
1.045218119669669932e+03
9.802264647440044882e+02
9.786496773015073813e+02
9.784438641669690924e+02
9.766614723253642296e+02
7.954663857326277139e+02
8.322812623570209780e+02
9.310026842433109096e+02
9.785810033448510694e+02
1.025816578869401383e+03
1.064139777715066430e+03
1.089231446352569719e+03
9.759759851713847638e+02
9.773469594793435817e+02
9.762500547917181848e+02
7.934097155352587833e+02
8.551791216192732463e+02
9.360073249265664117e+02
9.806376735422198863e+02
9.847512226723883941e+02
9.847512226723883941e+02
9.831744352298910599e+02
9.733707582624878114e+02
9.735763626615955673e+02
9.733707582624878114e+02
9.087218469138124419e+02
8.156905528647573647e+02
9.049512500960643138e+02
9.748790804837593669e+02
9.794036296767123986e+02
1.021360494897673902e+03
1.010117169665655524e+03
9.735763626615955673e+02
9.722738535748624145e+02
9.735078974403697885e+02
8.455812577864084005e+02
8.193926844612797140e+02
9.428630314080830885e+02
9.713140880651188809e+02
1.048371694554664145e+03
9.717939708199907045e+02
9.787866077439588253e+02
9.733707582624878114e+02
9.735078974403697885e+02
9.736450366182518792e+02
8.557961435520270470e+02
9.166057841262982038e+02
8.902116064020618751e+02
9.702171833774933702e+02
9.777583770129896266e+02
9.787866077439588253e+02
1.004495507049646221e+03
9.759073112147283382e+02
9.761815895704925197e+02
9.762500547917181848e+02
8.013623267044008571e+02
8.311843576693955811e+02
8.763632629965770775e+02
9.827630176962452424e+02
1.008471708266502105e+03
1.067636096177050376e+03
9.776212378351075358e+02
9.772784942581179166e+02
9.786496773015073813e+02
9.776212378351075358e+02
8.241917207454274603e+02
8.438673311660292029e+02
9.584939753906032820e+02
9.803636039218865790e+02
1.012379444262132097e+03
1.020606333787038352e+03
1.027736109888888450e+03
9.806376735422198863e+02
9.811862302537479081e+02
9.810490910758659311e+02
8.171304098648030276e+02
8.706729264239115764e+02
9.351846985947049689e+02
9.792666992342611820e+02
9.942804125485969280e+02
1.005935155314261465e+03
9.896187241777618055e+02
9.835856440281064579e+02
9.835856440281064579e+02
9.834485048502245945e+02
9.213363551892201713e+02
8.161704356196290746e+02
9.058425503845820685e+02
9.841342007396345934e+02
1.002095884539857138e+03
1.028490270999524228e+03
1.001616001784985315e+03
9.851624314706037921e+02
9.836543179847628835e+02
9.833113656723425038e+02
8.176787578409005164e+02
8.292648266499086276e+02
9.287404096468343369e+02
9.885218194901364086e+02
1.062905733849558828e+03
9.858481273600137911e+02
1.006689316424897129e+03
9.848881531148396107e+02
9.844769443166242127e+02
9.858481273600137911e+02
8.796539770594534957e+02
9.181141063475697592e+02
8.989868439030653917e+02
9.793351644554867335e+02
1.010459913242645257e+03
1.011899561507260387e+03
9.997651447221547869e+02
9.848881531148396107e+02
9.852311054272599904e+02
9.850252922927217014e+02
8.612806669901542591e+02
8.409880346367989432e+02
8.735524316885724829e+02
9.860537317591215469e+02
1.012516583440014188e+03
1.038088134832389187e+03
9.840655267829783952e+02
9.848881531148396107e+02
9.848881531148396107e+02
9.817345782298453969e+02
8.299503138038882071e+02
8.506543636908895678e+02
9.504042250435791175e+02
9.850939662493780133e+02
1.016698597791408133e+03
1.015670158325008401e+03
1.091768208040240779e+03
9.848196878936140592e+02
9.848196878936140592e+02
9.851624314706037921e+02
8.154849484656497225e+02
8.717698311115369734e+02
9.402578044991861361e+02
9.796094428112506876e+02
9.916753943751306224e+02
9.867392189131008990e+02
9.873562408458546997e+02
9.849568270714960363e+02
9.849568270714960363e+02
9.846140834945063034e+02
9.339506547291975949e+02
8.215864938365306216e+02
9.113270738227092806e+02
9.876305192016186538e+02
9.863280101148855010e+02
1.017726828522377332e+03
1.010048495708999212e+03
9.850252922927217014e+02
9.834485048502245945e+02
9.833113656723425038e+02
8.296075702268983605e+02
8.274137608516474529e+02
9.223645859201893700e+02
9.879732627786082730e+02
1.031301102307528708e+03
9.840655267829783952e+02
9.938692037503815300e+02
9.848196878936140592e+02
9.839970615617525027e+02
9.835856440281064579e+02
8.691648129380706678e+02
8.863723356276574350e+02
8.986441003260756588e+02
9.796779080324765800e+02
1.002850045650492802e+03
1.013819092526747340e+03
9.839970615617525027e+02
9.836543179847628835e+02
9.839283876050963045e+02
9.838599223838706394e+02
8.745121971983157891e+02
8.401654083049373867e+02
8.795168378815714050e+02
9.858481273600137911e+02
1.004015624294774511e+03
1.034454677192523150e+03
9.851624314706037921e+02
9.835856440281064579e+02
9.834485048502245945e+02
9.818032521865015951e+02
8.281679219622831170e+02
8.420849393244243402e+02
9.398465957009707381e+02
9.838599223838706394e+02
1.026776344379145030e+03
1.026502066023381076e+03
1.095058922103117084e+03
9.834485048502245945e+02
9.823516001625991976e+02
9.826258785183631517e+02
8.218607721922945757e+02
8.625147108556617468e+02
9.495815987117179020e+02
9.887274238892440508e+02
9.899614677547514248e+02
1.038636691543917095e+03
9.911268376636027142e+02
9.817345782298453969e+02
9.821459957634914417e+02
9.825574132971374866e+02
9.182512455254516226e+02
8.225462593462740415e+02
9.240785125405686813e+02
9.802264647440044882e+02
1.008197429910737924e+03
9.847512226723883941e+02
9.982568225008833451e+02
9.826258785183631517e+02
9.813233694316299989e+02
9.809806258546401523e+02
8.400282691270552959e+02
8.338580497995180849e+02
9.220218423431996371e+02
9.855051750475934114e+02
1.035962999413794478e+03
9.925666946636483772e+02
1.008540382223158417e+03
9.797465819891327783e+02
9.781697945466356714e+02
9.809119518979839540e+02
8.542880300661861384e+02
8.629945936105334567e+02
8.954905254410814450e+02
9.821459957634914417e+02
1.016355854214418400e+03
1.097046918343829702e+03
9.811862302537479081e+02
9.809806258546401523e+02
9.811175562970915962e+02
9.809806258546401523e+02
8.666280512503993805e+02
8.645029158318048985e+02
1.074491802658567167e+03
9.810490910758659311e+02
1.002987184828374893e+03
1.008540382223158417e+03
9.960630131256324375e+02
9.796094428112506876e+02
9.811862302537479081e+02
9.816661130086197318e+02
8.333097018234208235e+02
8.446214922766648669e+02
9.083791033368225953e+02
9.697373006226217740e+02
9.832429004511168387e+02
1.011008261218742632e+03
1.014024905661285516e+03
9.811862302537479081e+02
9.810490910758659311e+02
9.820088565856093510e+02
8.553849347538115353e+02
8.275509000295295436e+02
9.270949482476808043e+02
9.860537317591215469e+02
9.824202741192553958e+02
1.010734191598409211e+03
1.008060499468286707e+03
9.806376735422198863e+02
9.823516001625991976e+02
9.820775305422655492e+02
8.514771987581814301e+02
8.090406595177789768e+02
9.385438778788071659e+02
9.828314829174707938e+02
1.065648099936337758e+03
9.826943437395887031e+02
9.922237423512281111e+02
9.824202741192553958e+02
9.820088565856093510e+02
9.835856440281064579e+02
8.797909075019047123e+02
9.124924437315604564e+02
9.035116018314490702e+02
9.789237469218406886e+02
1.000724910231898207e+03
1.013339209771875517e+03
9.877676583795005172e+02
9.835171788068807928e+02
9.834485048502245945e+02
9.837912484272142137e+02
8.572357918166422905e+02
8.339951889774001756e+02
8.690276737601885770e+02
9.879047975573826079e+02
1.011762422329378296e+03
1.071886575749670101e+03
9.839283876050963045e+02
9.848196878936140592e+02
9.835856440281064579e+02
9.824887393404810609e+02
8.398911299491734326e+02
8.503116201138998349e+02
9.789924208784970006e+02
9.855051750475934114e+02
1.006483503290358954e+03
1.006826455602779220e+03
1.017726828522377332e+03
9.847512226723883941e+02
9.848196878936140592e+02
9.866707536918751202e+02
8.377657857951481901e+02
8.594982751485493964e+02
9.153032750395650510e+02
9.772098203014614910e+02
9.945546909043609958e+02
9.960630131256324375e+02
1.003604206761128466e+03
9.863280101148855010e+02
9.859850578024651213e+02
9.857794534033573655e+02
8.619663628795642580e+02
8.231632812790278422e+02
9.253810216273018341e+02
9.898927937980952265e+02
9.874249148025108980e+02
1.019166476786992348e+03
1.003261463184138847e+03
9.855738490042496096e+02
9.860537317591215469e+02
9.848881531148396107e+02
8.649827985866766085e+02
8.218607721922945757e+02
9.565057704144601303e+02
9.839970615617525027e+02
1.078056795077207425e+03
9.872191016679726090e+02
9.871506364467469439e+02
9.860537317591215469e+02
9.860537317591215469e+02
9.863280101148855010e+02
8.847955481851603281e+02
9.162630405493084709e+02
9.024831623650494521e+02
9.818032521865015951e+02
1.002233023717739115e+03
9.995593315876164979e+02
9.883160063555981196e+02
9.860537317591215469e+02
9.872877756246288072e+02
9.863280101148855010e+02
8.697818348708244685e+02
8.395483863721836997e+02
8.640914982981588537e+02
9.908527680432691795e+02
1.029518710465923732e+03
1.091768208040240779e+03
9.861221969803472120e+02
9.861221969803472120e+02
9.848196878936140592e+02
9.854367098263677462e+02
8.701930436690398665e+02
8.614178061680363498e+02
9.980512181017755893e+02
9.865336145139932569e+02
1.017452758902043911e+03
1.018275385233905240e+03
1.000793375453123986e+03
9.846140834945063034e+02
9.861221969803472120e+02
9.854367098263677462e+02
8.530539862006787644e+02
8.425648220792960501e+02
9.225017250980714607e+02
9.840655267829783952e+02
1.024582535003894236e+03
1.049742877598053610e+03
1.078810956187842976e+03
9.848881531148396107e+02
9.848881531148396107e+02
9.849568270714960363e+02
8.487348326714026143e+02
8.701245784478140877e+02
9.532837303082400240e+02
9.868763580909828761e+02
9.884531455334799830e+02
9.900986069326335155e+02
9.982568225008833451e+02
9.862593361582293028e+02
9.847512226723883941e+02
9.846140834945063034e+02
9.316197061760647102e+02
8.208323327258948439e+02
9.150289966838010969e+02
9.881788671777160289e+02
9.861908709370034103e+02
1.033357772504897639e+03
1.044052749760818642e+03
9.872877756246288072e+02
9.834485048502245945e+02
9.833800396289988157e+02
8.810936253240685119e+02
8.137710218452704112e+02
9.549289829719630234e+02
9.800206516094661993e+02
1.058175371522067280e+03
9.889330282883518066e+02
9.868763580909828761e+02
9.835171788068807928e+02
9.826943437395887031e+02
9.837227832059885486e+02
8.714270875345472405e+02
8.571673265954163980e+02
9.149605314625753181e+02
9.872877756246288072e+02
1.007923360290404617e+03
9.910583724423769354e+02
1.002850045650492802e+03
9.822144609847171068e+02
9.809119518979839540e+02
9.834485048502245945e+02
8.640914982981588537e+02
8.706729264239115764e+02
9.007692357446702545e+02
9.791295600563790913e+02
9.968171742362681016e+02
1.043435727828064955e+03
9.834485048502245945e+02
9.824887393404810609e+02
9.839283876050963045e+02
9.825574132971374866e+02
8.619663628795642580e+02
8.334468410013026869e+02
8.669710035628197602e+02
9.853682446051419674e+02
1.010939795997516967e+03
1.085323710356939500e+03
9.813918346528555503e+02
9.809119518979839540e+02
9.811175562970915962e+02
9.807748127201019770e+02
8.830816215647811305e+02
8.651884029857843643e+02
1.087243450111857101e+03
9.801577907873482900e+02
9.984624268999909873e+02
1.002301697674395314e+03
9.813918346528555503e+02
9.797465819891327783e+02
9.808434866767582889e+02
9.791980252776047564e+02
8.484605543156386602e+02
8.393425732376452970e+02
9.564373051932344652e+02
9.800206516094661993e+02
1.033632050860661593e+03
9.857109881821317003e+02
1.020469194609156261e+03
9.797465819891327783e+02
9.797465819891327783e+02
9.805005343643379092e+02
8.461298144979363087e+02
8.310472184915136040e+02
9.092704036253403501e+02
9.721367143969803237e+02
1.007100525223112527e+03
1.046589302713059396e+03
1.068184652888578512e+03
9.798150472103584434e+02
9.786496773015073813e+02
9.786496773015073813e+02
8.490091110271665684e+02
8.736893621310239268e+02
9.375841123690636323e+02
9.608933891649619454e+02
9.840655267829783952e+02
9.955144564141045294e+02
9.962001523035145283e+02
9.775527726138818707e+02
9.775527726138818707e+02
9.784438641669690924e+02
8.717013658903111946e+02
8.287162699383807194e+02
9.493073203559537205e+02
9.861221969803472120e+02
9.857794534033573655e+02
1.020263381474617859e+03
9.812546954749736869e+02
9.772098203014614910e+02
9.798835124315843359e+02
9.796779080324765800e+02
9.495131334904920095e+02
8.182957797736542034e+02
9.086533816925865494e+02
9.815974390519633062e+02
9.809806258546401523e+02
1.037128369322645767e+03
1.003946950338118313e+03
9.795407688545944893e+02
9.785810033448510694e+02
9.786496773015073813e+02
8.841100610311808623e+02
8.149366004895521201e+02
9.493759943126101462e+02
9.754958936810825207e+02
1.018960872387884706e+03
9.892073066441157607e+02
9.883846803122543179e+02
9.798150472103584434e+02
9.802264647440044882e+02
9.809119518979839540e+02
8.638172199423948996e+02
8.342007933765079315e+02
9.152348098183392722e+02
9.854367098263677462e+02
1.038088134832389187e+03
9.821459957634914417e+02
1.009294334598363434e+03
9.822144609847171068e+02
9.816661130086197318e+02
9.811175562970915962e+02
8.889090973153287223e+02
8.956961298401890872e+02
9.037172062305568261e+02
9.772784942581179166e+02
1.000107888299144406e+03
1.001067653808887940e+03
9.936635993512737741e+02
9.832429004511168387e+02
9.835856440281064579e+02
9.835856440281064579e+02
8.588127879945700442e+02
8.374915074393842360e+02
8.934336465082817540e+02
9.855738490042496096e+02
1.027187761912791075e+03
1.086489289001221096e+03
9.839970615617525027e+02
9.836543179847628835e+02
9.836543179847628835e+02
9.839283876050963045e+02
9.017976752110698726e+02
8.321441231791391147e+02
8.577158833069445336e+02
9.888645630671260278e+02
1.011625283151496433e+03
1.101777489406751783e+03
9.857794534033573655e+02
9.848196878936140592e+02
9.835856440281064579e+02
9.835856440281064579e+02
8.970673128835785519e+02
8.663539816300660732e+02
1.099926423608490495e+03
9.848881531148396107e+02
1.005523737780615420e+03
1.014436114459501027e+03
9.866020797352188083e+02
9.847512226723883941e+02
9.846140834945063034e+02
9.841342007396345934e+02
8.621035020574463488e+02
8.360518591747689925e+02
9.478676720913385907e+02
9.852995706484856555e+02
1.018755267988777064e+03
9.981881485442270332e+02
1.058449649877831462e+03
9.857794534033573655e+02
9.849568270714960363e+02
9.863964753361111661e+02
8.552477955759296719e+02
8.489406458059410170e+02
9.238042341848046135e+02
9.791980252776047564e+02
9.910583724423769354e+02
1.026159322446391343e+03
1.063042873027440919e+03
9.861221969803472120e+02
9.857109881821317003e+02
9.861908709370034103e+02
8.601837623025287485e+02
8.640914982981588537e+02
9.515698036878610537e+02
9.892073066441157607e+02
9.923608815291100882e+02
9.953088520149967735e+02
9.890701674662336700e+02
9.874249148025108980e+02
9.861908709370034103e+02
9.870134972688648531e+02
9.536264738852298706e+02
8.104803077823941067e+02
9.197595677467230644e+02
9.900299329759773173e+02
9.884531455334799830e+02
1.019852172676402347e+03
9.968856394574938804e+02
9.855738490042496096e+02
9.870819624900905183e+02
9.886589586680182720e+02
9.450568407833339961e+02
8.220663765914022179e+02
9.367614860372020757e+02
9.853682446051419674e+02
1.008060499468286707e+03
1.018343850455131019e+03
1.003604206761128466e+03
9.875620539803928750e+02
9.871506364467469439e+02
9.873562408458546997e+02
8.891831669356620296e+02
8.159648312205213188e+02
9.610305283428440362e+02
9.852995706484856555e+02
1.069624301153193755e+03
9.923608815291100882e+02
9.894129110432235166e+02
9.872877756246288072e+02
9.863964753361111661e+02
9.859165925812394562e+02
8.841100610311808623e+02
8.326240059340108246e+02
9.279862485361985591e+02
9.904413505096231347e+02
1.041241918452813934e+03
9.916067204184744242e+02
1.023828373893258117e+03
9.861221969803472120e+02
9.853682446051419674e+02
9.848881531148396107e+02
9.010435141004342086e+02
9.217475639874356830e+02
9.185939891024413555e+02
9.810490910758659311e+02
1.004084089516000290e+03
1.007649081934640662e+03
1.003398602362020711e+03
9.846825487157319685e+02
9.850252922927217014e+02
9.848881531148396107e+02
8.826704127665656188e+02
8.303617313375340245e+02
8.719756442460753760e+02
9.902357461105156062e+02
1.026022183268509252e+03
1.096978453122603923e+03
9.848196878936140592e+02
9.835856440281064579e+02
9.835856440281064579e+02
9.839970615617525027e+02
9.175657583714721568e+02
8.497632721378024598e+02
9.972283830344834996e+02
9.842713399175164568e+02
9.974341961690217886e+02
1.017521224123269690e+03
9.842026659608602586e+02
9.833113656723425038e+02
9.835856440281064579e+02
