6.879903425665337968e-01
6.888921633587987703e-01
6.884868613108329205e-01
6.884593134331755682e-01
6.888604599377341486e-01
6.888840758565213385e-01
6.895336284406984317e-01
6.884291316233788205e-01
6.892906559956336610e-01
6.890079046573392985e-01
6.889669518380111546e-01
6.893529121979183882e-01
6.894215095104694324e-01
6.893088920911233375e-01
6.894342401320537883e-01
6.893179091107360934e-01
6.893860667407913922e-01
6.897276256396367433e-01
6.896310077919673986e-01
6.895856768851665874e-01
6.902053467126066932e-01
6.897266702701243535e-01
6.892687059673120453e-01
6.892238493340119287e-01
6.892009579594671198e-01
6.895809957861976924e-01
6.888968470781730025e-01
6.883287052394564398e-01
6.870764925360189901e-01
6.856127249794413681e-01
6.853772153285823121e-01
6.815993582865573774e-01
6.802064634426484568e-01
6.788037588673889733e-01
6.771921380773237020e-01
6.752858578335617645e-01
6.745417820725322366e-01
6.729910346383057851e-01
6.713649044612790551e-01
6.693862233324212596e-01
6.679076856990414646e-01
6.646282816391557713e-01
6.635101479475353781e-01
6.619919867479119313e-01
6.596059128914180114e-01
6.575276725765586416e-01
6.545484783291660724e-01
6.523022434080983922e-01
6.500897979826171236e-01
6.470789189535580688e-01
6.462648921084743758e-01
6.438041419573170554e-01
6.410361878917144596e-01
6.377550759178879369e-01
6.355868436614622308e-01
6.327392893793990503e-01
6.305140914770263061e-01
6.285960613860926971e-01
6.251748165889894349e-01
6.236628577125898909e-01
6.219845587626461336e-01
6.172898229193060082e-01
6.142652279025444528e-01
6.133666866497194947e-01
6.096202199385296616e-01
6.075556796988709207e-01
6.030138723661004896e-01
5.995033084221040864e-01
5.970874459216612973e-01
5.932855581115599186e-01
5.892832995838750421e-01
5.826704447924138108e-01
5.851927256717724957e-01
5.797033601576664363e-01
5.773379587249479750e-01
5.735151383703583905e-01
5.704351114894556929e-01
5.684706695957802980e-01
5.644797767340434813e-01
5.609721785245546100e-01
5.577744345271673510e-01
5.552224555394749128e-01
5.519244418609413616e-01
5.489048182219353755e-01
5.469040294033498117e-01
5.434950364976248727e-01
5.381983444923110760e-01
5.358613154212358287e-01
5.321949666821557123e-01
5.217955695115675807e-01
5.257301371940777956e-01
5.197119239082830244e-01
5.199271773774708505e-01
5.146562041138224020e-01
5.116671835039129368e-01
5.093241559424068754e-01
5.049615969264815707e-01
5.020514767278340118e-01
5.003375113668204754e-01
4.951660810150376180e-01
4.927127625557274349e-01
4.894474858657921756e-01
4.866571132554169954e-01
4.849256363562002847e-01
4.806518743016415796e-01
4.785047917649025706e-01
4.746617179118050034e-01
4.718283490300446692e-01
4.692926127165024108e-01
4.668545441572007348e-01
4.586411667249781776e-01
4.609760047307597808e-01
4.577738106495722326e-01
4.554377059770827185e-01
4.521993329580865639e-01
4.494910285779946113e-01
4.436547957570357026e-01
4.445373845784846845e-01
4.427437011224520935e-01
4.387955039057365170e-01
4.386628688289389566e-01
4.344608150153532189e-01
4.319399423983299457e-01
4.287696448811251781e-01
4.285411205769370513e-01
4.267584696256904730e-01
4.237381207374346648e-01
4.205141055965379016e-01
4.187497774446252152e-01
4.168507104077535663e-01
4.148538308160810151e-01
4.131673982978174009e-01
4.104751210314371845e-01
4.086916309880658238e-01
4.067005122877980772e-01
4.058096432537404152e-01
4.037487962289684207e-01
4.025284078521791931e-01
4.007451906984718093e-01
3.995400466671562567e-01
3.972757777209346974e-01
3.958367439748413652e-01
3.946276190953582619e-01
3.934692644669135486e-01
3.917528243196816695e-01
3.913903724891237834e-01
3.907805954261518444e-01
3.886738826548182257e-01
3.870916354470135823e-01
3.880905795828837879e-01
3.855364135806072512e-01
3.795837501092031996e-01
3.809749301039308533e-01
3.801357993277304503e-01
3.817043702640105507e-01
3.776965095376693116e-01
3.804881535525235225e-01
3.797340725004503814e-01
3.789864889337597464e-01
3.780097746314919904e-01
3.773440756045133848e-01
3.776926001550559020e-01
3.763789517400131790e-01
3.759472731091456632e-01
3.760981918031778837e-01
3.762017602112130432e-01
3.757228659612321664e-01
3.760044894964268414e-01
3.710457119249057634e-01
3.755684116850474541e-01
3.735440436472842185e-01
3.755166641474910749e-01
3.752263086411395387e-01
3.751316184914213481e-01
3.753502087646332641e-01
3.755143857837323629e-01
3.725335785164637925e-01
3.768795364230463352e-01
3.754808937193686025e-01
3.763248729955618876e-01
3.763992542117470808e-01
3.767626917050196367e-01
3.773817120713051088e-01
3.755323155095280918e-01
3.786684434300186530e-01
3.800578651422686915e-01
3.804683038299912501e-01
3.769302533064899929e-01
3.815293491657641423e-01
3.805321233697335215e-01
3.830604741161097171e-01
3.841308706042217413e-01
3.817972922222040988e-01
3.856616947081390467e-01
3.870549930659510363e-01
3.882119446117537342e-01
3.887116674536753580e-01
3.880847926865514386e-01
3.915480195521649498e-01
3.927471683709958805e-01
3.936443623150611137e-01
3.958008573085645687e-01
3.940536200650817111e-01
3.982630804465021601e-01
3.971637191922227084e-01
4.003725994579092062e-01
4.016783989046138759e-01
4.033849881882171640e-01
4.044094525522222705e-01
4.056902251262372028e-01
4.074294534012432578e-01
4.084856963220468984e-01
4.101439374406027349e-01
4.098903697029920301e-01
4.102784759521199698e-01
4.143153998009641570e-01
4.132250056701410323e-01
4.147627229839615515e-01
4.186258638619499983e-01
4.215060259466585912e-01
4.220132936145627456e-01
4.243030225505308728e-01
4.255154150192990148e-01
4.274510031766819429e-01
4.290800003902019433e-01
4.303760588299557766e-01
4.295553537721287229e-01
4.333058585644105620e-01
4.350414902854524146e-01
4.369314939711949064e-01
4.387429291352142324e-01
4.401324881456095128e-01
4.420356482478856042e-01
4.440423278938379625e-01
4.448878228977386495e-01
4.438173444721070782e-01
4.454393316932043212e-01
4.501444788773139027e-01
4.480207382775305835e-01
4.526332767016114644e-01
4.547096635227695915e-01
4.560270771116483046e-01
4.575706892776987278e-01
4.601343863849952087e-01
4.578006373800195816e-01
4.628577724730841281e-01
4.641906403595021935e-01
4.664200648400952387e-01
4.669505043272207390e-01
4.691687121161501328e-01
4.713452925681227423e-01
4.722365141442541603e-01
4.744415471270247986e-01
4.718541953495933305e-01
4.769279306809741659e-01
4.789782959528945394e-01
4.794907467939962809e-01
4.817279241692681846e-01
4.839959685311836513e-01
4.833831101301233613e-01
4.848714878442956788e-01
4.869944451188159551e-01
4.886617587700505250e-01
4.888788149067168076e-01
4.897570171462555244e-01
4.915316179380100348e-01
4.931131797140213546e-01
4.944104670290582759e-01
4.965596007786690635e-01
4.977161300363599494e-01
4.985661937824664713e-01
4.990149787497931144e-01
5.006136521326119970e-01
5.015479330750763909e-01
5.029042499109800390e-01
5.049713508731746847e-01
5.048271893903165664e-01
5.076781540673318549e-01
5.081562435858526516e-01
5.073954962667812651e-01
5.085221262558347055e-01
5.095540188570768514e-01
5.113482470007266745e-01
5.119057792035998089e-01
5.126835282751229794e-01
5.148169238208211151e-01
5.150071010889789580e-01
5.164878678626141362e-01
5.168368907415801239e-01
5.186145737198246675e-01
5.188472725633004323e-01
5.191820227811836386e-01
5.205686337149334486e-01
5.221523037863420313e-01
5.210157476261786380e-01
5.228242624932347704e-01
5.227995095759097044e-01
5.223542238791973880e-01
5.234219264139885475e-01
5.243947890039541981e-01
5.222985780241286013e-01
5.251840120209924079e-01
5.236421153440281584e-01
5.258582280927140973e-01
5.267787758434249179e-01
5.273109785162988228e-01
5.387618713199674447e-01
4.270363353536949513e-01
4.533907718302032097e-01
5.294702604220948849e-01
5.296211009891675925e-01
4.306707319957728264e-01
4.300108508350056757e-01
5.462947247100898851e-01
4.414351030635777495e-01
5.125971891993549301e-01
4.284351009051323156e-01
5.313706269048455999e-01
5.317685263172496901e-01
5.449265563869774009e-01
5.305875278464572409e-01
5.307692196429247833e-01
4.487393016900450560e-01
5.286244259836787585e-01
5.285554083128178871e-01
4.812855206102492622e-01
5.286402711784599084e-01
4.935709300307215552e-01
5.281406032217971225e-01
5.279505113207011435e-01
5.270626417478971870e-01
5.266716763291285908e-01
5.252684666912235123e-01
5.257588403944803979e-01
5.255266831803028227e-01
5.245725566425699649e-01
5.238229910658636079e-01
5.238195457614760464e-01
5.229094225394952389e-01
5.227626608449288392e-01
5.218761800055934374e-01
5.213942176327190925e-01
5.198697861042861357e-01
5.189924101053788874e-01
5.189834244393853879e-01
5.180431445445861094e-01
5.134259184879915727e-01
5.163894549386425226e-01
5.152883523096962737e-01
5.144944973535483523e-01
5.124210131795184919e-01
5.101164281784567045e-01
5.093537303012340978e-01
5.097403656891738022e-01
5.068371489530798524e-01
5.085981932468668365e-01
5.045057308283763531e-01
5.041097735291503179e-01
5.026630866115734397e-01
5.001854408438554112e-01
4.991690050292412750e-01
4.982629770247276046e-01
4.964206914793558578e-01
4.961185068074606686e-01
4.940120061703350829e-01
4.938095926094751009e-01
4.911600376771936838e-01
4.894564497681679338e-01
4.890242271559012699e-01
4.870832088286159434e-01
4.854636783520777654e-01
4.838310026631716942e-01
4.829066161153041659e-01
4.764102527066023107e-01
4.790740214003236797e-01
4.781210561560608752e-01
4.768180721683417667e-01
4.726722929982279386e-01
4.745759172622678879e-01
4.728199511908065533e-01
4.712600425436621610e-01
4.692559453247865942e-01
4.683876788367108412e-01
4.671360742338048211e-01
4.665573466746622544e-01
4.647878398535056910e-01
4.612868437776344588e-01
4.621298001843339720e-01
4.609976538063862983e-01
4.586986168724980772e-01
4.584462110494249010e-01
4.535843319086435566e-01
4.556520907353255323e-01
4.535893581395226137e-01
4.522859711059807886e-01
4.515122156419503763e-01
4.508587608240093303e-01
4.499503192868362644e-01
4.473179600431255176e-01
4.467424688330172144e-01
4.466509193146231405e-01
4.456985543987909137e-01
4.440634038188031596e-01
4.431423833207106533e-01
4.385488069396660249e-01
4.418984013038437242e-01
4.402199472029452165e-01
4.394555910530846266e-01
4.382027045588498537e-01
4.374963024643124809e-01
4.367426122859214277e-01
4.353715815434566760e-01
4.339850276466810097e-01
4.301624080908361125e-01
4.329823421914146819e-01
4.320155344304413836e-01
4.306011879571335910e-01
4.303389399896332401e-01
4.290021816528319376e-01
4.285003927336198393e-01
4.286677160793452290e-01
4.274551967445498479e-01
4.272470628607206167e-01
4.257288810614527907e-01
4.254324795547518856e-01
4.249020287047695077e-01
4.251266847988602882e-01
4.245298683667793060e-01
4.242336905609290221e-01
4.239834573324760547e-01
4.243539227723301388e-01
4.221421477615078244e-01
4.221143582118437321e-01
4.192952577993945829e-01
4.190539146891053002e-01
4.184674959236377445e-01
4.205910690650419004e-01
4.206901024858739069e-01
4.207149415809256499e-01
4.210946226207582521e-01
4.207917612865466062e-01
4.203778083463504123e-01
4.213533636246599712e-01
4.182542888719825158e-01
4.211364179002043406e-01
4.185599572472407104e-01
4.211753200656198071e-01
4.206953721729407292e-01
4.215826086371805559e-01
4.215662660773778492e-01
4.215909691296260142e-01
4.225296275270218893e-01
4.226320087368988787e-01
4.217140497865892734e-01
4.231568857410479834e-01
4.234044685291403765e-01
4.244197059744997391e-01
4.249676800564407553e-01
4.246006728928139462e-01
4.251770067585024515e-01
4.253304785222208340e-01
4.257036760732797465e-01
4.266767333114918626e-01
4.274917495260489586e-01
4.273135487949214495e-01
4.281337976425846348e-01
4.291125599698044080e-01
4.300850164660179886e-01
4.309999535122354120e-01
4.316262255428088834e-01
4.318846763910522135e-01
4.323799483476001848e-01
4.340526329956243545e-01
4.343505631748589835e-01
4.351432564204240072e-01
4.361244331212240644e-01
4.372605917599088343e-01
4.383160363897711798e-01
4.389391895704343183e-01
4.392860569148294148e-01
4.407250163103967333e-01
4.416566648532707084e-01
4.425984847712103321e-01
4.432091708926973461e-01
4.441178461777244291e-01
4.455587637977145299e-01
4.470835573245961481e-01
4.473660209029577950e-01
4.479936348290238790e-01
4.492175176449238472e-01
4.503455184734940775e-01
4.510026931489244384e-01
4.523715246665408474e-01
4.545506985025171698e-01
4.542313134421310239e-01
4.556604939244155994e-01
4.568141206870131588e-01
4.575993014884700560e-01
4.587330258453923837e-01
4.599678933698317373e-01
4.606849916124807764e-01
4.617567207950195596e-01
4.637828727783439020e-01
4.651329631330971548e-01
4.661616284815968125e-01
4.669943355971536425e-01
4.683800674302804889e-01
4.700124828627855744e-01
4.706005748711519776e-01
4.717423132939594366e-01
4.729184274524544929e-01
4.738832523832635091e-01
4.753253186319607027e-01
4.767076189059117342e-01
4.772123611196802395e-01
4.789641654178063424e-01
4.799497273679909082e-01
4.820034046618173473e-01
4.816731774786094378e-01
4.837269636455246991e-01
4.841334875716346575e-01
4.850041970100791300e-01
4.837373112685732779e-01
4.870048412999103404e-01
4.873579125611244844e-01
4.890157257013863501e-01
4.900557333734084642e-01
4.907374214274978219e-01
4.921086233798872001e-01
4.927726586305425371e-01
4.938761082838679650e-01
4.936403219738813575e-01
4.973573985300500100e-01
4.946948690624251577e-01
4.951556701328161392e-01
4.964888684076284031e-01
4.998926416802756401e-01
3.008295386064525068e-01
4.169766363719175639e-01
4.403263052178142400e-01
4.096075929322905984e-01
5.045878064360392878e-01
5.037628873415467279e-01
5.043965728876667054e-01
5.058302578575074593e-01
5.034968521577531941e-01
5.033474166637901259e-01
5.038727009456099859e-01
5.038304995097362404e-01
5.035358490941115317e-01
5.030475501849547282e-01
5.045420632241347514e-01
5.049833085184439740e-01
5.058936216812298658e-01
5.068617871640438421e-01
5.075648776855038458e-01
5.081837395844495120e-01
5.090762081742615797e-01
5.099441059184831593e-01
5.105748385527425492e-01
5.112972859535861447e-01
5.119105450074452612e-01
5.124352837781636083e-01
5.130530009870247765e-01
5.134996392834607626e-01
5.139503223245787122e-01
5.142894744732520174e-01
5.144332255073454929e-01
5.144250292499381594e-01
5.148200434661196478e-01
5.147921195885307721e-01
5.152271945378226192e-01
5.150881918950835914e-01
5.152318079861728517e-01
5.152671997652044089e-01
5.151641236609871832e-01
5.155984169377850757e-01
5.153592198344546516e-01
5.154283679078972558e-01
5.153559846868531746e-01
5.156736483694132067e-01
5.157964302151778480e-01
5.157038383722890584e-01
5.157468397622319012e-01
5.155116873926619547e-01
5.156020657862515622e-01
5.156062645026754376e-01
5.157743646353953881e-01
5.157741464913064844e-01
5.157212622124518475e-01
5.159350675510072648e-01
5.159048548021998304e-01
5.160391335239148392e-01
5.158234683121597497e-01
5.156965104527595489e-01
5.159129174784796712e-01
5.156450924057019991e-01
5.159838628498095714e-01
5.156901118064420864e-01
5.156167222461159882e-01
5.158432354028986699e-01
5.158785334658692046e-01
5.160598008139161141e-01
5.160709807464860521e-01
5.162584611445358851e-01
5.160676190596920065e-01
5.152500733396766508e-01
5.153986307325382210e-01
5.157387491425614590e-01
5.159841425907244483e-01
5.157692796878700081e-01
5.158175795950992182e-01
5.159324981012189948e-01
5.158222556448971430e-01
5.160568780370435871e-01
5.159668807700826809e-01
5.159882448344457195e-01
5.161207533303193706e-01
5.157880997657517952e-01
5.160902131241619228e-01
5.156066599901567571e-01
5.160162828984298233e-01
5.153576167609603687e-01
5.154615065614353009e-01
5.159211896038915501e-01
5.155799745760789587e-01
5.147485001887127654e-01
5.148311202181484747e-01
5.150718165790247882e-01
5.143545720825943857e-01
5.147208744935949376e-01
5.135579143391099111e-01
5.133341627254982553e-01
5.127719408225190900e-01
5.125430497584251288e-01
5.121456522227375574e-01
5.116814027517128105e-01
5.113929061009223620e-01
5.110372696398491899e-01
5.095661142421773482e-01
5.094493283512795401e-01
5.083562429052037590e-01
5.080624273406133540e-01
5.066819950042832366e-01
5.064342125822531848e-01
5.059606154797603450e-01
5.050530745897582330e-01
5.041416253310009310e-01
5.036983108943882126e-01
5.031081250311724151e-01
5.021640125962598677e-01
5.011386554544520200e-01
5.002602729115409597e-01
4.994855600996725986e-01
4.996175072687156216e-01
4.984204157780967037e-01
4.972845883475441875e-01
4.968612505480297648e-01
4.951338789069481550e-01
4.955753192479941394e-01
4.939548939291982799e-01
4.925104355403377987e-01
4.922145934394041022e-01
4.919470055384628782e-01
4.910220775120926473e-01
4.906273510297197160e-01
4.891270394312926539e-01
4.881750754077460175e-01
4.874798293640958402e-01
4.862349289793452267e-01
4.856386873744653054e-01
4.840662775931954820e-01
4.834181880921010754e-01
4.836527159927198061e-01
4.817665226472408468e-01
4.809967549923292451e-01
4.816017695174968360e-01
4.797127655242361399e-01
4.789095452384175555e-01
4.774265839480935636e-01
4.768963470295582430e-01
4.763962149937662205e-01
4.755012443288206825e-01
4.749333779017056445e-01
4.738873003813525164e-01
4.738269575266317868e-01
4.721931557317375905e-01
4.719608358163261408e-01
4.705729032016337521e-01
4.700690433919103572e-01
4.695658592158259426e-01
4.682462298798103495e-01
4.674239484007732814e-01
4.670089174512768726e-01
4.664580229352136009e-01
4.662077056088322347e-01
4.657332448202908814e-01
4.651521146334264833e-01
4.637231235383169614e-01
4.629575966435852674e-01
4.620621988807444569e-01
4.616960282645546920e-01
4.611229569178122989e-01
4.607760836080941336e-01
4.598499381793027529e-01
4.589961816104464187e-01
4.589594469622733097e-01
4.582914496515620995e-01
4.583611475909360466e-01
4.574569514237447621e-01
4.563182787312348165e-01
4.567960024571556255e-01
4.559987180073687418e-01
4.559386055196839038e-01
4.551702166751345202e-01
4.548555084616365263e-01
4.539491745261993172e-01
4.543637791133073867e-01
4.535310336056231906e-01
4.493518951454469890e-01
4.526175886665602111e-01
4.524556972649751985e-01
4.525444127138544825e-01
4.522471484483316928e-01
4.516204860051280523e-01
4.513921605009540428e-01
4.513911481304946904e-01
4.500127098163885786e-01
4.501042721863505180e-01
4.500116952371564505e-01
4.506283195306276523e-01
4.466529115231633873e-01
4.491764311800829357e-01
4.487076366332980459e-01
4.487213841428303041e-01
4.483100632685469988e-01
4.483248178183187882e-01
4.479255298385346751e-01
4.486064734854673386e-01
4.475467066629497670e-01
4.476609446470707909e-01
4.471786167623042485e-01
4.474834868510390584e-01
4.478893328877382451e-01
4.471380025776036105e-01
4.472262548207998067e-01
4.469614322374689253e-01
4.460685705350261876e-01
4.464790530886004749e-01
4.464594901362421431e-01
4.460609016385713721e-01
4.461155336767925195e-01
4.458243448829805056e-01
4.454125243487434549e-01
4.456797018841007207e-01
4.459251048190676636e-01
4.449453957302376694e-01
4.449479671170355477e-01
4.449814344484662176e-01
4.449630986063631832e-01
4.450238602118153364e-01
4.440393138225992575e-01
4.443977047333724784e-01
4.447557191052832759e-01
4.449963275747689240e-01
4.439195067253431382e-01
4.438425352726390050e-01
4.438441232263292680e-01
4.438631006901357368e-01
4.439250215053066051e-01
4.435326669205486572e-01
4.432741191522880930e-01
4.402447065486043143e-01
4.432839633484521036e-01
4.426480149488166149e-01
4.425159417237164994e-01
4.424615700187610745e-01
4.428674324377117610e-01
4.428108008567477882e-01
4.417866525245044418e-01
4.420702613595567931e-01
4.415360977398227194e-01
4.421439283294195666e-01
4.413429851384678138e-01
4.420389932389462428e-01
4.415474322539617025e-01
4.410717350644753898e-01
4.406560099668250241e-01
4.409906617424703690e-01
4.408015358843684339e-01
4.379279859009409526e-01
4.405359715956036482e-01
4.402117775114561260e-01
4.402551810143049971e-01
4.402573674064611531e-01
4.377036143798547219e-01
4.402818803958213345e-01
4.402709294246989757e-01
4.396575168388309751e-01
4.399810632246972109e-01
4.395922557778487727e-01
4.390808764004228149e-01
4.392347573332457400e-01
4.392637153834249020e-01
4.395932710684958278e-01
4.388978275842739252e-01
4.397887960092900506e-01
4.386097737944825159e-01
4.389087649153725068e-01
4.394054784235252864e-01
4.388978275842739252e-01
4.387135430505636480e-01
4.395705298817446094e-01
4.387572299491618311e-01
4.363411752210692440e-01
4.385614344942443954e-01
4.386454473574930013e-01
4.374371343707264548e-01
4.392876164910202719e-01
4.402644370170430976e-01
4.394717599470761571e-01
4.390102895092946045e-01
4.399973379511911697e-01
4.403360042906258043e-01
4.399791829953570432e-01
4.397052188227341674e-01
4.405050611887291190e-01
4.408493006492863464e-01
4.406678598317018691e-01
4.407523916965929711e-01
4.404515330727379330e-01
4.413521926678025675e-01
4.414474246550288972e-01
4.423652632968376186e-01
4.414065345927853934e-01
4.425341771558602977e-01
4.423520995314292326e-01
4.422566792557579007e-01
4.425821912699594574e-01
4.432067233629197744e-01
4.432573575342489414e-01
4.434144485653313539e-01
4.442808182580248455e-01
4.440116482056923886e-01
4.428817980467793514e-01
4.447172378729347120e-01
4.452763765096142135e-01
4.453655600004395310e-01
4.457078531297752888e-01
4.460782115212855725e-01
4.459121312253410130e-01
4.471992909057142529e-01
4.475139284794047434e-01
4.476335854703696326e-01
4.478378479817345936e-01
4.483115970673567929e-01
4.490044428802491550e-01
4.492579434283184847e-01
4.495615952289523931e-01
4.501884916643865697e-01
4.508143765226709787e-01
4.507616507386907889e-01
4.517489996301495281e-01
4.519498914337378159e-01
4.522866565191694388e-01
4.525433433091397561e-01
4.540107008479933315e-01
4.541007634252068881e-01
4.547378354516795618e-01
4.548439168389124543e-01
4.558658732438310435e-01
4.568006276259461984e-01
4.570666862744309222e-01
4.577143517187523547e-01
4.583970529650348014e-01
4.594133548086598018e-01
4.599409818677816508e-01
4.600753137525147030e-01
4.603743992435272991e-01
4.610956096778563995e-01
4.625629621568339567e-01
4.622470623848639604e-01
4.630167657662275782e-01
4.637650306229045838e-01
4.644367897991661942e-01
4.653099228783925678e-01
4.651391454044722651e-01
4.655518493160688553e-01
4.658483454275697544e-01
4.675184214182275255e-01
4.680075641235534323e-01
4.688319161319040029e-01
4.690862245481942638e-01
4.701240739947381564e-01
4.678506787759522112e-01
4.715524190169478325e-01
4.718470239648439035e-01
4.724028902009769215e-01
4.732648347997526761e-01
4.741222400601924347e-01
4.732115291655913381e-01
4.742160846957091946e-01
4.746982709121700950e-01
4.747963099597332093e-01
4.745282007536609781e-01
4.749868051926688373e-01
4.759124436247423318e-01
4.763711194047882125e-01
4.162315543159594289e-01
4.891061972297902072e-01
4.731576020333161936e-01
3.605584590770556375e-01
4.776721739443987591e-01
4.772678683802509259e-01
4.832225599312395259e-01
4.816685602241047581e-01
4.766190728394725240e-01
4.849876703878164275e-01
4.852851031766817202e-01
4.858515682443801387e-01
4.849947318830137855e-01
4.863192761455580881e-01
4.862628030908118237e-01
4.857432787728680479e-01
4.868301740059078342e-01
4.873082574369020370e-01
4.870656297926428957e-01
4.872170658181932956e-01
4.852109648076990411e-01
4.865734360580669104e-01
4.875285447527818450e-01
4.885328872766135366e-01
4.895694878935745731e-01
4.908645990400664627e-01
4.916973669340621300e-01
4.926347987774431503e-01
4.933245721404443396e-01
4.940212062385176406e-01
4.947625926495242688e-01
4.951048616297714089e-01
4.952075148618411138e-01
4.956528956468097546e-01
4.957660550370951436e-01
4.960387507896585890e-01
4.962256485563936170e-01
4.965522435665550294e-01
4.967039471009936369e-01
4.965824295098425489e-01
4.970859405607005455e-01
4.970839596440043140e-01
4.970660797000091558e-01
4.974804637267539742e-01
4.974250146759126023e-01
4.972607017459666490e-01
4.973900663695174917e-01
4.972857546770552140e-01
4.976593245623536221e-01
4.977639109243554572e-01
4.981100213976568658e-01
4.980681348147408261e-01
4.979963753007065619e-01
4.979673815795208625e-01
4.979279323905771437e-01
4.979279323905771437e-01
4.978406571897381339e-01
4.978414234383562453e-01
4.979006511435897231e-01
4.979006511435897231e-01
4.979572454371163914e-01
4.980854130941277935e-01
4.979752043255472604e-01
4.979428051854546400e-01
4.978951149519819652e-01
4.979745414255782876e-01
4.980710362730322860e-01
4.981114671001771188e-01
4.981718677465064027e-01
4.982309170804639087e-01
4.981451041855677886e-01
4.981524579462955904e-01
4.982383377688121562e-01
4.981422082909643945e-01
4.982100162147291567e-01
4.982869047384635430e-01
4.984174627352510600e-01
4.983093047446187640e-01
4.982609580670493421e-01
4.982537631804031530e-01
4.982271587936431545e-01
4.981590096653160105e-01
4.981316515879793960e-01
4.984174617235966331e-01
4.981162690235754198e-01
4.983940849651377070e-01
4.982037903665031409e-01
4.980924797018481121e-01
4.983099295844369281e-01
4.982255518300651165e-01
4.983567993674780094e-01
4.981786425124654083e-01
4.980882520867835339e-01
4.983425515377816750e-01
4.986002973393225957e-01
4.985430292919931783e-01
4.983185746309016229e-01
4.983790962327582230e-01
4.984363845355982980e-01
4.987300407399363200e-01
4.988736378762432255e-01
4.981385671994870701e-01
4.983292631507235670e-01
4.981674212469048846e-01
4.983004608941629665e-01
4.985943600492823147e-01
4.985209228944251225e-01
4.986980288262280459e-01
4.986470794984291799e-01
4.985947114075447439e-01
4.986212298632966000e-01
4.988446319082953662e-01
4.984950877489645049e-01
4.986950602536507349e-01
4.988258309059181994e-01
4.985164207759050781e-01
4.984228933741455814e-01
4.985903168742957248e-01
4.982860691481880711e-01
4.984126125726863199e-01
4.986032965571267628e-01
4.983298432812015566e-01
4.979863862145051390e-01
4.973477724714783776e-01
4.976277066032480656e-01
4.978241369014578810e-01
4.969749371840131436e-01
4.968516249837824361e-01
4.961363244083001334e-01
4.961480499371469510e-01
4.958655245832008784e-01
4.951136805518627226e-01
4.951047854323943342e-01
4.946850989922224051e-01
4.946356013831243459e-01
4.938345302691505290e-01
4.935920465986662897e-01
4.937425089761424690e-01
4.931994264994959964e-01
4.929947332531364190e-01
4.927505007487567035e-01
4.918598540497122196e-01
4.912779977261443887e-01
4.909089223062060303e-01
4.908401946409262639e-01
4.903953915681927844e-01
4.892751991093636788e-01
4.890656907938409903e-01
4.886350451370649051e-01
4.884412904427549718e-01
4.879379908718288750e-01
4.866757307866070859e-01
4.867121066430156184e-01
4.859202891641009048e-01
4.857283801853647387e-01
4.859547462715228527e-01
4.845170411446425573e-01
4.842052324563303478e-01
4.835965129426710307e-01
4.841416205413933693e-01
4.835718085101613495e-01
4.825404238008368929e-01
4.816413132805185127e-01
4.817941927707025118e-01
4.813938548514591353e-01
4.804133316989460112e-01
4.799013194148610273e-01
4.797393956054613051e-01
4.798508025917752606e-01
4.786121290931201200e-01
4.785079023454009151e-01
4.780972482103590382e-01
4.774189572830084272e-01
4.774570006855579640e-01
4.770700256143448614e-01
4.765847695455384114e-01
4.760227302543849626e-01
4.754478741565347777e-01
4.755795918435133385e-01
4.753950826106254079e-01
4.742813606156885409e-01
4.740207969226740148e-01
4.742132245065612817e-01
4.742275257963945445e-01
4.731749821269524703e-01
4.729101621982498838e-01
4.725678713304629075e-01
4.718760715927916016e-01
4.721798017353275312e-01
4.715844822984374130e-01
4.709520981203647594e-01
4.708945460568752517e-01
4.706899581537821731e-01
4.708339847723316818e-01
4.702878252397887371e-01
4.702777731336932332e-01
4.696707784448221901e-01
4.693060111858314842e-01
4.697494474089418670e-01
4.695241745743872208e-01
4.688538655989585857e-01
4.689022380063791462e-01
4.682510018146051056e-01
4.681897839973008790e-01
4.680678251501062537e-01
4.682663413462942459e-01
4.681734864272065755e-01
4.679683167262120302e-01
4.679000320908416333e-01
4.677153249820402703e-01
4.676386251153056839e-01
4.670171687788067794e-01
4.667522719811318388e-01
4.674862164687390576e-01
4.670893318094840874e-01
4.674369931388279720e-01
4.674943926389612536e-01
4.668767017877497594e-01
4.665721623331663404e-01
4.669943650599817642e-01
4.666211961624980309e-01
4.667327456919284634e-01
4.665127558884788472e-01
4.665451986613293744e-01
4.666609594969970964e-01
4.660345424981170992e-01
4.667742117261034496e-01
4.661816366231499864e-01
4.666846346320346339e-01
4.663098968041075043e-01
4.666709594301259867e-01
4.662931448773505738e-01
4.664970953851738100e-01
4.663514793058881058e-01
4.659981446265363259e-01
4.657587477951796173e-01
4.661213754989305680e-01
4.661411921820720061e-01
4.657843991474309164e-01
4.661386701082255724e-01
4.660053130725816950e-01
4.658454056040503555e-01
4.659533326393561214e-01
4.657987990145041612e-01
4.658099839954434329e-01
4.657151449500705476e-01
4.651965602077534068e-01
4.658073726846372886e-01
4.653152131632149469e-01
4.652362117085510063e-01
4.654054957241540169e-01
4.650948580945961641e-01
4.656069810494128380e-01
4.652185356773780311e-01
4.651307649839352409e-01
4.650426520994450641e-01
4.649128967659265643e-01
4.649376095919496299e-01
4.652260822180396271e-01
4.640952379375079540e-01
4.644805023976177338e-01
4.641736533039011459e-01
4.645388344109853129e-01
4.640587973720521897e-01
4.636853236074011120e-01
4.639732609395806895e-01
4.638987374333946034e-01
4.639341794520323581e-01
4.636193441102061663e-01
4.634960404886461771e-01
4.636757810306732508e-01
4.632089222124177730e-01
4.633874767172437847e-01
4.632092368191345622e-01
4.632777697949180262e-01
4.629601825659163672e-01
4.626870505597505123e-01
4.628439563444963767e-01
4.628955767153504763e-01
4.630118970714715010e-01
4.626177825793794107e-01
4.626405045274376016e-01
4.623989057180039608e-01
4.622833167342526584e-01
4.623871844818283061e-01
4.623806562641739615e-01
4.619973506447872524e-01
4.617206920469316689e-01
4.618765528364143225e-01
4.620081359708656521e-01
4.622495365029236081e-01
4.618805221545966289e-01
4.616466352161793796e-01
4.620385284817530303e-01
4.618945830669465846e-01
4.623582814164876043e-01
4.616906750152386940e-01
4.619922944874745308e-01
4.618773696696558684e-01
4.618939769267689788e-01
4.621636732651995261e-01
4.620205816399330923e-01
4.620007041111820478e-01
4.623248399010915777e-01
4.628773620969640623e-01
4.621319667402478126e-01
4.624432156669427418e-01
4.624388202556741212e-01
4.626306938162603744e-01
4.635825668735730765e-01
4.626865643323725963e-01
4.627248454252199661e-01
4.636655233548456767e-01
4.636775871313040809e-01
4.635466243027334121e-01
4.635827525534926830e-01
4.633946104008934697e-01
4.642486221194159213e-01
4.642261147003514665e-01
4.657339924967145439e-01
4.645862428098353480e-01
4.647490014495128108e-01
4.653058049325222711e-01
4.657278756239790485e-01
4.656476149595112912e-01
4.654868359197951166e-01
4.659715046953728512e-01
4.649425671379928127e-01
4.641708390005113150e-01
4.659933895871080645e-01
4.671303919844982389e-01
4.668813257285457929e-01
4.671207771719380619e-01
4.674741222441101685e-01
4.678608710847197427e-01
4.677520302464578394e-01
4.682543278708160561e-01
4.671843588041655893e-01
4.661974117162931419e-01
4.683775315097415959e-01
4.682818627279842771e-01
4.684598243021128594e-01
4.688183695574727472e-01
4.686309303305065121e-01
4.693797073641396422e-01
4.665799107498109222e-01
4.694689305108512567e-01
4.698922414071690645e-01
4.693321693595555733e-01
4.668875852449169139e-01
4.703815989354727112e-01
4.696689959145192161e-01
4.699818138145714363e-01
4.683182740803832345e-01
4.702115729545143785e-01
4.694171071986807386e-01
4.700839140801295613e-01
4.701637838538840208e-01
4.703529676086873890e-01
4.698829366519214901e-01
4.702185752553494358e-01
4.708333326000339603e-01
4.713750759164498372e-01
4.705058056078306739e-01
4.713887823826367063e-01
4.705878515658912797e-01
4.709736735037980959e-01
4.708494560629002956e-01
4.706346292345121030e-01
4.709564112118050372e-01
4.704163288452298253e-01
4.709136535127022571e-01
4.708330521504857646e-01
4.698137654846650246e-01
4.702363775160990356e-01
4.704393379998369484e-01
4.707470420257575672e-01
4.703311916501024537e-01
4.702161836463193412e-01
4.708402673127966009e-01
4.704479979550973967e-01
4.705035116498917369e-01
4.715691851888377806e-01
4.702411744721973208e-01
4.701620945248565775e-01
4.709697248988904961e-01
4.710814607704149615e-01
4.709560558736760605e-01
4.703164738373658560e-01
4.711958375890507589e-01
4.705340299324348718e-01
4.705474657501148572e-01
4.707229900018105595e-01
4.705907702987769392e-01
4.709784792302803003e-01
4.707016814918434378e-01
4.705949401715502911e-01
4.701558002363033784e-01
4.702139018457789366e-01
4.707061294084678438e-01
4.704924368902346776e-01
4.705320715823171351e-01
4.697664197558497623e-01
4.697740546080834689e-01
4.694116227180593626e-01
4.698662984509523466e-01
4.693699504536720801e-01
4.697871757465277298e-01
4.687073436992966191e-01
4.691967013807761822e-01
4.690767739844693973e-01
4.692470547815938420e-01
4.691959252153514726e-01
4.671438340445647208e-01
4.668014097303985199e-01
4.690234276986761097e-01
4.693473209000666446e-01
4.686394391721544483e-01
4.689401956082372980e-01
4.689597683733310873e-01
4.682718523537288680e-01
4.683602802692268252e-01
4.688492428806127488e-01
4.684257237231468363e-01
4.686503624524196443e-01
4.680330779574639055e-01
4.675843123209324492e-01
4.679568568297002851e-01
4.678991351794395404e-01
4.683382658685949496e-01
4.682544060736499869e-01
4.672886912337584908e-01
4.678810274907399536e-01
4.676553104992027254e-01
4.677805775826697210e-01
4.680234293537652857e-01
4.676429121144136669e-01
4.675211693654963141e-01
4.674871349352414107e-01
4.675847026827175679e-01
4.677170119088121525e-01
4.683077220249757810e-01
4.674685572961695401e-01
4.677718894809714811e-01
4.687574163477345457e-01
4.681315997534464257e-01
4.690536238827366922e-01
4.681692835542190512e-01
4.688952794478650765e-01
4.685687108703797676e-01
4.684120281465178337e-01
4.684199163299116453e-01
4.689870555650589301e-01
4.690890716314339293e-01
4.693241992698872767e-01
4.689525128437104784e-01
4.695554679831697720e-01
4.691902198027973481e-01
4.693564454932119268e-01
4.696032144908788286e-01
4.701764175776652621e-01
4.697479889481961379e-01
4.701908367281010803e-01
4.704429544329826740e-01
4.700271133522699318e-01
4.702860975543498023e-01
4.701420808698946741e-01
4.699628196359520449e-01
4.707784176278861921e-01
4.707317536699494043e-01
4.704173721315477730e-01
4.703012902450289801e-01
4.706441328602939955e-01
4.704887121285675766e-01
4.703668192822502148e-01
4.703250005712469872e-01
4.705678480408012621e-01
4.703481534424541199e-01
4.702645929903731536e-01
4.702482659792602271e-01
4.701990267504579935e-01
4.705861046768382572e-01
4.700557681867454374e-01
4.699328548937266592e-01
4.699973529401829109e-01
4.701088978953293362e-01
4.700101929237034404e-01
4.705945545339475511e-01
4.708154935620463832e-01
4.714466035411695177e-01
4.717151141132432390e-01
4.723173561930431030e-01
4.730392771644671424e-01
4.740269016277038339e-01
4.747832332636872099e-01
4.753296064260241760e-01
4.760424215420728800e-01
4.765764386848806988e-01
4.772514357071482305e-01
4.782476026345289233e-01
4.785860759804367870e-01
4.791312974562901839e-01
4.795401157316386276e-01
4.798354951314726669e-01
4.800179380195973011e-01
4.805494739271622406e-01
4.807003193624195814e-01
4.813315471280870672e-01
4.814185831889562506e-01
4.817851111558402177e-01
4.822496225098445444e-01
4.826152672374247610e-01
4.827981276804375055e-01
4.834630785710427592e-01
4.836199032385693486e-01
4.838578899003808664e-01
4.838743471844335620e-01
4.841146003146686860e-01
4.842069497502006770e-01
4.844954741786101637e-01
4.848201089096413341e-01
4.848682311749077933e-01
4.847901218340346374e-01
4.849951376866733499e-01
4.851123050379559931e-01
4.852223661010579003e-01
4.851767039072739651e-01
4.851421929884007223e-01
4.851073831052200580e-01
4.853259936528366292e-01
4.851333826609985356e-01
4.852230102062515815e-01
4.852587767238943361e-01
4.853883323764058288e-01
4.853885317883533945e-01
4.854817823842400570e-01
4.856476507014416688e-01
4.855336440777004992e-01
4.855899773063819813e-01
4.855172570316813596e-01
4.856261706231629338e-01
4.855568854880146223e-01
4.856592175930574129e-01
4.856010519356636634e-01
4.854458881926807523e-01
4.855313200696323439e-01
4.854642482780316959e-01
4.854324188439085863e-01
4.857254323220360770e-01
4.856843676617356165e-01
4.856869872164159552e-01
4.859039310253536748e-01
4.855414968702402856e-01
4.857495756148019761e-01
4.857506196845985946e-01
4.858707698484757143e-01
4.858381978978631444e-01
4.859305214260639660e-01
4.858662418929103888e-01
4.861196372516726205e-01
4.858759168521875060e-01
4.856582158551543960e-01
4.855537494845491020e-01
4.856715859157326176e-01
4.857972877992230432e-01
4.859345551797365492e-01
4.860579845956107814e-01
4.860154676774958715e-01
4.858236638332725232e-01
4.857582287868252302e-01
4.860265015929301491e-01
4.856742118709073130e-01
4.855883768076499352e-01
4.859634819211090528e-01
4.858837997825879440e-01
4.858636034727465414e-01
4.859896575036301569e-01
4.859796849319625855e-01
4.859123474481162885e-01
4.859773661412291612e-01
4.855877555335978424e-01
4.857596124582043706e-01
4.858681999393167361e-01
4.860995571616562039e-01
4.857587926482871410e-01
4.851878621275063641e-01
4.854863753503951829e-01
4.849586133291197698e-01
4.850068362690507229e-01
4.848337184921740484e-01
4.845411780860003903e-01
4.849392379158332100e-01
4.834715220166294070e-01
4.837104491185265642e-01
4.833022251811288639e-01
4.833494118542738249e-01
4.829301246481318421e-01
4.818647993118811979e-01
4.821687400156582370e-01
4.819199392643844226e-01
4.816909933774636277e-01
4.808963668993526119e-01
4.805401985815699883e-01
4.808521414812905737e-01
4.800683129332201649e-01
4.793703243925111490e-01
4.784615806007915806e-01
4.783661481934737836e-01
4.777907466600715969e-01
4.775190542195917320e-01
4.765770316528805117e-01
4.767698455173010053e-01
4.763656074611882785e-01
4.758334807017403079e-01
4.751933284208265107e-01
4.746428453210728704e-01
4.745010632008895834e-01
4.745855893839269202e-01
4.738275147613414395e-01
4.739630282829591090e-01
4.731121159254152442e-01
4.725531445322239121e-01
4.721835752844250611e-01
4.719094968015170588e-01
4.718658224422295766e-01
4.715410464264131463e-01
4.700321829815736763e-01
4.702010603967196611e-01
4.703744117834907090e-01
4.702374318703730349e-01
4.698370091441941288e-01
4.702342130981158053e-01
4.693771552963580951e-01
4.689485167732873605e-01
4.689078946377938095e-01
4.684758500057781272e-01
4.684117677891461162e-01
4.690138635014598489e-01
4.680995457571955343e-01
4.684902630039079474e-01
4.683458625316101465e-01
4.680943553291505022e-01
4.679174745746905728e-01
4.679683727188769238e-01
4.677739126777406553e-01
4.676514134562303471e-01
4.677823570173770817e-01
4.675110547830801933e-01
4.674627449248280886e-01
4.680145697992202369e-01
4.670209468782019480e-01
4.671386160325697312e-01
4.674873769087418696e-01
4.674006674234689185e-01
4.674088324814879014e-01
4.674133694699286745e-01
4.680361845292523304e-01
4.678310542615268242e-01
4.681830961913424627e-01
4.678917212945539195e-01
4.680626691966357500e-01
4.677008438425875325e-01
4.684892848841001878e-01
4.679729139370872870e-01
4.683817448650877124e-01
4.683814933151858040e-01
4.687359976637622827e-01
4.686412697528670734e-01
4.692845252560896574e-01
4.688789195847924418e-01
4.689338238964160799e-01
4.687694984143680466e-01
4.695817573643061293e-01
4.693468009832404975e-01
4.703029110007999614e-01
4.694037403794314445e-01
4.693838950458546488e-01
4.702191471782595777e-01
4.704328290071582708e-01
4.699363051736250019e-01
4.705967894135062446e-01
4.709689963086572395e-01
4.704352602892988289e-01
4.706802319615443486e-01
4.709925598445862116e-01
4.706606509514432157e-01
4.713057791932098173e-01
4.715022625048037597e-01
4.713609644508745533e-01
4.715174658307854094e-01
4.715812303786314774e-01
4.717434190488961621e-01
4.717893235434135191e-01
4.721262147732308567e-01
4.718435648275580152e-01
4.716680112903089972e-01
4.723329582597056708e-01
4.717420883415652799e-01
4.719986651317735205e-01
4.719836722553733543e-01
4.723115398728084946e-01
4.725538140684396593e-01
4.727762184496159814e-01
4.725220404819182041e-01
4.726447154397726003e-01
4.721140433716841667e-01
4.720369104982510278e-01
4.728549982259192541e-01
4.724461288215323629e-01
4.726773095327935215e-01
4.722687011994971540e-01
4.723443307018169168e-01
4.722613345160656118e-01
4.724823212278229101e-01
4.727945070113483417e-01
4.722669801536695799e-01
4.726905586138795412e-01
4.723810638001944007e-01
4.724599594965023241e-01
4.722627332958355684e-01
4.726477139087251200e-01
4.726299082730192058e-01
4.722929770763076851e-01
4.724278645260351350e-01
4.724353392763513404e-01
4.725520878832162319e-01
4.724436947465014969e-01
4.723473444504036056e-01
4.725530301890549234e-01
4.722588284582049933e-01
4.724349079393509454e-01
4.722502133397387114e-01
4.721420736373081462e-01
4.722888822289665334e-01
4.722481172581925457e-01
4.721954296649410465e-01
4.722517433386206887e-01
4.727453530915545765e-01
4.719867653115011330e-01
4.722618439116795797e-01
4.721054488192139575e-01
4.723644117189160774e-01
4.722086914681845604e-01
4.722649672214155880e-01
4.723899641871867616e-01
4.726631032676285593e-01
4.724059626542567725e-01
4.725144804515271635e-01
4.724181804284919850e-01
4.721834626605305729e-01
4.717764712674280547e-01
4.724834874524094785e-01
4.727163219654268445e-01
4.723589291190636308e-01
4.727325338878649030e-01
4.720997798148046098e-01
4.723381336007854148e-01
4.722722425925439116e-01
4.725705350383303527e-01
4.726273629451883118e-01
4.725624277563958420e-01
4.724203856680243563e-01
4.721230638312570727e-01
4.724396056045202519e-01
4.720693124889399073e-01
4.725624277563958420e-01
4.724877032429198875e-01
4.726032208311714555e-01
4.721713590871203237e-01
4.724087848830108571e-01
4.725242936981116082e-01
4.727228493535053366e-01
4.725105859255710472e-01
4.727234920404077556e-01
4.722368072128034777e-01
4.721901705591060039e-01
4.724711942501033657e-01
4.728356912212374197e-01
4.721762513387712246e-01
4.724906033473412759e-01
4.724028095606205846e-01
4.721495305092385797e-01
4.724162940407099498e-01
4.723832633878078391e-01
4.720765311066928427e-01
4.720878580993868034e-01
4.718832619910027781e-01
4.719135795530204902e-01
4.716466749911963352e-01
4.719233354739774122e-01
4.718648966637205011e-01
4.719975944741334195e-01
4.715637483412211117e-01
4.714156175469907395e-01
4.714866647442428338e-01
4.714409271745529928e-01
4.715298337411370500e-01
4.710379206575577848e-01
4.706947830264048283e-01
4.709398191692427682e-01
4.709025951483871153e-01
4.708801495102222234e-01
4.704231063435123650e-01
4.705650226738242181e-01
4.702374863425608509e-01
4.704921058126035893e-01
4.701254477919831198e-01
4.699769154864018583e-01
4.698424652632417486e-01
4.698876924181086268e-01
4.701456876266266738e-01
4.700227773235816087e-01
4.701150579857265033e-01
4.694033348682989937e-01
4.697911088710221561e-01
4.699335613320150262e-01
4.693118623919989019e-01
4.698085350183454634e-01
4.696321914705156586e-01
4.696653087385840308e-01
4.697059004357383993e-01
4.696012888045777434e-01
4.697241178373823267e-01
4.697070439981399503e-01
4.689230190409787169e-01
4.693192080740148375e-01
4.693674126170429006e-01
4.693674126170429006e-01
4.687170466715842587e-01
4.686228566637634096e-01
4.688633876642313569e-01
4.690802206639437255e-01
4.687070265962035576e-01
4.687628917392661076e-01
4.690221504806319497e-01
4.688010688491907052e-01
4.682701327045702966e-01
4.688649736513215149e-01
4.682987189776098846e-01
4.687641343522944704e-01
4.687806488556680584e-01
4.692469336948552061e-01
4.689218895167654999e-01
4.691869142501129408e-01
4.687074056848836712e-01
4.688983577071915154e-01
4.690875672384632322e-01
4.691223907183277309e-01
4.686959817224474190e-01
4.690271542705188867e-01
4.689265403129876386e-01
4.688358429321159426e-01
4.689687682376450506e-01
4.688000847765344536e-01
4.690287447740561499e-01
4.692229132664615943e-01
4.689300994467230921e-01
4.692759632892876676e-01
4.691587046758475266e-01
4.693020535374909930e-01
4.691567578108850056e-01
4.695123080203116861e-01
4.695316529358169455e-01
4.695432686891702345e-01
4.696139005122061949e-01
4.693025348110966277e-01
4.693011454484766198e-01
4.695854643189128486e-01
4.692103452892176785e-01
4.699748111309474119e-01
4.694416991358814628e-01
4.696022770977812955e-01
4.698998687025301990e-01
4.700107736569302253e-01
4.696864154189435148e-01
4.697766048238701808e-01
4.699462434177618664e-01
4.700089571150760093e-01
4.701013974978603960e-01
4.701607119330238338e-01
4.703068158722844561e-01
4.697697368643658500e-01
4.705480176742141696e-01
4.700123156868605268e-01
4.703876387535385062e-01
4.702006571038863658e-01
4.703445689802768226e-01
4.703372987154934570e-01
4.704819036609890204e-01
4.706527180829647161e-01
4.705231426182845400e-01
4.708005306201268336e-01
4.706363300111391368e-01
4.705222339273700816e-01
4.706098675264502318e-01
4.707929448980601173e-01
4.707510900426416511e-01
4.706988434010298539e-01
4.704489961567237533e-01
4.705046905393430734e-01
4.706359310329533141e-01
4.706187861254444438e-01
4.704817226950212539e-01
4.709192836813965166e-01
4.707593831032960696e-01
4.706629946552320920e-01
4.705538606221131848e-01
4.702779697296725070e-01
4.707267349902216624e-01
4.705307275883455209e-01
4.709287570934029832e-01
4.707720895909050518e-01
4.707329865922454948e-01
4.706268645278174345e-01
4.707845084946308267e-01
4.708450676427805015e-01
4.704696349553040835e-01
4.703562138587951136e-01
4.705933049222931208e-01
4.704916187248308068e-01
4.703783619613550737e-01
4.703250450555976347e-01
4.702206932253446547e-01
4.704941675078413987e-01
4.703093163267543231e-01
4.704703073853181428e-01
4.703909246644913389e-01
4.703225665375312947e-01
4.704864962925842109e-01
4.706171356467847011e-01
4.706108029288599837e-01
4.707665563129643793e-01
4.710389089766208182e-01
4.708599493855635254e-01
4.709346900346335074e-01
4.710671308661585899e-01
4.715490380566749740e-01
4.713534560635653237e-01
4.718798618826507418e-01
4.718975723844361370e-01
4.720612692047504444e-01
4.723973978520368822e-01
4.725119362524620170e-01
4.730108685713125816e-01
4.732218353812689404e-01
4.731442422740619880e-01
4.736027778798638788e-01
4.736778059668482754e-01
4.742153742207399492e-01
4.744615904643818549e-01
4.747343330939979844e-01
4.748770476630562176e-01
4.753159408552415921e-01
4.756163083271322534e-01
4.759556163980435128e-01
4.762216417614801856e-01
4.763993121643312345e-01
4.765481762990417813e-01
4.768488339658903952e-01
4.768115238868829708e-01
4.772859016211258298e-01
4.773834607766631599e-01
4.775655924565716526e-01
4.779980964558940837e-01
4.782216407493403709e-01
4.782542697068999926e-01
4.783461798342520943e-01
4.787949559782689879e-01
4.789436218982283111e-01
4.788498108018295896e-01
4.789591634888267779e-01
4.794628775583271718e-01
4.793254492365940922e-01
4.793016256007962550e-01
4.794330475424243287e-01
4.793964232385538593e-01
4.796628956762502560e-01
4.797086171366005680e-01
4.798574481881127674e-01
4.797083643121397567e-01
4.797144003739085005e-01
4.797028324228075347e-01
4.798374801070498519e-01
4.797994371601492225e-01
4.798986362164677222e-01
4.797302465574023733e-01
4.799975238187911275e-01
4.800183470790332363e-01
4.799686091325246484e-01
4.800862195398492016e-01
4.800402814742242286e-01
4.799103349646951511e-01
4.800783936328774093e-01
4.799122646946593629e-01
4.799446181974241221e-01
4.801863722801403833e-01
4.799015895601811410e-01
4.801652703118450272e-01
4.801248468961328841e-01
4.800226859322040962e-01
4.801786788751312707e-01
4.801886646862115748e-01
4.802906331633501891e-01
4.799792751415595249e-01
4.803865402109087079e-01
4.802147785901762500e-01
4.804526919767942994e-01
4.799784849172918366e-01
4.801363492493685436e-01
4.803472823038208994e-01
4.802671263606787533e-01
4.800444935030910854e-01
4.799874456789863242e-01
4.801080844992911545e-01
4.800925581496739425e-01
4.803314130175381780e-01
4.803366879650971533e-01
4.805342388027641909e-01
4.804427566352780787e-01
4.803418932352244708e-01
4.802663521921720080e-01
4.801610234096760355e-01
4.802419958591860882e-01
4.802944821393057562e-01
4.803305210604006392e-01
4.805304665294890532e-01
4.804585796186833235e-01
4.803091171726385222e-01
4.800689022754703883e-01
4.802788593487490876e-01
4.803154445562467512e-01
4.802626232056049771e-01
4.801516751474924627e-01
4.799560691284515124e-01
4.798691975736692483e-01
4.805815213129753238e-01
4.800430801981578899e-01
4.795026351974835399e-01
4.796477896690356513e-01
4.795546234219125736e-01
4.793968880882430450e-01
4.790914147570912163e-01
4.784471592359699765e-01
4.784083539258660034e-01
4.777691767529214095e-01
4.781474573359482116e-01
4.779476212014667214e-01
4.775177392792887554e-01
4.769659224530525821e-01
4.772243434025523201e-01
4.759116418959122297e-01
4.759088404311565546e-01
4.758376257430666501e-01
4.755875525533791448e-01
4.745789465251003536e-01
4.746276361443907410e-01
4.742247643642263921e-01
4.735881819527357761e-01
4.736299592572147388e-01
4.737138784623807775e-01
4.725321043863225379e-01
4.726898423643149383e-01
4.721847381856472126e-01
4.714880401632287055e-01
4.718395738623692992e-01
4.712774495633392791e-01
4.714898588284773262e-01
4.706077376091142850e-01
4.702338332128289111e-01
4.703092014211400773e-01
4.698963970789726274e-01
4.695779365496476898e-01
4.693694945274862196e-01
4.690825328298858232e-01
4.688025287007980824e-01
4.688885039578687408e-01
4.690272933734383476e-01
4.683372524007105575e-01
4.688931569090983853e-01
4.686019724769764361e-01
4.687217805891042421e-01
4.684859888349620083e-01
4.678443987858627584e-01
4.679671798829502238e-01
4.680458104983635792e-01
4.676298355063245316e-01
4.679715205220353336e-01
4.675942425378956657e-01
4.676927813243360044e-01
4.670850848791291976e-01
4.675896215548830948e-01
4.676861952245635057e-01
nan
nan
